1 0 0
0.996064 0.0628 0.01
0.988184 0.125351 0.02
0.976369 0.187404 0.03
0.960643 0.248705 0.04
0.941048 0.309005 0.05
0.917641 0.368053 0.06
0.890498 0.425602 0.07
0.859709 0.481409 0.08
0.825382 0.535236 0.09
0.787644 0.58685 0.1
0.746634 0.636026 0.11
0.70251 0.682549 0.12
0.655444 0.726214 0.13
0.605623 0.766826 0.14
0.553247 0.804204 0.15
0.498529 0.838178 0.16
0.441697 0.868596 0.17
0.382986 0.89532 0.18
0.322643 0.918229 0.19
0.260922 0.937217 0.2
0.198087 0.9522 0.21
0.134404 0.96311 0.22
0.0701456 0.969897 0.23
0.00558722 0.972535 0.24
-0.0589951 0.971011 0.25
-0.123325 0.965337 0.26
-0.187129 0.955541 0.27
-0.250134 0.941671 0.28
-0.312076 0.923794 0.29
-0.372693 0.901997 0.3
-0.431732 0.87638 0.31
-0.488948 0.847065 0.32
-0.544108 0.814186 0.33
-0.596988 0.777895 0.34
-0.647376 0.738358 0.35
-0.695073 0.695751 0.36
-0.739894 0.650265 0.37
-0.781668 0.602102 0.38
-0.82024 0.551472 0.39
-0.855468 0.498594 0.4
-0.887227 0.443694 0.41
-0.91541 0.387006 0.42
-0.939922 0.328765 0.43
-0.960687 0.269215 0.44
-0.977645 0.208597 0.45
-0.99075 0.147157 0.46
-0.999975 0.0851409 0.47
-1.00531 0.0227932 0.48
-1.00674 -0.0396427 0.49
-1.00431 -0.101926 0.5
-0.99803 -0.163819 0.51
-0.987954 -0.225089 0.52
-0.97414 -0.285508 0.53
-0.95666 -0.344852 0.54
-0.935599 -0.402905 0.55
-0.911054 -0.459457 0.56
-0.883132 -0.514307 0.57
-0.851954 -0.567261 0.58
-0.817648 -0.618131 0.59
-0.780353 -0.666742 0.6
-0.740217 -0.712926 0.61
-0.697396 -0.756524 0.62
-0.652055 -0.797388 0.63
-0.604366 -0.83538 0.64
-0.554505 -0.870372 0.65
-0.502659 -0.902246 0.66
-0.449016 -0.930896 0.67
-0.393773 -0.956226 0.68
-0.337127 -0.978153 0.69
-0.279283 -0.996603 0.7
-0.220448 -1.01151 0.71
-0.16083 -1.02284 0.72
-0.100642 -1.03053 0.73
-0.0400967 -1.03457 0.74
0.0205906 -1.03494 0.75
0.0812048 -1.03163 0.76
0.141531 -1.02467 0.77
0.201353 -1.01405 0.78
0.260458 -0.999826 0.79
0.318633 -0.982031 0.8
0.375668 -0.960723 0.81
0.431357 -0.93597 0.82
0.485493 -0.90785 0.83
0.537878 -0.876455 0.84
0.588316 -0.841887 0.85
0.636617 -0.80426 0.86
0.682595 -0.763699 0.87
0.726073 -0.720341 0.88
0.766879 -0.674333 0.89
0.80485 -0.625831 0.9
0.839832 -0.575005 0.91
0.871678 -0.522033 0.92
0.900253 -0.467101 0.93
0.925432 -0.410406 0.94
0.947099 -0.352155 0.95
0.965152 -0.29256 0.96
0.979502 -0.231842 0.97
0.990072 -0.17023 0.98
0.996797 -0.107956 0.99
0.99963 -0.0452614 1
0.998535 0.0176114 1.01
0.993496 0.0804146 1.02
0.984507 0.142898 1.03
0.971582 0.204811 1.04
0.954751 0.265899 1.05
0.93406 0.325913 1.06
0.909572 0.384602 1.07
0.881367 0.441719 1.08
0.849542 0.497022 1.09
0.81421 0.550274 1.1
0.775502 0.601243 1.11
0.733564 0.649708 1.12
0.688557 0.695456 1.13
0.640659 0.738284 1.14
0.590062 0.778 1.15
0.536971 0.814428 1.16
0.481603 0.847404 1.17
0.424188 0.876778 1.18
0.364967 0.902418 1.19
0.304188 0.924207 1.2
0.24211 0.942048 1.21
0.178997 0.95586 1.22
0.115117 0.965582 1.23
0.0507452 0.971171 1.24
-0.013844 0.972605 1.25
-0.0783741 0.96988 1.26
-0.142569 0.963012 1.27
-0.206156 0.952036 1.28
-0.268866 0.937007 1.29
-0.330433 0.917997 1.3
-0.3906 0.895096 1.31
-0.449117 0.868414 1.32
-0.505742 0.838075 1.33
-0.560245 0.804219 1.34
-0.612406 0.767002 1.35
-0.662018 0.726592 1.36
-0.708887 0.68317 1.37
-0.752832 0.636932 1.38
-0.793687 0.588079 1.39
-0.831301 0.536824 1.4
-0.865539 0.48339 1.41
-0.896281 0.428002 1.42
-0.923422 0.370896 1.43
-0.946875 0.312308 1.44
-0.966568 0.25248 1.45
-0.982445 0.191655 1.46
-0.994466 0.130078 1.47
-1.00261 0.0679932 1.48
-1.00686 0.00564486 1.49
-1.00723 -0.0567253 1.5
-1.00374 -0.118878 1.51
-0.996418 -0.180577 1.52
-0.985323 -0.241592 1.53
-0.970513 -0.301696 1.54
-0.952064 -0.360669 1.55
-0.930063 -0.418297 1.56
-0.90461 -0.474372 1.57
-0.875816 -0.528694 1.58
-0.843802 -0.581073 1.59
-0.808698 -0.631325 1.6
-0.770647 -0.679275 1.61
-0.729797 -0.724759 1.62
-0.686307 -0.76762 1.63
-0.640342 -0.807713 1.64
-0.592075 -0.844903 1.65
-0.541685 -0.879064 1.66
-0.489359 -0.910081 1.67
-0.435286 -0.937851 1.68
-0.379663 -0.96228 1.69
-0.32269 -0.983288 1.7
-0.26457 -1.0008 1.71
-0.205512 -1.01477 1.72
-0.145724 -1.02513 1.73
-0.0854202 -1.03186 1.74
-0.0248131 -1.03493 1.75
0.035882 -1.03432 1.76
0.0964498 -1.03004 1.77
0.156675 -1.0221 1.78
0.216342 -1.01053 1.79
0.275237 -0.995342 1.8
0.333148 -0.976601 1.81
0.389866 -0.95436 1.82
0.445183 -0.92869 1.83
0.498895 -0.899673 1.84
0.550804 -0.867403 1.85
0.600713 -0.831986 1.86
0.648435 -0.793537 1.87
0.693784 -0.752186 1.88
0.736585 -0.708071 1.89
0.776666 -0.661343 1.9
0.813868 -0.612163 1.91
0.848037 -0.560701 1.92
0.879028 -0.507138 1.93
0.906709 -0.451665 1.94
0.930956 -0.394482 1.95
0.951657 -0.335797 1.96
0.968714 -0.275825 1.97
0.982039 -0.214791 1.98
0.991559 -0.152925 1.99
0.997214 -0.0904622 2
0.998959 -0.0276451 2.01
0.996765 0.0352811 2.02
0.990616 0.0980673 2.03
0.980515 0.160462 2.04
0.966479 0.222213 2.05
0.948543 0.283067 2.06
0.926758 0.342773 2.07
0.901192 0.40108 2.08
0.87193 0.457743 2.09
0.839075 0.512519 2.1
0.802746 0.565173 2.11
0.763078 0.615476 2.12
0.720223 0.663209 2.13
0.674348 0.70816 2.14
0.625634 0.750131 2.15
0.574279 0.788934 2.16
0.520491 0.824396 2.17
0.464493 0.856357 2.18
0.406517 0.884673 2.19
0.346809 0.909216 2.2
0.285619 0.929877 2.21
0.223208 0.946562 2.22
0.159842 0.959197 2.23
0.0957922 0.967727 2.24
0.0313323 0.972115 2.25
-0.0332617 0.972346 2.26
-0.0977135 0.968422 2.27
-0.161748 0.960364 2.28
-0.225094 0.948215 2.29
-0.287483 0.932035 2.3
-0.348652 0.911901 2.31
-0.408347 0.887911 2.32
-0.46632 0.860177 2.33
-0.522334 0.828829 2.34
-0.576161 0.794013 2.35
-0.627588 0.755886 2.36
-0.676409 0.714622 2.37
-0.722436 0.670407 2.38
-0.765493 0.623435 2.39
-0.805419 0.573913 2.4
-0.842068 0.522056 2.41
-0.87531 0.468086 2.42
-0.905028 0.412232 2.43
-0.931125 0.354729 2.44
-0.953517 0.295815 2.45
-0.972137 0.23573 2.46
-0.986935 0.174718 2.47
-0.997874 0.113023 2.48
-1.00494 0.0508893 2.49
-1.00811 -0.0114414 2.5
-1.00742 -0.073728 2.51
-1.00288 -0.135733 2.52
-0.994528 -0.197223 2.53
-0.982422 -0.257967 2.54
-0.966625 -0.317743 2.55
-0.947217 -0.376332 2.56
-0.924287 -0.433521 2.57
-0.897937 -0.489106 2.58
-0.868281 -0.542891 2.59
-0.835442 -0.594685 2.6
-0.799553 -0.644308 2.61
-0.760757 -0.691589 2.62
-0.719205 -0.736364 2.63
-0.675057 -0.778482 2.64
-0.62848 -0.817798 2.65
-0.579648 -0.85418 2.66
-0.528741 -0.887504 2.67
-0.475946 -0.91766 2.68
-0.421456 -0.944545 2.69
-0.365465 -0.96807 2.7
-0.308177 -0.988155 2.71
-0.249794 -1.00473 2.72
-0.190525 -1.01775 2.73
-0.13058 -1.02715 2.74
-0.0701724 -1.03291 2.75
-0.00951569 -1.03501 2.76
0.0511748 -1.03343 2.77
0.111683 -1.02818 2.78
0.171795 -1.01927 2.79
0.231293 -1.00672 2.8
0.289966 -0.990583 2.81
0.3476 -0.970897 2.82
0.403987 -0.947725 2.83
0.458919 -0.921142 2.84
0.512194 -0.891232 2.85
0.563612 -0.858091 2.86
0.61298 -0.821829 2.87
0.660109 -0.782564 2.88
0.704816 -0.740429 2.89
0.746926 -0.695565 2.9
0.78627 -0.648126 2.91
0.822689 -0.598276 2.92
0.856031 -0.546188 2.93
0.886155 -0.492046 2.94
0.912929 -0.436045 2.95
0.936233 -0.378386 2.96
0.955957 -0.31928 2.97
0.972007 -0.258947 2.98
0.984297 -0.197613 2.99
0.992759 -0.13551 3
0.997335 -0.0728766 3.01
0.997986 -0.00995635 3.02
0.994686 0.0530033 3.03
0.987425 0.115752 3.04
0.976208 0.178037 3.05
0.961059 0.239605 3.06
0.942018 0.300202 3.07
0.91914 0.359577 3.08
0.8925 0.417479 3.09
0.862187 0.473664 3.1
0.82831 0.527891 3.11
0.790993 0.579926 3.12
0.750377 0.629541 3.13
0.706618 0.67652 3.14
0.659888 0.720655 3.15
0.610375 0.76175 3.16
0.558279 0.799621 3.17
0.503814 0.8341 3.18
0.447207 0.865032 3.19
0.388693 0.892276 3.2
0.32852 0.915712 3.21
0.266944 0.935234 3.22
0.204225 0.950756 3.23
0.140632 0.962208 3.24
0.0764377 0.969543 3.25
0.0119162 0.97273 3.26
-0.0526563 0.971758 3.27
-0.117004 0.966638 3.28
-0.180853 0.957396 3.29
-0.243932 0.944081 3.3
-0.305976 0.926759 3.31
-0.366725 0.905513 3.32
-0.425925 0.880445 3.33
-0.483335 0.851674 3.34
-0.538718 0.819333 3.35
-0.591853 0.783572 3.36
-0.642528 0.744555 3.37
-0.690544 0.702457 3.38
-0.735717 0.657466 3.39
-0.777875 0.609782 3.4
-0.816863 0.559612 3.41
-0.852539 0.507173 3.42
-0.884778 0.452689 3.43
-0.913469 0.396391 3.44
-0.938519 0.338512 3.45
-0.959849 0.279291 3.46
-0.977397 0.21897 3.47
-0.991117 0.157792 3.48
-1.00098 0.0959988 3.49
-1.00696 0.0338341 3.5
-1.00907 -0.0284607 3.51
-1.00732 -0.0906467 3.52
-1.00174 -0.152488 3.53
-0.992363 -0.213752 3.54
-0.979255 -0.274212 3.55
-0.962481 -0.333645 3.56
-0.942122 -0.391836 3.57
-0.918273 -0.448575 3.58
-0.891037 -0.503659 3.59
-0.86053 -0.556895 3.6
-0.826877 -0.608094 3.61
-0.790214 -0.65708 3.62
-0.750685 -0.703683 3.63
-0.708443 -0.747743 3.64
-0.663649 -0.78911 3.65
-0.616472 -0.827642 3.66
-0.567086 -0.86321 3.67
-0.515675 -0.895693 3.68
-0.462424 -0.924983 3.69
-0.407527 -0.95098 3.7
-0.351182 -0.973596 3.71
-0.29359 -0.992755 3.72
-0.234956 -1.00839 3.73
-0.175488 -1.02045 3.74
-0.115399 -1.02889 3.75
-0.0548998 -1.03369 3.76
0.00579404 -1.03481 3.77
0.0664673 -1.03226 3.78
0.126904 -1.02603 3.79
0.186889 -1.01615 3.8
0.246206 -1.00264 3.81
0.304643 -0.985547 3.82
0.361988 -0.964918 3.83
0.41803 -0.940819 3.84
0.472564 -0.913325 3.85
0.525388 -0.882525 3.86
0.576302 -0.848518 3.87
0.625114 -0.811416 3.88
0.671637 -0.771342 3.89
0.715688 -0.728429 3.9
0.757093 -0.682824 3.91
0.795686 -0.634683 3.92
0.831309 -0.584171 3.93
0.863812 -0.531468 3.94
0.893055 -0.476759 3.95
0.91891 -0.420241 3.96
0.941259 -0.36212 3.97
0.959996 -0.30261 3.98
0.975027 -0.241931 3.99
0.986273 -0.180313 4
0.993667 -0.117991 4.01
0.997158 -0.0552049 4.02
0.996709 0.00779894 4.03
0.992297 0.0707718 4.04
0.983919 0.133462 4.05
0.971585 0.195615 4.06
0.955322 0.256978 4.07
0.935176 0.317295 4.08
0.911209 0.376316 4.09
0.883498 0.433792 4.1
0.852141 0.489477 4.11
0.81725 0.543132 4.12
0.778954 0.594524 4.13
0.737401 0.64343 4.14
0.692751 0.689635 4.15
0.645183 0.732933 4.16
0.594887 0.773134 4.17
0.542069 0.810056 4.18
0.486948 0.843536 4.19
0.429752 0.873423 4.2
0.370723 0.899584 4.21
0.31011 0.921901 4.22
0.248171 0.940276 4.23
0.18517 0.954627 4.24
0.121376 0.964892 4.25
0.0570634 0.971029 4.26
-0.00749365 0.973014 4.27
-0.0720187 0.970842 4.28
-0.136236 0.964529 4.29
-0.199874 0.95411 4.3
-0.262663 0.939637 4.31
-0.324338 0.921182 4.32
-0.384644 0.898835 4.33
-0.443329 0.872703 4.34
-0.500154 0.842909 4.35
-0.554889 0.809592 4.36
-0.607314 0.772905 4.37
-0.657222 0.733015 4.38
-0.704419 0.690102 4.39
-0.748726 0.644356 4.4
-0.789975 0.59598 4.41
-0.828016 0.545183 4.42
-0.862712 0.492183 4.43
-0.893942 0.437207 4.44
-0.921602 0.380484 4.45
-0.945603 0.32225 4.46
-0.96587 0.262745 4.47
-0.982347 0.202208 4.48
-0.994991 0.140882 4.49
-1.00378 0.0790096 4.5
-1.00869 0.0168326 4.51
-1.00974 -0.0454089 4.52
-1.00693 -0.107477 4.53
-1.00032 -0.169138 4.54
-0.989925 -0.230162 4.55
-0.975823 -0.290322 4.56
-0.958081 -0.349399 4.57
-0.936783 -0.40718 4.58
-0.912024 -0.463456 4.59
-0.883913 -0.518029 4.6
-0.852565 -0.570705 4.61
-0.81811 -0.621301 4.62
-0.780684 -0.66964 4.63
-0.740433 -0.715557 4.64
-0.697513 -0.758894 4.65
-0.652085 -0.799502 4.66
-0.604319 -0.837245 4.67
-0.554392 -0.871993 4.68
-0.502488 -0.90363 4.69
-0.448793 -0.932049 4.7
-0.393502 -0.957153 4.71
-0.336814 -0.978857 4.72
-0.278931 -0.997087 4.73
-0.220058 -1.01178 4.74
-0.160404 -1.02289 4.75
-0.100182 -1.03036 4.76
-0.039604 -1.03418 4.77
0.0211144 -1.03433 4.78
0.0817578 -1.0308 4.79
0.14211 -1.0236 4.8
0.201955 -1.01275 4.81
0.261079 -0.998283 4.82
0.319267 -0.980235 4.83
0.376308 -0.958665 4.84
0.431992 -0.93364 4.85
0.486115 -0.905239 4.86
0.538473 -0.873553 4.87
0.58887 -0.838685 4.88
0.637113 -0.800749 4.89
0.683015 -0.75987 4.9
0.726396 -0.716188 4.91
0.767083 -0.669849 4.92
0.804912 -0.621014 4.93
0.839725 -0.569852 4.94
0.871375 -0.516544 4.95
0.899725 -0.46128 4.96
0.924648 -0.404259 4.97
0.946031 -0.345689 4.98
0.963768 -0.285788 4.99
0.977772 -0.22478 5
0.987964 -0.162895 5.01
0.994283 -0.100372 5.02
0.99668 -0.0374528 5.03
0.995124 0.0256149 5.04
0.989596 0.0885804 5.05
0.980098 0.15119 5.06
0.966644 0.21319 5.07
0.949267 0.274325 5.08
0.928018 0.334341 5.09
0.902964 0.392985 5.1
0.874188 0.45001 5.11
0.841793 0.505172 5.12
0.805896 0.558232 5.13
0.766633 0.608961 5.14
0.724155 0.657136 5.15
0.67863 0.702546 5.16
0.630238 0.744988 5.17
0.579178 0.784276 5.18
0.525657 0.820232 5.19
0.4699 0.852698 5.2
0.412138 0.881527 5.21
0.352617 0.906592 5.22
0.291587 0.927781 5.23
0.229311 0.945 5.24
0.166053 0.958174 5.25
0.102084 0.967249 5.26
0.0376785 0.972186 5.27
-0.0268878 0.972969 5.28
-0.0913394 0.969599 5.29
-0.155402 0.962099 5.3
-0.218804 0.950508 5.31
-0.281277 0.934885 5.32
-0.342561 0.915309 5.33
-0.402401 0.891874 5.34
-0.460551 0.864691 5.35
-0.516772 0.83389 5.36
-0.57084 0.799613 5.37
-0.622538 0.762017 5.38
-0.671665 0.721273 5.39
-0.718031 0.677564 5.4
-0.761459 0.631084 5.41
-0.80179 0.582035 5.42
-0.838875 0.530632 5.43
-0.872585 0.477093 5.44
-0.902803 0.421645 5.45
-0.929429 0.364519 5.46
-0.952378 0.305951 5.47
-0.971583 0.24618 5.48
-0.986989 0.185447 5.49
-0.99856 0.123994 5.5
-1.00627 0.0620607 5.51
-1.01012 -0.000110613 5.52
-1.01011 -0.0622815 5.53
-1.00626 -0.124216 5.54
-0.998616 -0.185681 5.55
-0.987218 -0.246449 5.56
-0.972131 -0.306296 5.57
-0.95343 -0.365004 5.58
-0.931201 -0.422361 5.59
-0.905544 -0.478164 5.6
-0.876567 -0.532213 5.61
-0.84439 -0.58432 5.62
-0.809144 -0.634303 5.63
-0.770966 -0.681987 5.64
-0.730005 -0.72721 5.65
-0.686417 -0.769816 5.66
-0.640367 -0.80966 5.67
-0.592025 -0.846606 5.68
-0.541568 -0.88053 5.69
-0.489182 -0.911315 5.7
-0.435055 -0.938858 5.71
-0.379383 -0.963065 5.72
-0.322364 -0.983853 5.73
-0.264201 -1.00115 5.74
-0.205101 -1.0149 5.75
-0.145274 -1.02505 5.76
-0.0849308 -1.03156 5.77
-0.0242867 -1.03441 5.78
0.0364439 -1.03358 5.79
0.0970447 -1.02907 5.8
0.1573 -1.0209 5.81
0.216993 -1.00908 5.82
0.275909 -0.993647 5.83
0.333834 -0.974647 5.84
0.390558 -0.952138 5.85
0.445871 -0.92619 5.86
0.499568 -0.896885 5.87
0.551448 -0.864317 5.88
0.601313 -0.828592 5.89
0.648973 -0.789827 5.9
0.69424 -0.748151 5.91
0.736938 -0.703705 5.92
0.776893 -0.656641 5.93
0.813943 -0.607122 5.94
0.847932 -0.555319 5.95
0.878717 -0.501418 5.96
0.906161 -0.44561 5.97
0.930141 -0.388099 5.98
0.950545 -0.329096 5.99
0.967273 -0.26882 6
0.980237 -0.207498 6.01
0.989367 -0.145365 6.02
0.994602 -0.0826589 6.03
0.995898 -0.0196259 6.04
0.993229 0.0434854 6.05
0.986582 0.106422 6.06
0.97596 0.168931 6.07
0.961385 0.230755 6.08
0.942895 0.291639 6.09
0.920545 0.35133 6.1
0.894407 0.409575 6.11
0.864572 0.466126 6.12
0.831146 0.520742 6.13
0.794253 0.573186 6.14
0.754034 0.623229 6.15
0.710645 0.670652 6.16
0.664258 0.715246 6.17
0.61506 0.756813 6.18
0.563252 0.79517 6.19
0.509049 0.830144 6.2
0.452677 0.86158 6.21
0.394372 0.889339 6.22
0.334381 0.913296 6.23
0.27296 0.933347 6.24
0.210371 0.949403 6.25
0.146882 0.961396 6.26
0.0827642 0.969276 6.27
0.0182927 0.973013 6.28
-0.046257 0.972595 6.29
-0.110609 0.968031 6.3
-0.174491 0.959348 6.31
-0.237632 0.946593 6.32
-0.299767 0.929831 6.33
-0.360637 0.909144 6.34
-0.41999 0.884633 6.35
-0.477583 0.856414 6.36
-0.533183 0.824621 6.37
-0.586566 0.789401 6.38
-0.637522 0.750914 6.39
-0.685853 0.709335 6.4
-0.731374 0.66485 6.41
-0.773914 0.617655 6.42
-0.813317 0.567956 6.43
-0.84944 0.515966 6.44
-0.882158 0.461909 6.45
-0.911359 0.40601 6.46
-0.936948 0.348501 6.47
-0.958845 0.28962 6.48
-0.976987 0.229604 6.49
-0.991324 0.168695 6.5
-1.00182 0.107132 6.51
-1.00847 0.0451567 6.52
-1.01125 -0.0169912 6.53
-1.01019 -0.0790744 6.54
-1.00531 -0.140858 6.55
-0.996641 -0.202113 6.56
-0.984243 -0.26261 6.57
-0.96818 -0.32213 6.58
-0.948529 -0.380455 6.59
-0.92538 -0.437378 6.6
-0.898834 -0.492695 6.61
-0.869003 -0.546211 6.62
-0.836007 -0.597739 6.63
-0.79998 -0.647099 6.64
-0.761062 -0.69412 6.65
-0.719402 -0.738641 6.66
-0.675159 -0.780509 6.67
-0.628497 -0.819582 6.68
-0.57959 -0.855726 6.69
-0.528616 -0.888818 6.7
-0.47576 -0.918747 6.71
-0.421213 -0.94541 6.72
-0.36517 -0.968716 6.73
-0.307832 -0.988584 6.74
-0.249402 -1.00495 6.75
-0.190087 -1.01775 6.76
-0.130098 -1.02693 6.77
-0.0696474 -1.03248 6.78
-0.0089493 -1.03435 6.79
0.0517806 -1.03255 6.8
0.112326 -1.02707 6.81
0.172471 -1.01792 6.82
0.231998 -1.00513 6.83
0.290693 -0.988733 6.84
0.348343 -0.968782 6.85
0.404737 -0.945336 6.86
0.459665 -0.918468 6.87
0.512922 -0.888262 6.88
0.564309 -0.854816 6.89
0.613629 -0.818239 6.9
0.66069 -0.778651 6.91
0.705309 -0.736184 6.92
0.747309 -0.690983 6.93
0.786518 -0.643203 6.94
0.822776 -0.593008 6.95
0.855928 -0.540575 6.96
0.885834 -0.486092 6.97
0.912359 -0.429754 6.98
0.935383 -0.371767 6.99
0.954797 -0.312344 7
0.970504 -0.251709 7.01
0.982421 -0.190092 7.02
0.990478 -0.127727 7.03
0.994621 -0.0648574 7.04
0.994811 -0.00173011 7.05
0.991023 0.0614041 7.06
0.983251 0.124291 7.07
0.971504 0.186676 7.08
0.955807 0.248302 7.09
0.936204 0.308913 7.1
0.912756 0.368255 7.11
0.88554 0.426078 7.12
0.854651 0.482133 7.13
0.820203 0.53618 7.14
0.782324 0.587984 7.15
0.74116 0.637319 7.16
0.696873 0.683969 7.17
0.649641 0.727728 7.18
0.599654 0.768402 7.19
0.547119 0.80581 7.2
0.492253 0.839786 7.21
0.435287 0.870178 7.22
0.376462 0.896853 7.23
0.316026 0.919693 7.24
0.254238 0.938597 7.25
0.191362 0.953484 7.26
0.127667 0.964291 7.27
0.0634268 0.970974 7.28
-0.00108483 0.973511 7.29
-0.0655918 0.971894 7.3
-0.12982 0.96614 7.31
-0.193496 0.956281 7.32
-0.256352 0.94237 7.33
-0.318125 0.924477 7.34
-0.378559 0.902691 7.35
-0.437404 0.877118 7.36
-0.49442 0.847878 7.37
-0.549379 0.815109 7.38
-0.602062 0.778962 7.39
-0.652261 0.739603 7.4
-0.699783 0.697208 7.41
-0.744448 0.651966 7.42
-0.786089 0.604077 7.43
-0.824555 0.553747 7.44
-0.859709 0.501193 7.45
-0.891429 0.446637 7.46
-0.919609 0.390308 7.47
-0.944159 0.332438 7.48
-0.965004 0.273263 7.49
-0.982083 0.213022 7.5
-0.995354 0.151955 7.51
-1.00479 0.0903018 7.52
-1.01037 0.0283025 7.53
-1.0121 -0.0338048 7.54
-1.00999 -0.0957839 7.55
-1.00407 -0.157402 7.56
-0.994393 -0.21843 7.57
-0.981003 -0.278643 7.58
-0.963973 -0.337822 7.59
-0.943382 -0.395753 7.6
-0.919322 -0.452228 7.61
-0.891898 -0.507049 7.62
-0.861222 -0.560021 7.63
-0.827418 -0.61096 7.64
-0.790621 -0.659688 7.65
-0.750974 -0.706037 7.66
-0.708626 -0.749849 7.67
-0.663738 -0.790972 7.68
-0.616477 -0.829267 7.69
-0.567016 -0.864602 7.7
-0.515536 -0.896859 7.71
-0.462222 -0.925926 7.72
-0.407266 -0.951704 7.73
-0.350866 -0.974104 7.74
-0.29322 -0.99305 7.75
-0.234535 -1.00847 7.76
-0.175017 -1.02032 7.77
-0.114879 -1.02855 7.78
-0.054333 -1.03312 7.79
0.00640639 -1.03402 7.8
0.067123 -1.03124 7.81
0.1276 -1.02478 7.82
0.187621 -1.01466 7.83
0.24697 -1.0009 7.84
0.305431 -0.98354 7.85
0.362792 -0.96264 7.86
0.418841 -0.938259 7.87
0.473369 -0.910474 7.88
0.526174 -0.879371 7.89
0.577053 -0.845051 7.9
0.625813 -0.807627 7.91
0.672262 -0.767222 7.92
0.716219 -0.723972 7.93
0.757506 -0.678023 7.94
0.795955 -0.629534 7.95
0.831406 -0.578674 7.96
0.863709 -0.525623 7.97
0.892722 -0.47057 7.98
0.918316 -0.413714 7.99
0.940372 -0.355265 8
0.958785 -0.295438 8.01
0.97346 -0.234461 8.02
0.984319 -0.172564 8.03
0.991295 -0.109987 8.04
0.994339 -0.0469729 8.05
0.993415 0.0162283 8.06
0.988504 0.0793644 8.07
0.979605 0.14218 8.08
0.96673 0.204419 8.09
0.949911 0.265824 8.1
0.929196 0.326139 8.11
0.904653 0.385109 8.12
0.876363 0.442485 8.13
0.844429 0.498021 8.14
0.808967 0.551476 8.15
0.770112 0.602619 8.16
0.728017 0.651226 8.17
0.682847 0.697082 8.18
0.634785 0.739986 8.19
0.584027 0.779747 8.2
0.530783 0.81619 8.21
0.475276 0.849152 8.22
0.417739 0.878487 8.23
0.358416 0.904067 8.24
0.29756 0.925778 8.25
0.23543 0.943528 8.26
0.172293 0.95724 8.27
0.108419 0.966857 8.28
0.044081 0.972343 8.29
-0.0204447 0.973679 8.3
-0.0848833 0.970867 8.31
-0.148961 0.963927 8.32
-0.212407 0.952899 8.33
-0.274954 0.937841 8.34
-0.336343 0.918828 8.35
-0.396318 0.895956 8.36
-0.454635 0.869334 8.37
-0.511056 0.839088 8.38
-0.565357 0.805359 8.39
-0.617322 0.768304 8.4
-0.666749 0.728091 8.41
-0.713449 0.684899 8.42
-0.757247 0.638921 8.43
-0.79798 0.590357 8.44
-0.835501 0.539417 8.45
-0.86968 0.486319 8.46
-0.900398 0.431285 8.47
-0.927554 0.374546 8.48
-0.951064 0.316334 8.49
-0.970855 0.256886 8.5
-0.986873 0.196439 8.51
-0.999079 0.135233 8.52
-1.00745 0.0735082 8.53
-1.01197 0.0115023 8.54
-1.01265 -0.0505474 8.55
-1.0095 -0.112406 8.56
-1.00256 -0.173843 8.57
-0.991874 -0.23463 8.58
-0.977501 -0.294544 8.59
-0.959513 -0.353369 8.6
-0.937991 -0.410893 8.61
-0.91303 -0.46691 8.62
-0.884737 -0.521224 8.63
-0.853227 -0.573642 8.64
-0.818626 -0.623982 8.65
-0.78107 -0.67207 8.66
-0.740704 -0.717739 8.67
-0.69768 -0.760833 8.68
-0.652159 -0.801204 8.69
-0.604309 -0.838715 8.7
-0.554306 -0.873236 8.71
-0.502331 -0.904651 8.72
-0.448571 -0.932851 8.73
-0.393218 -0.95774 8.74
-0.336471 -0.979231 8.75
-0.27853 -0.997249 8.76
-0.219602 -1.01173 8.77
-0.159894 -1.02262 8.78
-0.0996187 -1.02988 8.79
-0.0389894 -1.03349 8.8
0.0217787 -1.03341 8.81
0.0824692 -1.02965 8.82
0.142865 -1.02221 8.83
0.202749 -1.01111 8.84
0.261906 -0.996384 8.85
0.32012 -0.978069 8.86
0.377177 -0.956221 8.87
0.432868 -0.930908 8.88
0.486983 -0.902207 8.89
0.53932 -0.870211 8.9
0.589678 -0.835022 8.91
0.637863 -0.796757 8.92
0.683686 -0.755541 8.93
0.726965 -0.711514 8.94
0.767526 -0.664826 8.95
0.8052 -0.615638 8.96
0.839831 -0.564123 8.97
0.87127 -0.510464 8.98
0.899378 -0.454853 8.99
0.924028 -0.397493 9
0.945104 -0.338597 9.01
0.962503 -0.278382 9.02
0.976137 -0.217079 9.03
0.985927 -0.154921 9.04
0.991815 -0.0921498 9.05
0.993752 -0.0290115 9.06
0.991708 0.034243 9.07
0.98567 0.0973596 9.08
0.97564 0.160082 9.09
0.961636 0.222152 9.1
0.943695 0.283313 9.11
0.921871 0.343308 9.12
0.896237 0.401884 9.13
0.866879 0.45879 9.14
0.833906 0.513783 9.15
0.79744 0.566624 9.16
0.757622 0.617084 9.17
0.714608 0.664939 9.18
0.66857 0.709982 9.19
0.619696 0.752012 9.2
0.568185 0.790843 9.21
0.514253 0.826304 9.22
0.458126 0.858237 9.23
0.400041 0.886503 9.24
0.340244 0.910976 9.25
0.278992 0.93155 9.26
0.216545 0.948138 9.27
0.153172 0.96067 9.28
0.0891446 0.969095 9.29
0.0247362 0.973382 9.3
-0.0397776 0.97352 9.31
-0.104122 0.969515 9.32
-0.168025 0.961395 9.33
-0.231216 0.949206 9.34
-0.293431 0.933009 9.35
-0.354413 0.912889 9.36
-0.413908 0.888943 9.37
-0.471677 0.861286 9.38
-0.527484 0.830049 9.39
-0.58111 0.795378 9.4
-0.632342 0.757432 9.41
-0.680984 0.716383 9.42
-0.72685 0.672414 9.43
-0.769769 0.625719 9.44
-0.809585 0.5765 9.45
-0.846155 0.524971 9.46
-0.879352 0.471349 9.47
-0.909064 0.415859 9.48
-0.935194 0.35873 9.49
-0.957661 0.300197 9.5
-0.976399 0.240494 9.51
-0.991358 0.179861 9.52
-1.0025 0.118535 9.53
-1.00981 0.0567556 9.54
-1.01327 -0.00523966 9.55
-1.01291 -0.0672151 9.56
-1.00873 -0.128938 9.57
-1.00077 -0.190177 9.58
-0.989088 -0.250709 9.59
-0.97374 -0.310312 9.6
-0.954802 -0.36877 9.61
-0.932358 -0.425874 9.62
-0.906506 -0.481422 9.63
-0.877354 -0.535217 9.64
-0.84502 -0.587071 9.65
-0.809632 -0.636804 9.66
-0.771328 -0.684242 9.67
-0.730254 -0.729224 9.68
-0.686565 -0.771593 9.69
-0.640422 -0.811206 9.7
-0.591995 -0.847925 9.71
-0.541461 -0.881627 9.72
-0.489003 -0.912194 9.73
-0.434808 -0.939522 9.74
-0.37907 -0.963517 9.75
-0.321988 -0.984095 9.76
-0.263764 -1.00118 9.77
-0.204604 -1.01472 9.78
-0.144718 -1.02465 9.79
-0.0843181 -1.03095 9.8
-0.0236181 -1.03357 9.81
0.037166 -1.03252 9.82
0.0978174 -1.02778 9.83
0.158119 -1.01936 9.84
0.217853 -1.00729 9.85
0.276804 -0.991592 9.86
0.334756 -0.972318 9.87
0.391497 -0.949525 9.88
0.446815 -0.923281 9.89
0.500502 -0.893669 9.9
0.552357 -0.860783 9.91
0.602179 -0.82473 9.92
0.649775 -0.785628 9.93
0.694957 -0.743608 9.94
0.737544 -0.698812 9.95
0.777364 -0.651393 9.96
0.81425 -0.601516 9.97
0.848047 -0.549357 9.98
0.878608 -0.495101 9.99
