-1 0 1.17998e+26 0 6.28616
-0.99606 0.0628616 1.18461e+26 0.01 6.28616
-0.988171 0.125483 1.18955e+26 0.02 6.28703
-0.976335 0.18762 1.19478e+26 0.03 6.28878
-0.960566 0.249028 1.2003e+26 0.04 6.29138
-0.940892 0.30946 1.2061e+26 0.05 6.29484
-0.917354 0.368666 1.21218e+26 0.06 6.29912
-0.890005 0.426396 1.21853e+26 0.07 6.30419
-0.858917 0.4824 1.22515e+26 0.08 6.30999
-0.824173 0.536425 1.23203e+26 0.09 6.31647
-0.785873 0.588222 1.23916e+26 0.1 6.32354
-0.744134 0.63754 1.24654e+26 0.11 6.33112
-0.69909 0.684135 1.25416e+26 0.12 6.3391
-0.650892 0.72776 1.262e+26 0.13 6.34735
-0.59971 0.768179 1.27006e+26 0.14 6.35573
-0.545732 0.805156 1.27832e+26 0.15 6.36408
-0.489168 0.838466 1.28675e+26 0.16 6.37223
-0.430244 0.867892 1.29533e+26 0.17 6.37999
-0.36921 0.893228 1.30404e+26 0.18 6.38715
-0.306334 0.914279 1.31285e+26 0.19 6.39349
-0.241906 0.930868 1.32171e+26 0.2 6.39876
-0.176234 0.942833 1.3306e+26 0.21 6.40272
-0.109646 0.950032 1.33947e+26 0.22 6.4051
-0.0424915 0.952348 1.34826e+26 0.23 6.40565
0.0248665 0.949686 1.35694e+26 0.24 6.40408
0.0920473 0.941979 1.36544e+26 0.25 6.40013
0.158657 0.929194 1.3737e+26 0.26 6.39352
0.22429 0.911326 1.38166e+26 0.27 6.38399
0.288534 0.88841 1.38926e+26 0.28 6.37131
0.350971 0.860516 1.39643e+26 0.29 6.35523
0.411182 0.827753 1.40311e+26 0.3 6.33557
0.468753 0.790271 1.40923e+26 0.31 6.31215
0.523278 0.748262 1.41473e+26 0.32 6.28485
0.574364 0.701958 1.41956e+26 0.33 6.25359
0.621637 0.65163 1.42364e+26 0.34 6.21833
0.664745 0.59759 1.42695e+26 0.35 6.17911
0.703367 0.540185 1.42943e+26 0.36 6.13602
0.737214 0.479796 1.43106e+26 0.37 6.0892
0.766033 0.416833 1.43181e+26 0.38 6.03889
0.789615 0.35173 1.43167e+26 0.39 5.98536
0.807793 0.284943 1.43064e+26 0.4 5.92896
0.820446 0.216939 1.42872e+26 0.41 5.87012
0.827503 0.148197 1.42594e+26 0.42 5.80931
0.828939 0.0791965 1.42233e+26 0.43 5.74704
0.824776 0.0104136 1.41792e+26 0.44 5.68388
0.815082 -0.0576833 1.41277e+26 0.45 5.62043
0.799971 -0.12464 1.40692e+26 0.46 5.55733
0.779596 -0.190022 1.40045e+26 0.47 5.4952
0.754149 -0.253416 1.39341e+26 0.48 5.4347
0.723856 -0.314435 1.38587e+26 0.49 5.37646
0.68897 -0.372723 1.37791e+26 0.5 5.3211
0.649775 -0.427952 1.36959e+26 0.51 5.26922
0.606572 -0.479829 1.36098e+26 0.52 5.22137
0.559681 -0.528092 1.35216e+26 0.53 5.17807
0.509435 -0.572516 1.34318e+26 0.54 5.13978
0.456177 -0.612906 1.33411e+26 0.55 5.1069
0.400255 -0.6491 1.325e+26 0.56 5.07978
0.342021 -0.680968 1.31592e+26 0.57 5.05868
0.281826 -0.708412 1.30691e+26 0.58 5.04383
0.220018 -0.73136 1.298e+26 0.59 5.03536
0.156941 -0.749769 1.28925e+26 0.6 5.03334
0.0929336 -0.76362 1.28069e+26 0.61 5.03779
0.0283236 -0.772918 1.27235e+26 0.62 5.04866
-0.0365685 -0.777692 1.26425e+26 0.63 5.06584
-0.101433 -0.777988 1.25641e+26 0.64 5.08917
-0.165973 -0.773872 1.24886e+26 0.65 5.11846
-0.229899 -0.765426 1.24161e+26 0.66 5.15346
-0.292939 -0.75275 1.23466e+26 0.67 5.19392
-0.35483 -0.735955 1.22804e+26 0.68 5.23952
-0.415322 -0.715167 1.22174e+26 0.69 5.28995
-0.474177 -0.69052 1.21577e+26 0.7 5.34488
-0.531172 -0.662163 1.21013e+26 0.71 5.40396
-0.586094 -0.630252 1.20481e+26 0.72 5.46684
-0.638743 -0.594951 1.19983e+26 0.73 5.53318
-0.688931 -0.556433 1.19518e+26 0.74 5.60261
-0.736483 -0.514878 1.19085e+26 0.75 5.67479
-0.781233 -0.470471 1.18684e+26 0.76 5.74937
-0.82303 -0.423405 1.18316e+26 0.77 5.82602
-0.861733 -0.373876 1.1798e+26 0.78 5.90441
-0.89721 -0.322087 1.17676e+26 0.79 5.98422
-0.929344 -0.268244 1.17403e+26 0.8 6.06515
-0.958026 -0.212557 1.17163e+26 0.81 6.1469
-0.983158 -0.155242 1.16956e+26 0.82 6.22918
-1.00466 -0.0965159 1.16782e+26 0.83 6.31172
-1.02244 -0.0366009 1.16641e+26 0.84 6.39427
-1.03645 0.0242787 1.16535e+26 0.85 6.47657
-1.04663 0.0858954 1.16465e+26 0.86 6.55838
-1.05294 0.148019 1.16431e+26 0.87 6.63947
-1.05534 0.210416 1.16434e+26 0.88 6.71961
-1.05381 0.272853 1.16476e+26 0.89 6.79859
-1.04835 0.33509 1.16558e+26 0.9 6.87618
-1.03895 0.396889 1.1668e+26 0.91 6.95218
-1.02563 0.458009 1.16845e+26 0.92 7.02638
-1.00842 0.518207 1.17054e+26 0.93 7.09855
-0.987359 0.577239 1.17307e+26 0.94 7.16849
-0.962494 0.634859 1.17605e+26 0.95 7.23596
-0.933894 0.690824 1.1795e+26 0.96 7.30075
-0.90164 0.744887 1.18343e+26 0.97 7.36261
-0.865827 0.796803 1.18783e+26 0.98 7.4213
-0.826567 0.84633 1.19272e+26 0.99 7.47655
-0.783987 0.893225 1.19809e+26 1 7.52809
-0.73823 0.93725 1.20395e+26 1.01 7.57563
-0.689459 0.97817 1.21029e+26 1.02 7.61888
-0.637852 1.01576 1.21712e+26 1.03 7.6575
-0.583608 1.04978 1.22442e+26 1.04 7.69117
-0.526942 1.08004 1.23217e+26 1.05 7.71953
-0.468091 1.10632 1.24038e+26 1.06 7.7422
-0.407311 1.12842 1.24901e+26 1.07 7.75882
-0.344877 1.14617 1.25804e+26 1.08 7.76896
-0.281085 1.15939 1.26744e+26 1.09 7.77223
-0.216248 1.16796 1.27718e+26 1.1 7.7682
-0.1507 1.17172 1.28722e+26 1.11 7.75645
-0.0847916 1.17059 1.29752e+26 1.12 7.73654
-0.0188899 1.16448 1.30802e+26 1.13 7.70806
0.0466234 1.15335 1.31866e+26 1.14 7.67059
0.111354 1.13716 1.32938e+26 1.15 7.62375
0.174898 1.11595 1.34012e+26 1.16 7.56718
0.236844 1.08975 1.3508e+26 1.17 7.50055
0.296778 1.05866 1.36134e+26 1.18 7.4236
0.354287 1.02279 1.37166e+26 1.19 7.33611
0.408964 0.982329 1.38167e+26 1.2 7.23796
0.460409 0.937467 1.39129e+26 1.21 7.12909
0.508241 0.888457 1.40044e+26 1.22 7.00957
0.552096 0.835586 1.40902e+26 1.23 6.87955
0.591637 0.77918 1.41695e+26 1.24 6.73933
0.626554 0.719597 1.42417e+26 1.25 6.58934
0.656575 0.65723 1.43059e+26 1.26 6.43015
0.681465 0.592501 1.43615e+26 1.27 6.26249
0.70103 0.52585 1.4408e+26 1.28 6.08724
0.715123 0.457742 1.4445e+26 1.29 5.90546
0.723643 0.388648 1.44722e+26 1.3 5.71837
0.726537 0.31905 1.44893e+26 1.31 5.5274
0.723798 0.249429 1.44963e+26 1.32 5.3341
0.71547 0.180261 1.44932e+26 1.33 5.14026
0.701641 0.112012 1.44801e+26 1.34 4.94782
0.682441 0.0451319 1.44575e+26 1.35 4.75891
0.658044 -0.0199498 1.44255e+26 1.36 4.57581
0.628657 -0.0828276 1.43847e+26 1.37 4.40097
0.594522 -0.143124 1.43355e+26 1.38 4.23698
0.555911 -0.20049 1.42787e+26 1.39 4.08649
0.51312 -0.254612 1.42147e+26 1.4 3.95214
0.466463 -0.305207 1.41442e+26 1.41 3.83651
0.416273 -0.352027 1.4068e+26 1.42 3.74191
0.362895 -0.39486 1.39865e+26 1.43 3.67031
0.306679 -0.433524 1.39006e+26 1.44 3.62314
0.247983 -0.467873 1.38108e+26 1.45 3.60121
0.187166 -0.497793 1.37178e+26 1.46 3.60456
0.124586 -0.523199 1.36221e+26 1.47 3.63256
0.0605941 -0.544036 1.35243e+26 1.48 3.68392
-0.00446018 -0.560275 1.34248e+26 1.49 3.7568
-0.0702373 -0.571915 1.33243e+26 1.5 3.84904
-0.136406 -0.578976 1.3223e+26 1.51 3.95826
-0.202647 -0.581499 1.31215e+26 1.52 4.08205
-0.26865 -0.579549 1.302e+26 1.53 4.21804
-0.334119 -0.573206 1.2919e+26 1.54 4.36403
-0.398769 -0.562566 1.28187e+26 1.55 4.51798
-0.462328 -0.547742 1.27195e+26 1.56 4.67807
-0.52454 -0.528861 1.26215e+26 1.57 4.84268
-0.585158 -0.506059 1.25251e+26 1.58 5.0104
-0.643951 -0.479487 1.24304e+26 1.59 5.18
-0.700702 -0.449302 1.23378e+26 1.6 5.35042
-0.755204 -0.415672 1.22474e+26 1.61 5.52075
-0.807266 -0.378773 1.21594e+26 1.62 5.69021
-0.856708 -0.338786 1.20741e+26 1.63 5.85813
-0.903363 -0.295901 1.19917e+26 1.64 6.02395
-0.947076 -0.250311 1.19123e+26 1.65 6.1872
-0.987705 -0.202216 1.18363e+26 1.66 6.34747
-1.02512 -0.15182 1.17639e+26 1.67 6.50442
-1.0592 -0.0993295 1.16952e+26 1.68 6.65778
-1.08983 -0.0449567 1.16305e+26 1.69 6.80731
-1.11693 0.0110836 1.157e+26 1.7 6.95281
-1.14039 0.0685736 1.15139e+26 1.71 7.09412
-1.16016 0.127293 1.14625e+26 1.72 7.23111
-1.17616 0.187017 1.1416e+26 1.73 7.36367
-1.18834 0.247521 1.13745e+26 1.74 7.49169
-1.19666 0.308577 1.13384e+26 1.75 7.61509
-1.20109 0.369955 1.13077e+26 1.76 7.73379
-1.2016 0.431421 1.12826e+26 1.77 7.84773
-1.19819 0.492743 1.12635e+26 1.78 7.95682
-1.19086 0.553684 1.12504e+26 1.79 8.061
-1.17961 0.614007 1.12434e+26 1.8 8.16018
-1.16449 0.673473 1.12429e+26 1.81 8.25427
-1.14551 0.731843 1.12489e+26 1.82 8.34316
-1.12274 0.788877 1.12616e+26 1.83 8.42674
-1.09624 0.844334 1.12811e+26 1.84 8.50486
-1.06608 0.897972 1.13075e+26 1.85 8.57738
-1.03235 0.949551 1.1341e+26 1.86 8.64411
-0.995165 0.998833 1.13816e+26 1.87 8.70484
-0.954638 1.04558 1.14295e+26 1.88 8.75935
-0.91091 1.08955 1.14846e+26 1.89 8.80738
-0.864132 1.13053 1.1547e+26 1.9 8.84863
-0.814475 1.16827 1.16168e+26 1.91 8.88278
-0.762128 1.20256 1.16938e+26 1.92 8.90948
-0.707298 1.23319 1.17781e+26 1.93 8.92833
-0.650209 1.25994 1.18694e+26 1.94 8.93892
-0.591106 1.28263 1.19678e+26 1.95 8.9408
-0.530251 1.30106 1.20729e+26 1.96 8.93346
-0.467929 1.31507 1.21846e+26 1.97 8.9164
-0.40444 1.32451 1.23025e+26 1.98 8.88909
-0.340105 1.32924 1.24261e+26 1.99 8.85094
-0.275263 1.32915 1.25552e+26 2 8.8014
-0.210268 1.32414 1.26891e+26 2.01 8.73987
-0.145491 1.31416 1.28272e+26 2.02 8.66577
-0.0813168 1.29917 1.29687e+26 2.03 8.57852
-0.0181404 1.27917 1.31131e+26 2.04 8.47757
0.0436342 1.25418 1.32592e+26 2.05 8.3624
0.103598 1.22428 1.34063e+26 2.06 8.23255
0.161339 1.18957 1.35533e+26 2.07 8.08761
0.21645 1.1502 1.3699e+26 2.08 7.92727
0.26853 1.10634 1.38425e+26 2.09 7.7513
0.317188 1.05823 1.39824e+26 2.1 7.55962
0.362051 1.00612 1.41175e+26 2.11 7.35224
0.402769 0.950329 1.42467e+26 2.12 7.12938
0.439017 0.891185 1.43688e+26 2.13 6.89137
0.470502 0.829066 1.44826e+26 2.14 6.63877
0.496966 0.764378 1.45871e+26 2.15 6.37233
0.518194 0.69755 1.46812e+26 2.16 6.09301
0.534012 0.629037 1.47641e+26 2.17 5.80201
0.544291 0.559307 1.48349e+26 2.18 5.50081
0.548951 0.488838 1.48931e+26 2.19 5.19114
0.547961 0.418116 1.49383e+26 2.2 4.87509
0.541337 0.347622 1.497e+26 2.21 4.55512
0.529142 0.277833 1.49881e+26 2.22 4.23415
0.511486 0.20921 1.49927e+26 2.23 3.91573
0.488521 0.142199 1.49839e+26 2.24 3.60416
0.46044 0.0772222 1.49619e+26 2.25 3.30475
0.42747 0.014677 1.49272e+26 2.26 3.02412
0.389871 -0.0450691 1.48804e+26 2.27 2.77051
0.347933 -0.10168 1.4822e+26 2.28 2.55384
0.301965 -0.154854 1.47528e+26 2.29 2.38529
0.252299 -0.204323 1.46735e+26 2.3 2.27584
0.199278 -0.249855 1.45849e+26 2.31 2.23355
0.143259 -0.291251 1.44878e+26 2.32 2.26083
0.0846042 -0.328349 1.4383e+26 2.33 2.35324
0.023678 -0.361018 1.42715e+26 2.34 2.50117
-0.039154 -0.389162 1.41539e+26 2.35 2.6928
-0.103529 -0.412714 1.40312e+26 2.36 2.91673
-0.16909 -0.431636 1.39041e+26 2.37 3.16328
-0.235487 -0.445917 1.37733e+26 2.38 3.42481
-0.302379 -0.455571 1.36396e+26 2.39 3.69546
-0.369435 -0.460636 1.35037e+26 2.4 3.97082
-0.436337 -0.461172 1.33662e+26 2.41 4.24759
-0.502778 -0.457255 1.32278e+26 2.42 4.52326
-0.568466 -0.448982 1.30891e+26 2.43 4.79595
-0.633121 -0.436464 1.29507e+26 2.44 5.06424
-0.696478 -0.419826 1.28131e+26 2.45 5.32704
-0.758286 -0.399208 1.26768e+26 2.46 5.58353
-0.818307 -0.374759 1.25423e+26 2.47 5.83309
-0.876317 -0.346639 1.24102e+26 2.48 6.07528
-0.932109 -0.315016 1.22809e+26 2.49 6.30978
-0.985485 -0.280067 1.21547e+26 2.5 6.53636
-1.03626 -0.241976 1.20322e+26 2.51 6.7549
-1.08427 -0.200932 1.19136e+26 2.52 6.96532
-1.12936 -0.15713 1.17994e+26 2.53 7.16763
-1.17138 -0.110771 1.169e+26 2.54 7.36184
-1.2102 -0.0620592 1.15855e+26 2.55 7.54804
-1.2457 -0.0112019 1.14865e+26 2.56 7.72631
-1.27777 0.0415889 1.1393e+26 2.57 7.89678
-1.30631 0.0960986 1.13055e+26 2.58 8.05956
-1.33124 0.15211 1.12241e+26 2.59 8.21481
-1.35249 0.209402 1.11491e+26 2.6 8.36267
-1.36998 0.267754 1.10808e+26 2.61 8.50328
-1.38366 0.32694 1.10193e+26 2.62 8.63679
-1.39349 0.386733 1.0965e+26 2.63 8.76333
-1.39945 0.446907 1.09179e+26 2.64 8.88302
-1.40149 0.507229 1.08783e+26 2.65 8.99597
-1.39963 0.567468 1.08463e+26 2.66 9.10229
-1.39385 0.627392 1.08222e+26 2.67 9.20204
-1.38417 0.686764 1.08062e+26 2.68 9.29527
-1.37061 0.74535 1.07983e+26 2.69 9.38202
-1.3532 0.802913 1.07988e+26 2.7 9.46228
-1.332 0.859214 1.08078e+26 2.71 9.53602
-1.30706 0.914017 1.08254e+26 2.72 9.60317
-1.27846 0.967082 1.08518e+26 2.73 9.66364
-1.24628 1.01817 1.08871e+26 2.74 9.71728
-1.21062 1.06706 1.09314e+26 2.75 9.76391
-1.1716 1.11349 1.09848e+26 2.76 9.80332
-1.12935 1.15725 1.10473e+26 2.77 9.83523
-1.08402 1.1981 1.11191e+26 2.78 9.85933
-1.03577 1.23581 1.12e+26 2.79 9.87526
-0.984777 1.27017 1.12902e+26 2.8 9.8826
-0.931242 1.30096 1.13895e+26 2.81 9.8809
-0.875381 1.32798 1.14978e+26 2.82 9.86965
-0.817427 1.35103 1.16151e+26 2.83 9.84829
-0.757635 1.36992 1.1741e+26 2.84 9.81622
-0.696276 1.38447 1.18753e+26 2.85 9.7728
-0.633641 1.39454 1.20178e+26 2.86 9.71734
-0.570039 1.39999 1.21678e+26 2.87 9.64913
-0.505797 1.40068 1.2325e+26 2.88 9.56744
-0.44126 1.39652 1.24887e+26 2.89 9.47151
-0.376788 1.38744 1.26583e+26 2.9 9.36058
-0.312755 1.3734 1.28329e+26 2.91 9.2339
-0.249548 1.35436 1.30117e+26 2.92 9.09074
-0.187564 1.33036 1.31936e+26 2.93 8.93041
-0.127206 1.30143 1.33775e+26 2.94 8.75227
-0.0688811 1.26766 1.35622e+26 2.95 8.55575
-0.012997 1.22919 1.37465e+26 2.96 8.34038
0.0400438 1.18616 1.39288e+26 2.97 8.10581
0.0898475 1.13879 1.41079e+26 2.98 7.8518
0.136034 1.08731 1.42821e+26 2.99 7.57829
0.178242 1.03202 1.44499e+26 3 7.28536
0.216134 0.973223 1.46099e+26 3.01 6.9733
0.249401 0.911284 1.47605e+26 3.02 6.64259
0.277767 0.84659 1.49003e+26 3.03 6.29391
0.300993 0.779559 1.5028e+26 3.04 5.92819
0.318884 0.710633 1.51422e+26 3.05 5.54657
0.331287 0.640274 1.52419e+26 3.06 5.15044
0.338097 0.568957 1.53261e+26 3.07 4.74146
0.339255 0.497166 1.53941e+26 3.08 4.32156
0.334755 0.425387 1.54453e+26 3.09 3.89307
0.324635 0.354103 1.54793e+26 3.1 3.45876
0.308984 0.283787 1.5496e+26 3.11 3.02219
0.287932 0.214895 1.54954e+26 3.12 2.58813
0.261655 0.147867 1.54776e+26 3.13 2.16377
0.230366 0.0831166 1.54432e+26 3.14 1.7612
0.194312 0.0210286 1.53926e+26 3.15 1.40324
0.153774 -0.0380416 1.53266e+26 3.16 1.13489
0.109056 -0.0937724 1.5246e+26 3.17 1.0277
0.0604837 -0.145877 1.51518e+26 3.18 1.1249
0.00840249 -0.194104 1.50449e+26 3.19 1.37906
-0.0468315 -0.238238 1.49264e+26 3.2 1.7166
-0.104853 -0.2781 1.47974e+26 3.21 2.09221
-0.165291 -0.313545 1.46591e+26 3.22 2.48343
-0.227775 -0.344461 1.45126e+26 3.23 2.87891
-0.291935 -0.370769 1.4359e+26 3.24 3.27241
-0.357406 -0.392422 1.41995e+26 3.25 3.6602
-0.423828 -0.409399 1.40351e+26 3.26 4.03989
-0.490853 -0.421707 1.38669e+26 3.27 4.40989
-0.558142 -0.429376 1.3696e+26 3.28 4.76909
-0.625367 -0.432461 1.35232e+26 3.29 5.11671
-0.692214 -0.431035 1.33495e+26 3.3 5.45225
-0.758382 -0.425191 1.31758e+26 3.31 5.77534
-0.823585 -0.415039 1.30029e+26 3.32 6.08581
-0.88755 -0.400702 1.28316e+26 3.33 6.38356
-0.950021 -0.382318 1.26626e+26 3.34 6.66862
-1.01075 -0.360036 1.24965e+26 3.35 6.94106
-1.06952 -0.334015 1.23339e+26 3.36 7.20106
-1.1261 -0.304426 1.21755e+26 3.37 7.44881
-1.18031 -0.271445 1.20217e+26 3.38 7.68456
-1.23195 -0.235256 1.18731e+26 3.39 7.9086
-1.28084 -0.196049 1.173e+26 3.4 8.12124
-1.32684 -0.154022 1.15928e+26 3.41 8.3228
-1.3698 -0.109374 1.1462e+26 3.42 8.51364
-1.40957 -0.0623103 1.13379e+26 3.43 8.6941
-1.44604 -0.0130404 1.12207e+26 3.44 8.86454
-1.4791 0.0382237 1.11107e+26 3.45 9.0253
-1.50865 0.0912668 1.10083e+26 3.46 9.17675
-1.53459 0.145871 1.09137e+26 3.47 9.31922
-1.55686 0.201817 1.0827e+26 3.48 9.45303
-1.57539 0.25888 1.07486e+26 3.49 9.5785
-1.59012 0.316838 1.06786e+26 3.5 9.69592
-1.60101 0.375464 1.06172e+26 3.51 9.80555
-1.60802 0.43453 1.05646e+26 3.52 9.90765
-1.61114 0.493805 1.0521e+26 3.53 10.0024
-1.61035 0.55306 1.04865e+26 3.54 10.0901
-1.60564 0.612062 1.04613e+26 3.55 10.1707
-1.59704 0.670577 1.04456e+26 3.56 10.2445
-1.58455 0.728372 1.04395e+26 3.57 10.3115
-1.56823 0.785211 1.04432e+26 3.58 10.3717
-1.5481 0.840858 1.04567e+26 3.59 10.4251
-1.52422 0.895077 1.04803e+26 3.6 10.4718
-1.49667 0.947634 1.05141e+26 3.61 10.5115
-1.46554 0.998291 1.0558e+26 3.62 10.544
-1.43091 1.04682 1.06123e+26 3.63 10.5693
-1.39289 1.09297 1.0677e+26 3.64 10.587
-1.35163 1.13654 1.07521e+26 3.65 10.5968
-1.30724 1.17728 1.08378e+26 3.66 10.5984
-1.25991 1.21497 1.09338e+26 3.67 10.5912
-1.20978 1.24939 1.10403e+26 3.68 10.5747
-1.15707 1.28033 1.11571e+26 3.69 10.5485
-1.10197 1.30759 1.12841e+26 3.7 10.5119
-1.04471 1.33096 1.14212e+26 3.71 10.4642
-0.98554 1.35027 1.1568e+26 3.72 10.4047
-0.924716 1.36533 1.17242e+26 3.73 10.3327
-0.862522 1.37598 1.18895e+26 3.74 10.2473
-0.799256 1.38209 1.20634e+26 3.75 10.1476
-0.735235 1.38351 1.22452e+26 3.76 10.033
-0.670792 1.38016 1.24344e+26 3.77 9.90235
-0.606278 1.37194 1.26301e+26 3.78 9.75492
-0.542057 1.3588 1.28315e+26 3.79 9.58982
-0.478506 1.34071 1.30376e+26 3.8 9.40622
-0.416013 1.31766 1.32471e+26 3.81 9.20335
-0.354977 1.2897 1.34589e+26 3.82 8.9805
-0.295797 1.2569 1.36717e+26 3.83 8.73704
-0.238878 1.21935 1.38839e+26 3.84 8.47247
-0.184622 1.17721 1.40939e+26 3.85 8.1864
-0.133424 1.13065 1.43002e+26 3.86 7.87862
-0.0856673 1.0799 1.45011e+26 3.87 7.54908
-0.0417211 1.02522 1.46947e+26 3.88 7.19789
-0.00193292 0.966912 1.48794e+26 3.89 6.82541
0.0333752 0.905312 1.50534e+26 3.9 6.43218
0.0639117 0.840793 1.52149e+26 3.91 6.01898
0.0894201 0.773756 1.53624e+26 3.92 5.5868
0.109683 0.70463 1.54945e+26 3.93 5.13685
0.124526 0.633869 1.56096e+26 3.94 4.67054
0.13382 0.561942 1.57068e+26 3.95 4.18949
0.137483 0.489328 1.57849e+26 3.96 3.69546
0.135482 0.416515 1.58433e+26 3.97 3.19037
0.127834 0.34399 1.58815e+26 3.98 2.67627
0.114602 0.272231 1.58991e+26 3.99 2.15527
0.0958981 0.201707 1.58963e+26 4 1.62956
0.0718765 0.13287 1.58731e+26 4.01 1.10139
0.042734 0.0661463 1.58301e+26 4.02 0.573376
0.00870446 0.00194014 1.57679e+26 4.03 0.0648046
-0.0299449 -0.0593762 1.56874e+26 4.04 0.481996
-0.0729177 -0.117463 1.55895e+26 4.05 0.998952
-0.119894 -0.172013 1.54754e+26 4.06 1.50943
-0.170532 -0.222758 1.53465e+26 4.07 2.01116
-0.224478 -0.269464 1.5204e+26 4.08 2.50254
-0.281364 -0.311934 1.50493e+26 4.09 2.98223
-0.340819 -0.350007 1.4884e+26 4.1 3.44905
-0.402466 -0.383557 1.47094e+26 4.11 3.90204
-0.46593 -0.412492 1.4527e+26 4.12 4.34036
-0.530839 -0.43675 1.43382e+26 4.13 4.76338
-0.596828 -0.4563 1.41444e+26 4.14 5.17059
-0.663539 -0.471141 1.3947e+26 4.15 5.56163
-0.730626 -0.481296 1.37471e+26 4.16 5.93628
-0.797752 -0.48681 1.3546e+26 4.17 6.29446
-0.864596 -0.487754 1.33447e+26 4.18 6.63615
-0.930848 -0.484214 1.31444e+26 4.19 6.96147
-0.996214 -0.476297 1.2946e+26 4.2 7.27062
-1.06041 -0.464125 1.27503e+26 4.21 7.56385
-1.12319 -0.447833 1.25581e+26 4.22 7.8415
-1.18428 -0.42757 1.23703e+26 4.23 8.10395
-1.24345 -0.403494 1.21874e+26 4.24 8.35163
-1.30049 -0.375775 1.201e+26 4.25 8.58499
-1.35519 -0.34459 1.18387e+26 4.26 8.80453
-1.40736 -0.310125 1.16741e+26 4.27 9.01075
-1.45682 -0.27257 1.15164e+26 4.28 9.20416
-1.50341 -0.232123 1.13661e+26 4.29 9.38529
-1.54697 -0.188987 1.12237e+26 4.3 9.55466
-1.58738 -0.143368 1.10893e+26 4.31 9.7128
-1.6245 -0.0954756 1.09633e+26 4.32 9.8602
-1.65822 -0.0455242 1.08459e+26 4.33 9.99737
-1.68843 0.00626988 1.07374e+26 4.34 10.1248
-1.71506 0.0596874 1.0638e+26 4.35 10.2429
-1.73802 0.114507 1.0548e+26 4.36 10.3521
-1.75725 0.170505 1.04674e+26 4.37 10.4529
-1.77268 0.227457 1.03965e+26 4.38 10.5455
-1.78428 0.285134 1.03354e+26 4.39 10.6304
-1.792 0.34331 1.02843e+26 4.4 10.7078
-1.79583 0.401754 1.02434e+26 4.41 10.778
-1.79575 0.460236 1.02127e+26 4.42 10.8412
-1.79176 0.518523 1.01924e+26 4.43 10.8976
-1.78386 0.576382 1.01827e+26 4.44 10.9472
-1.77209 0.633581 1.01836e+26 4.45 10.9902
-1.75647 0.689885 1.01952e+26 4.46 11.0265
-1.73704 0.74506 1.02177e+26 4.47 11.0562
-1.71386 0.798872 1.02512e+26 4.48 11.0791
-1.687 0.851086 1.02957e+26 4.49 11.095
-1.65653 0.90147 1.03512e+26 4.5 11.1038
-1.62257 0.949791 1.04179e+26 4.51 11.1051
-1.5852 0.995819 1.04958e+26 4.52 11.0987
-1.54455 1.03933 1.05849e+26 4.53 11.084
-1.50077 1.08008 1.06851e+26 4.54 11.0607
-1.454 1.11787 1.07965e+26 4.55 11.0281
-1.40441 1.15248 1.09188e+26 4.56 10.9858
-1.35219 1.18369 1.10521e+26 4.57 10.933
-1.29753 1.21129 1.1196e+26 4.58 10.8691
-1.24066 1.2351 1.13505e+26 4.59 10.7932
-1.18181 1.25492 1.1515e+26 4.6 10.7046
-1.12124 1.27059 1.16894e+26 4.61 10.6024
-1.05921 1.28192 1.18731e+26 4.62 10.4857
-0.996014 1.28879 1.20656e+26 4.63 10.3537
-0.931962 1.29106 1.22663e+26 4.64 10.2054
-0.867374 1.28862 1.24744e+26 4.65 10.0398
-0.802591 1.28137 1.26891e+26 4.66 9.85617
-0.737965 1.26926 1.29094e+26 4.67 9.65354
-0.673865 1.25224 1.31342e+26 4.68 9.4311
-0.61067 1.2303 1.33624e+26 4.69 9.1881
-0.548768 1.20347 1.35925e+26 4.7 8.92386
-0.488555 1.17179 1.38231e+26 4.71 8.63783
-0.430428 1.13536 1.40528e+26 4.72 8.32958
-0.374786 1.0943 1.42797e+26 4.73 7.99885
-0.322024 1.04877 1.45021e+26 4.74 7.64555
-0.272528 0.99898 1.47183e+26 4.75 7.26978
-0.226671 0.945168 1.49262e+26 4.76 6.87188
-0.184807 0.887616 1.51241e+26 4.77 6.45243
-0.14727 0.826639 1.531e+26 4.78 6.01225
-0.114365 0.762593 1.54821e+26 4.79 5.55245
-0.0863651 0.695861 1.56385e+26 4.8 5.07444
-0.0635054 0.62686 1.57777e+26 4.81 4.57993
-0.0459822 0.556029 1.58982e+26 4.82 4.07099
-0.0339472 0.483829 1.59987e+26 4.83 3.55016
-0.027506 0.410734 1.6078e+26 4.84 3.02062
-0.026716 0.33723 1.61353e+26 4.85 2.48669
-0.0315856 0.263804 1.61701e+26 4.86 1.95514
-0.0420747 0.19094 1.61821e+26 4.87 1.43933
-0.0580949 0.119115 1.61713e+26 4.88 0.975268
-0.0795124 0.0487892 1.61379e+26 4.89 0.685799
-0.10615 -0.0195939 1.60825e+26 4.9 0.792172
-0.13779 -0.0856168 1.60058e+26 4.91 1.18768
-0.17418 -0.14889 1.5909e+26 4.92 1.67254
-0.215034 -0.209054 1.57931e+26 4.93 2.18105
-0.260042 -0.265786 1.56595e+26 4.94 2.69273
-0.308868 -0.318795 1.55099e+26 4.95 3.19903
-0.361161 -0.367831 1.53457e+26 4.96 3.69545
-0.416556 -0.412677 1.51686e+26 4.97 4.17915
-0.474679 -0.453155 1.49804e+26 4.98 4.64817
-0.535151 -0.489123 1.47827e+26 4.99 5.10111
-0.597592 -0.520472 1.45773e+26 5 5.53693
-0.661626 -0.547129 1.43657e+26 5.01 5.9549
-0.726878 -0.569051 1.41495e+26 5.02 6.35452
-0.792985 -0.586224 1.39303e+26 5.03 6.7355
-0.859592 -0.598662 1.37094e+26 5.04 7.09772
-0.926353 -0.606403 1.34882e+26 5.05 7.44122
-0.992938 -0.609511 1.32678e+26 5.06 7.76615
-1.05903 -0.608067 1.30494e+26 5.07 8.07279
-1.12432 -0.602173 1.2834e+26 5.08 8.36151
-1.18853 -0.591949 1.26226e+26 5.09 8.63275
-1.25138 -0.577526 1.2416e+26 5.1 8.88702
-1.31261 -0.559054 1.22149e+26 5.11 9.12487
-1.37198 -0.536689 1.202e+26 5.12 9.34691
-1.42927 -0.510602 1.1832e+26 5.13 9.55376
-1.48426 -0.48097 1.16514e+26 5.14 9.74607
-1.53675 -0.44798 1.14786e+26 5.15 9.92448
-1.58657 -0.411824 1.13141e+26 5.16 10.0897
-1.63354 -0.372702 1.11583e+26 5.17 10.2423
-1.67751 -0.330817 1.10115e+26 5.18 10.383
-1.71833 -0.286378 1.08739e+26 5.19 10.5123
-1.75589 -0.239599 1.07459e+26 5.2 10.631
-1.79006 -0.190694 1.06277e+26 5.21 10.7395
-1.82073 -0.139881 1.05194e+26 5.22 10.8385
-1.84782 -0.0873834 1.04213e+26 5.23 10.9284
-1.87125 -0.033423 1.03336e+26 5.24 11.0097
-1.89094 0.0217747 1.02563e+26 5.25 11.0828
-1.90685 0.0779831 1.01896e+26 5.26 11.1482
-1.91892 0.134974 1.01337e+26 5.27 11.2062
-1.92711 0.192518 1.00886e+26 5.28 11.2571
-1.93142 0.250385 1.00544e+26 5.29 11.3011
-1.93181 0.308343 1.00313e+26 5.3 11.3384
-1.92829 0.366161 1.00193e+26 5.31 11.3692
-1.92087 0.423607 1.00185e+26 5.32 11.3936
-1.90956 0.480446 1.00291e+26 5.33 11.4114
-1.8944 0.536448 1.00509e+26 5.34 11.4228
-1.87543 0.591377 1.00842e+26 5.35 11.4276
-1.85271 0.645002 1.01289e+26 5.36 11.4256
-1.8263 0.697091 1.01851e+26 5.37 11.4166
-1.79628 0.747413 1.02527e+26 5.38 11.4003
-1.76274 0.795736 1.03319e+26 5.39 11.3763
-1.72579 0.841835 1.04225e+26 5.4 11.3442
-1.68555 0.885482 1.05246e+26 5.41 11.3035
-1.64214 0.926455 1.0638e+26 5.42 11.2537
-1.59573 0.964535 1.07626e+26 5.43 11.1941
-1.54647 0.999508 1.08984e+26 5.44 11.1241
-1.49454 1.03116 1.1045e+26 5.45 11.043
-1.44014 1.0593 1.12024e+26 5.46 10.95
-1.38347 1.08372 1.13701e+26 5.47 10.8442
-1.32476 1.10424 1.15479e+26 5.48 10.7249
-1.26427 1.12068 1.17352e+26 5.49 10.5912
-1.20225 1.13289 1.19317e+26 5.5 10.4421
-1.13897 1.14071 1.21367e+26 5.51 10.2768
-1.07475 1.144 1.23496e+26 5.52 10.0944
-1.00988 1.14266 1.25694e+26 5.53 9.89389
-0.944707 1.13658 1.27955e+26 5.54 9.67456
-0.879561 1.1257 1.30267e+26 5.55 9.43555
-0.814803 1.10996 1.32619e+26 5.56 9.17614
-0.750804 1.08934 1.34999e+26 5.57 8.89567
-0.687941 1.06386 1.37392e+26 5.58 8.59361
-0.626603 1.03355 1.39785e+26 5.59 8.26956
-0.567181 0.998481 1.42161e+26 5.6 7.92326
-0.51007 0.958763 1.44502e+26 5.61 7.55466
-0.455662 0.914542 1.4679e+26 5.62 7.16392
-0.404342 0.866 1.49008e+26 5.63 6.75141
-0.356486 0.813359 1.51134e+26 5.64 6.31783
-0.312456 0.756878 1.53151e+26 5.65 5.86414
-0.272592 0.696854 1.55037e+26 5.66 5.3917
-0.237211 0.633622 1.56774e+26 5.67 4.90227
-0.206602 0.567548 1.58343e+26 5.68 4.39818
-0.181016 0.499032 1.59728e+26 5.69 3.88248
-0.16067 0.4285 1.60913e+26 5.7 3.35939
-0.145738 0.356401 1.61884e+26 5.71 2.83507
-0.136348 0.283202 1.6263e+26 5.72 2.3196
-0.132582 0.209383 1.63142e+26 5.73 1.83182
-0.134475 0.135431 1.63415e+26 5.74 1.41187
-0.14201 0.0618325 1.63445e+26 5.75 1.14591
-0.155123 -0.0109309 1.63234e+26 5.76 1.14976
-0.173704 -0.0823882 1.62784e+26 5.77 1.41947
-0.197597 -0.152086 1.62103e+26 5.78 1.83717
-0.226602 -0.219591 1.61198e+26 5.79 2.3184
-0.260484 -0.284498 1.60082e+26 5.8 2.82428
-0.298971 -0.346431 1.58768e+26 5.81 3.33669
-0.341763 -0.405045 1.57271e+26 5.82 3.8461
-0.388533 -0.460033 1.5561e+26 5.83 4.34684
-0.438936 -0.511123 1.538e+26 5.84 4.83517
-0.492607 -0.55808 1.51861e+26 5.85 5.3085
-0.549175 -0.600706 1.49812e+26 5.86 5.76495
-0.608259 -0.638843 1.47671e+26 5.87 6.20316
-0.669474 -0.672366 1.45456e+26 5.88 6.62217
-0.732439 -0.701184 1.43184e+26 5.89 7.02133
-0.796773 -0.725242 1.40874e+26 5.9 7.40026
-0.862104 -0.744514 1.38541e+26 5.91 7.7588
-0.928067 -0.759003 1.36199e+26 5.92 8.09697
-0.99431 -0.768739 1.33863e+26 5.93 8.41498
-1.06049 -0.773776 1.31545e+26 5.94 8.71314
-1.12628 -0.774191 1.29257e+26 5.95 8.99189
-1.19137 -0.770082 1.27011e+26 5.96 9.25176
-1.25546 -0.761562 1.24814e+26 5.97 9.49336
-1.31826 -0.748764 1.22677e+26 5.98 9.71735
-1.37952 -0.731832 1.20605e+26 5.99 9.92445
-1.43897 -0.710926 1.18608e+26 6 10.1154
-1.49639 -0.686214 1.16689e+26 6.01 10.2909
-1.55156 -0.657875 1.14855e+26 6.02 10.4518
-1.60427 -0.626097 1.1311e+26 6.03 10.5989
-1.65433 -0.591075 1.11458e+26 6.04 10.7328
-1.70157 -0.55301 1.09902e+26 6.05 10.8544
-1.74582 -0.512109 1.08446e+26 6.06 10.9643
-1.78696 -0.468582 1.07093e+26 6.07 11.0632
-1.82483 -0.422644 1.05843e+26 6.08 11.1519
-1.85932 -0.374515 1.047e+26 6.09 11.2308
-1.89033 -0.324415 1.03664e+26 6.1 11.3007
-1.91776 -0.272568 1.02738e+26 6.11 11.3619
-1.94153 -0.219199 1.01923e+26 6.12 11.415
-1.96157 -0.164536 1.01218e+26 6.13 11.4605
-1.97782 -0.108806 1.00627e+26 6.14 11.4987
-1.99023 -0.0522402 1.00148e+26 6.15 11.5298
-1.99878 0.00493155 9.97828e+25 6.16 11.5542
-2.00342 0.0624781 9.95321e+25 6.17 11.5721
-2.00416 0.120168 9.93961e+25 6.18 11.5836
-2.00098 0.177768 9.93751e+25 6.19 11.5888
-1.9939 0.235048 9.94695e+25 6.2 11.5876
-1.98293 0.291774 9.96794e+25 6.21 11.58
-1.96811 0.347715 1.00005e+26 6.22 11.566
-1.94948 0.402638 1.00446e+26 6.23 11.5453
-1.92709 0.456314 1.01003e+26 6.24 11.5176
-1.901 0.508511 1.01675e+26 6.25 11.4827
-1.8713 0.559002 1.02461e+26 6.26 11.4402
-1.83808 0.607558 1.03362e+26 6.27 11.3896
-1.80144 0.653954 1.04377e+26 6.28 11.3305
-1.76149 0.697968 1.05504e+26 6.29 11.2624
-1.71836 0.739378 1.06742e+26 6.3 11.1845
-1.6722 0.77797 1.08091e+26 6.31 11.0963
-1.62317 0.813531 1.09546e+26 6.32 10.997
-1.57144 0.845854 1.11108e+26 6.33 10.886
-1.5172 0.874739 1.12771e+26 6.34 10.7624
-1.46065 0.899992 1.14534e+26 6.35 10.6254
-1.40201 0.921429 1.16393e+26 6.36 10.4743
-1.34153 0.938876 1.18341e+26 6.37 10.3081
-1.27944 0.952168 1.20375e+26 6.38 10.1261
-1.21603 0.961154 1.22488e+26 6.39 9.92728
-1.15157 0.965699 1.24672e+26 6.4 9.71096
-1.08638 0.965684 1.2692e+26 6.41 9.47631
-1.02076 0.961008 1.29223e+26 6.42 9.2226
-0.955055 0.951591 1.3157e+26 6.43 8.94915
-0.889606 0.937375 1.33949e+26 6.44 8.65537
-0.824772 0.918331 1.36349e+26 6.45 8.34078
-0.760924 0.894453 1.38755e+26 6.46 8.00503
-0.69844 0.865767 1.41153e+26 6.47 7.64792
-0.637707 0.832332 1.43526e+26 6.48 7.26944
-0.579112 0.794238 1.45858e+26 6.49 6.86978
-0.523044 0.751611 1.4813e+26 6.5 6.4494
-0.469887 0.704617 1.50323e+26 6.51 6.00903
-0.420019 0.653456 1.52418e+26 6.52 5.54979
-0.373806 0.598367 1.54396e+26 6.53 5.0732
-0.331594 0.539627 1.56237e+26 6.54 4.58136
-0.293712 0.47755 1.57922e+26 6.55 4.07715
-0.26046 0.412485 1.59433e+26 6.56 3.5646
-0.232107 0.344814 1.60752e+26 6.57 3.04973
-0.208887 0.274946 1.61865e+26 6.58 2.54224
-0.190996 0.203319 1.62758e+26 6.59 2.05949
-0.178585 0.13039 1.63419e+26 6.6 1.63579
-0.171761 0.0566317 1.63842e+26 6.61 1.33966
-0.170582 -0.017472 1.64019e+26 6.62 1.27085
-0.175058 -0.091434 1.63949e+26 6.63 1.46341
-0.185151 -0.164769 1.63633e+26 6.64 1.83473
-0.200773 -0.236998 1.63075e+26 6.65 2.29539
-0.22179 -0.307658 1.62282e+26 6.66 2.79596
-0.248026 -0.376304 1.61264e+26 6.67 3.31204
-0.279262 -0.442513 1.60034e+26 6.68 3.83067
-0.315242 -0.505892 1.58605e+26 6.69 4.34417
-0.355679 -0.566078 1.56995e+26 6.7 4.84753
-0.400255 -0.622744 1.5522e+26 6.71 5.33726
-0.448632 -0.675598 1.53301e+26 6.72 5.8108
-0.500451 -0.724385 1.51256e+26 6.73 6.26624
-0.55534 -0.768888 1.49105e+26 6.74 6.70219
-0.612917 -0.808928 1.46867e+26 6.75 7.11763
-0.672795 -0.844364 1.44561e+26 6.76 7.51189
-0.734587 -0.87509 1.42206e+26 6.77 7.88457
-0.797905 -0.901034 1.39818e+26 6.78 8.23553
-0.862369 -0.922157 1.37415e+26 6.79 8.5648
-0.927606 -0.938451 1.35013e+26 6.8 8.87264
-0.993253 -0.949937 1.32624e+26 6.81 9.1594
-1.05896 -0.956659 1.30263e+26 6.82 9.42561
-1.12438 -0.958689 1.2794e+26 6.83 9.67188
-1.1892 -0.956117 1.25668e+26 6.84 9.89889
-1.25311 -0.949056 1.23455e+26 6.85 10.1074
-1.31582 -0.937634 1.2131e+26 6.86 10.2982
-1.37705 -0.921994 1.19241e+26 6.87 10.4722
-1.43653 -0.902295 1.17254e+26 6.88 10.6301
-1.49404 -0.878706 1.15355e+26 6.89 10.773
-1.54933 -0.851407 1.13549e+26 6.9 10.9015
-1.6022 -0.820587 1.11839e+26 6.91 11.0166
-1.65246 -0.786444 1.10231e+26 6.92 11.119
-1.69992 -0.74918 1.08727e+26 6.93 11.2096
-1.74442 -0.709005 1.07329e+26 6.94 11.289
-1.78581 -0.666133 1.06039e+26 6.95 11.3581
-1.82395 -0.620782 1.04861e+26 6.96 11.4174
-1.85873 -0.573173 1.03793e+26 6.97 11.4676
-1.89002 -0.523529 1.02839e+26 6.98 11.5093
-1.91774 -0.472078 1.01999e+26 6.99 11.5428
-1.94181 -0.419046 1.01273e+26 7 11.5687
-1.96215 -0.364663 1.00662e+26 7.01 11.5874
-1.9787 -0.309161 1.00167e+26 7.02 11.5992
-1.99141 -0.252768 9.97872e+25 7.03 11.6042
-2.00025 -0.195718 9.95231e+25 7.04 11.6028
-2.0052 -0.138243 9.93747e+25 7.05 11.5951
-2.00623 -0.0805733 9.93419e+25 7.06 11.581
-2.00335 -0.0229425 9.94244e+25 7.07 11.5606
-1.99657 0.0344178 9.9622e+25 7.08 11.5339
-1.98591 0.0912762 9.99343e+25 7.09 11.5007
-1.97139 0.147402 1.00361e+26 7.1 11.4607
-1.95305 0.202564 1.00901e+26 7.11 11.4139
-1.93096 0.256534 1.01554e+26 7.12 11.3597
-1.90517 0.309084 1.02319e+26 7.13 11.298
-1.87576 0.359986 1.03196e+26 7.14 11.2282
-1.84282 0.409017 1.04182e+26 7.15 11.1499
-1.80646 0.455953 1.05278e+26 7.16 11.0625
-1.76677 0.500574 1.06481e+26 7.17 10.9656
-1.7239 0.542663 1.07789e+26 7.18 10.8584
-1.67797 0.582007 1.09201e+26 7.19 10.7403
-1.62915 0.618396 1.10715e+26 7.2 10.6106
-1.5776 0.651626 1.12326e+26 7.21 10.4687
-1.52351 0.6815 1.14033e+26 7.22 10.3137
-1.46706 0.707825 1.15831e+26 7.23 10.145
-1.40848 0.730418 1.17716e+26 7.24 9.96174
-1.34799 0.749104 1.19683e+26 7.25 9.7632
-1.28584 0.763721 1.21727e+26 7.26 9.54862
-1.22229 0.774117 1.2384e+26 7.27 9.31726
-1.1576 0.780152 1.26016e+26 7.28 9.06844
-1.09209 0.781705 1.28247e+26 7.29 8.8015
-1.02604 0.778671 1.30523e+26 7.3 8.51585
-0.959794 0.770963 1.32835e+26 7.31 8.21098
-0.893675 0.758517 1.3517e+26 7.32 7.88647
-0.828035 0.741292 1.37517e+26 7.33 7.54202
-0.763236 0.719274 1.39862e+26 7.34 7.17748
-0.699647 0.692475 1.42191e+26 7.35 6.79285
-0.637645 0.660939 1.44488e+26 7.36 6.38835
-0.577615 0.624741 1.46736e+26 7.37 5.96441
-0.519939 0.583992 1.48917e+26 7.38 5.52176
-0.465 0.538836 1.51015e+26 7.39 5.06148
-0.413177 0.489455 1.5301e+26 7.4 4.5851
-0.364837 0.436069 1.54883e+26 7.41 4.09476
-0.320335 0.378934 1.56617e+26 7.42 3.59349
-0.280005 0.318345 1.58192e+26 7.43 3.08581
-0.244159 0.25463 1.59591e+26 7.44 2.57899
-0.213083 0.188153 1.60798e+26 7.45 2.08598
-0.187027 0.119309 1.61799e+26 7.46 1.63297
-0.166205 0.04852 1.62582e+26 7.47 1.27758
-0.150792 -0.0237683 1.63135e+26 7.48 1.12831
-0.140917 -0.0970911 1.63451e+26 7.49 1.26608
-0.136664 -0.170971 1.63527e+26 7.5 1.61975
-0.138069 -0.244921 1.63359e+26 7.51 2.07955
-0.145117 -0.318456 1.6295e+26 7.52 2.58521
-0.157746 -0.39109 1.62304e+26 7.53 3.10901
-0.175847 -0.462353 1.61429e+26 7.54 3.63705
-0.199263 -0.531787 1.60334e+26 7.55 4.16128
-0.227797 -0.598955 1.59032e+26 7.56 4.6765
-0.261209 -0.663448 1.57539e+26 7.57 5.17896
-0.299226 -0.724886 1.5587e+26 7.58 5.66586
-0.341544 -0.78292 1.54044e+26 7.59 6.13505
-0.38783 -0.837238 1.5208e+26 7.6 6.58485
-0.437733 -0.887566 1.49996e+26 7.61 7.01399
-0.490882 -0.933667 1.47814e+26 7.62 7.42154
-0.546895 -0.975341 1.45551e+26 7.63 7.80688
-0.605384 -1.01243 1.43228e+26 7.64 8.16966
-0.665956 -1.04481 1.40862e+26 7.65 8.50975
-0.728217 -1.07239 1.38472e+26 7.66 8.82725
-0.79178 -1.09512 1.36074e+26 7.67 9.12243
-0.856261 -1.11298 1.33683e+26 7.68 9.39573
-0.921288 -1.12598 1.31314e+26 7.69 9.64771
-0.9865 -1.13416 1.2898e+26 7.7 9.87905
-1.05155 -1.13757 1.26692e+26 7.71 10.0905
-1.11609 -1.13631 1.24462e+26 7.72 10.2829
-1.17983 -1.13047 1.22298e+26 7.73 10.4571
-1.24244 -1.1202 1.20209e+26 7.74 10.614
-1.30364 -1.10562 1.18202e+26 7.75 10.7545
-1.36317 -1.0869 1.16283e+26 7.76 10.8796
-1.42077 -1.0642 1.14458e+26 7.77 10.9902
-1.47621 -1.03772 1.12732e+26 7.78 11.0871
-1.52927 -1.00762 1.11108e+26 7.79 11.1712
-1.57974 -0.974125 1.09589e+26 7.8 11.2434
-1.62745 -0.93743 1.08179e+26 7.81 11.3043
-1.67223 -0.897747 1.06878e+26 7.82 11.3549
-1.71391 -0.855295 1.0569e+26 7.83 11.3956
-1.75235 -0.810293 1.04614e+26 7.84 11.4273
-1.78744 -0.762966 1.03653e+26 7.85 11.4503
-1.81906 -0.71354 1.02806e+26 7.86 11.4652
-1.84712 -0.662244 1.02074e+26 7.87 11.4725
-1.87152 -0.609309 1.01457e+26 7.88 11.4725
-1.8922 -0.554965 1.00955e+26 7.89 11.4656
-1.90909 -0.499444 1.00567e+26 7.9 11.4519
-1.92215 -0.44298 1.00294e+26 7.91 11.4317
-1.93134 -0.385806 1.00135e+26 7.92 11.4051
-1.93663 -0.328153 1.0009e+26 7.93 11.372
-1.93802 -0.270255 1.00157e+26 7.94 11.3326
-1.93549 -0.212343 1.00336e+26 7.95 11.2867
-1.92906 -0.15465 1.00627e+26 7.96 11.2342
-1.91875 -0.0974064 1.01027e+26 7.97 11.1749
-1.90458 -0.0408415 1.01537e+26 7.98 11.1086
-1.8866 0.0148153 1.02156e+26 7.99 11.035
-1.86485 0.0693365 1.02881e+26 8 10.9537
-1.83941 0.122496 1.03713e+26 8.01 10.8644
-1.81035 0.174069 1.04648e+26 8.02 10.7665
-1.77775 0.223833 1.05687e+26 8.03 10.6597
-1.74171 0.271569 1.06827e+26 8.04 10.5434
-1.70234 0.317058 1.08066e+26 8.05 10.417
-1.65977 0.360086 1.09402e+26 8.06 10.2801
-1.61413 0.400441 1.10833e+26 8.07 10.1319
-1.56557 0.437919 1.12356e+26 8.08 9.97186
-1.51425 0.472316 1.13967e+26 8.09 9.79933
-1.46035 0.503436 1.15664e+26 8.1 9.61366
-1.40407 0.531089 1.17441e+26 8.11 9.41419
-1.3456 0.555094 1.19295e+26 8.12 9.20026
-1.28516 0.575276 1.21221e+26 8.13 8.97124
-1.223 0.591471 1.23212e+26 8.14 8.72651
-1.15937 0.603527 1.25263e+26 8.15 8.46546
-1.09452 0.611304 1.27365e+26 8.16 8.18756
-1.02875 0.614676 1.29512e+26 8.17 7.89229
-0.962351 0.613533 1.31693e+26 8.18 7.57924
-0.895635 0.607785 1.33899e+26 8.19 7.24804
-0.828928 0.597359 1.3612e+26 8.2 6.89844
-0.762571 0.582206 1.38343e+26 8.21 6.53031
-0.696914 0.562302 1.40555e+26 8.22 6.14363
-0.632319 0.537649 1.42744e+26 8.23 5.73856
-0.569157 0.508275 1.44893e+26 8.24 5.31544
-0.507804 0.474243 1.46988e+26 8.25 4.87483
-0.44864 0.435645 1.49012e+26 8.26 4.41757
-0.392044 0.392611 1.50949e+26 8.27 3.94482
-0.338394 0.345302 1.52782e+26 8.28 3.45823
-0.288059 0.29392 1.54492e+26 8.29 2.96017
-0.241397 0.238702 1.56065e+26 8.3 2.45427
-0.198752 0.17992 1.57482e+26 8.31 1.94692
-0.160445 0.117887 1.58728e+26 8.32 1.45158
-0.126773 0.0529462 1.5979e+26 8.33 1.00499
-0.0980021 -0.0145244 1.60653e+26 8.34 0.726684
-0.074366 -0.0841179 1.61306e+26 8.35 0.825211
-0.0560585 -0.155401 1.61742e+26 8.36 1.21585
-0.0432318 -0.227921 1.61953e+26 8.37 1.70845
-0.0359933 -0.301205 1.61935e+26 8.38 2.23388
-0.0344032 -0.374772 1.61687e+26 8.39 2.76934
-0.0384729 -0.448135 1.61212e+26 8.4 3.30484
-0.0481654 -0.520809 1.60512e+26 8.41 3.83469
-0.0633946 -0.592312 1.59597e+26 8.42 4.35496
-0.0840277 -0.662179 1.58475e+26 8.43 4.86265
-0.109887 -0.72996 1.57159e+26 8.44 5.35529
-0.140752 -0.795231 1.55663e+26 8.45 5.83086
-0.176366 -0.857593 1.54003e+26 8.46 6.28766
-0.216437 -0.916679 1.52196e+26 8.47 6.72431
-0.260643 -0.972158 1.50261e+26 8.48 7.13972
-0.308638 -1.02373 1.48216e+26 8.49 7.53309
-0.360056 -1.07115 1.4608e+26 8.5 7.90386
-0.414518 -1.11418 1.43873e+26 8.51 8.25172
-0.471631 -1.15266 1.41613e+26 8.52 8.57658
-0.531001 -1.18644 1.39318e+26 8.53 8.87856
-0.592227 -1.21541 1.37005e+26 8.54 9.15795
-0.654916 -1.23951 1.3469e+26 8.55 9.41521
-0.718674 -1.2587 1.32389e+26 8.56 9.65093
-0.783121 -1.27298 1.30116e+26 8.57 9.86579
-0.847884 -1.28238 1.27882e+26 8.58 10.0606
-0.912603 -1.28696 1.257e+26 8.59 10.2362
-0.976934 -1.28678 1.23579e+26 8.6 10.3934
-1.04055 -1.28196 1.21529e+26 8.61 10.5333
-1.10313 -1.27262 1.19557e+26 8.62 10.6567
-1.16438 -1.25889 1.17671e+26 8.63 10.7646
-1.22403 -1.24093 1.15875e+26 8.64 10.858
-1.28181 -1.21891 1.14176e+26 8.65 10.9377
-1.33749 -1.19302 1.12577e+26 8.66 11.0045
-1.39082 -1.16344 1.11082e+26 8.67 11.0594
-1.44162 -1.13037 1.09692e+26 8.68 11.1032
-1.48968 -1.09402 1.08411e+26 8.69 11.1364
-1.53482 -1.05461 1.0724e+26 8.7 11.1599
-1.5769 -1.01236 1.0618e+26 8.71 11.1741
-1.61576 -0.967486 1.05231e+26 8.72 11.1798
-1.65128 -0.920217 1.04394e+26 8.73 11.1773
-1.68334 -0.870782 1.0367e+26 8.74 11.167
-1.71185 -0.819414 1.03058e+26 8.75 11.1494
-1.73671 -0.766343 1.02557e+26 8.76 11.1247
-1.75785 -0.711804 1.02167e+26 8.77 11.0931
-1.77521 -0.656031 1.01887e+26 8.78 11.0549
-1.78874 -0.599257 1.01717e+26 8.79 11.0101
-1.7984 -0.541716 1.01655e+26 8.8 10.9587
-1.80417 -0.483643 1.01701e+26 8.81 10.9008
-1.80603 -0.425269 1.01854e+26 8.82 10.8363
-1.80399 -0.366828 1.02111e+26 8.83 10.7651
-1.79804 -0.308551 1.02473e+26 8.84 10.6869
-1.7882 -0.250668 1.02937e+26 8.85 10.6017
-1.77451 -0.193407 1.03502e+26 8.86 10.5091
-1.75701 -0.136998 1.04167e+26 8.87 10.4089
-1.73574 -0.0816664 1.04931e+26 8.88 10.3006
-1.71077 -0.0276363 1.05791e+26 8.89 10.184
-1.68217 0.0248694 1.06745e+26 8.9 10.0587
-1.65003 0.0756301 1.07793e+26 8.91 9.92407
-1.61443 0.124428 1.08932e+26 8.92 9.77983
-1.5755 0.171047 1.10159e+26 8.93 9.62544
-1.53335 0.215275 1.11472e+26 8.94 9.46041
-1.48811 0.256904 1.12868e+26 8.95 9.28421
-1.43992 0.295729 1.14344e+26 8.96 9.09632
-1.38895 0.33155 1.15897e+26 8.97 8.89621
-1.33536 0.364171 1.17524e+26 8.98 8.68335
-1.27935 0.393406 1.19218e+26 8.99 8.45723
-1.2211 0.419072 1.20977e+26 9 8.21732
-1.16084 0.440995 1.22795e+26 9.01 7.96315
-1.09879 0.459012 1.24667e+26 9.02 7.69424
-1.03519 0.47297 1.26585e+26 9.03 7.41016
-0.970312 0.482725 1.28542e+26 9.04 7.11055
-0.904419 0.48815 1.30532e+26 9.05 6.79505
-0.837802 0.489132 1.32545e+26 9.06 6.46342
-0.770765 0.485573 1.34572e+26 9.07 6.11545
-0.703625 0.477397 1.36604e+26 9.08 5.75105
-0.636712 0.464547 1.38628e+26 9.09 5.37022
-0.570369 0.446989 1.40634e+26 9.1 4.97305
-0.50495 0.424714 1.4261e+26 9.11 4.55979
-0.440818 0.397741 1.44541e+26 9.12 4.1308
-0.378343 0.366117 1.46414e+26 9.13 3.68659
-0.3179 0.329921 1.48216e+26 9.14 3.22783
-0.259865 0.289265 1.49931e+26 9.15 2.75534
-0.204613 0.244296 1.51544e+26 9.16 2.27014
-0.152514 0.195195 1.53042e+26 9.17 1.77338
-0.10393 0.142181 1.54409e+26 9.18 1.26644
-0.0592074 0.0855088 1.55632e+26 9.19 0.750855
-0.0186764 0.0254689 1.56697e+26 9.2 0.228786
0.0173558 -0.0376119 1.57591e+26 9.21 0.300925
0.048609 -0.103374 1.58305e+26 9.22 0.831734
0.0748349 -0.171426 1.58829e+26 9.23 1.36417
0.0958207 -0.241351 1.59154e+26 9.24 1.89579
0.111394 -0.312705 1.59276e+26 9.25 2.42438
0.121425 -0.385027 1.59191e+26 9.26 2.94773
0.125829 -0.457841 1.58899e+26 9.27 3.46365
0.124572 -0.530663 1.584e+26 9.28 3.97002
0.117665 -0.603005 1.577e+26 9.29 4.46477
0.10517 -0.674384 1.56804e+26 9.3 4.94597
0.087196 -0.744326 1.55722e+26 9.31 5.41185
0.0638999 -0.81237 1.54464e+26 9.32 5.86077
0.035481 -0.878079 1.53043e+26 9.33 6.29133
0.00217997 -0.941036 1.51474e+26 9.34 6.70231
-0.0357261 -1.00086 1.49773e+26 9.35 7.09274
-0.0779278 -1.0572 1.47956e+26 9.36 7.46184
-0.124088 -1.10973 1.4604e+26 9.37 7.80909
-0.173847 -1.15819 1.44044e+26 9.38 8.13417
-0.226827 -1.20232 1.41986e+26 9.39 8.43696
-0.282637 -1.24194 1.39882e+26 9.4 8.71755
-0.34088 -1.27688 1.37749e+26 9.41 8.97619
-0.401152 -1.30702 1.35603e+26 9.42 9.21329
-0.463052 -1.33228 1.33461e+26 9.43 9.4294
-0.52618 -1.3526 1.31335e+26 9.44 9.62517
-0.590146 -1.36798 1.29239e+26 9.45 9.80134
-0.654568 -1.37842 1.27185e+26 9.46 9.95873
-0.719076 -1.38397 1.25183e+26 9.47 10.0982
-0.783316 -1.38471 1.23244e+26 9.48 10.2206
-0.846946 -1.38074 1.21374e+26 9.49 10.327
-0.909644 -1.37216 1.19582e+26 9.5 10.4181
-0.971103 -1.35911 1.17874e+26 9.51 10.4948
-1.03103 -1.34175 1.16254e+26 9.52 10.5582
-1.08917 -1.32025 1.14728e+26 9.53 10.6089
-1.14526 -1.29478 1.13299e+26 9.54 10.6477
-1.19906 -1.26554 1.1197e+26 9.55 10.6755
-1.25037 -1.23274 1.10742e+26 9.56 10.6929
-1.29898 -1.19657 1.09618e+26 9.57 10.7005
-1.34471 -1.15726 1.08598e+26 9.58 10.6989
-1.3874 -1.11502 1.07683e+26 9.59 10.6887
-1.4269 -1.07009 1.06874e+26 9.6 10.6703
-1.46308 -1.02269 1.0617e+26 9.61 10.644
-1.49581 -0.973057 1.05572e+26 9.62 10.6103
-1.525 -0.921415 1.05077e+26 9.63 10.5694
-1.55056 -0.868005 1.04687e+26 9.64 10.5215
-1.5724 -0.81306 1.04399e+26 9.65 10.4668
-1.59047 -0.756816 1.04213e+26 9.66 10.4053
-1.60472 -0.699509 1.04127e+26 9.67 10.3373
-1.6151 -0.641374 1.04141e+26 9.68 10.2626
-1.6216 -0.582645 1.04252e+26 9.69 10.1812
-1.62418 -0.523556 1.04459e+26 9.7 10.0931
-1.62286 -0.464339 1.04762e+26 9.71 9.99809
-1.61763 -0.405227 1.05158e+26 9.72 9.89609
-1.60851 -0.34645 1.05645e+26 9.73 9.78687
-1.59554 -0.288235 1.06222e+26 9.74 9.67023
-1.57875 -0.230811 1.06887e+26 9.75 9.54589
-1.55819 -0.174403 1.07639e+26 9.76 9.4136
-1.53391 -0.119234 1.08475e+26 9.77 9.27304
-1.50601 -0.0655262 1.09393e+26 9.78 9.12389
-1.47454 -0.0134985 1.10391e+26 9.79 8.96583
-1.43962 0.0366324 1.11466e+26 9.8 8.79849
-1.40134 0.0846524 1.12617e+26 9.81 8.62152
-1.35982 0.130351 1.1384e+26 9.82 8.43455
-1.31518 0.17352 1.15132e+26 9.83 8.23722
-1.26758 0.213958 1.16491e+26 9.84 8.02916
-1.21717 0.251464 1.17912e+26 9.85 7.81002
-1.1641 0.285847 1.19391e+26 9.86 7.57945
-1.10856 0.316917 1.20925e+26 9.87 7.33713
-1.05075 0.344494 1.2251e+26 9.88 7.08276
-0.990872 0.368405 1.24139e+26 9.89 6.81609
-0.929148 0.388486 1.25807e+26 9.9 6.53688
-0.865815 0.404581 1.27509e+26 9.91 6.24497
-0.801125 0.416548 1.29238e+26 9.92 5.94025
-0.735344 0.424255 1.30986e+26 9.93 5.62271
-0.668753 0.427587 1.32747e+26 9.94 5.2924
-0.601646 0.426443 1.34513e+26 9.95 4.94951
-0.534333 0.420739 1.36274e+26 9.96 4.59436
-0.467135 0.410414 1.38021e+26 9.97 4.22749
-0.400388 0.395425 1.39745e+26 9.98 3.84964
-0.334437 0.375754 0 9.99 3.46196
