-1 0 1.17998e+26 0 6.28616
-0.996253 0.0628616 1.18417e+26 0.01 6.2862
-0.988736 0.125573 1.19121e+26 0.02 6.29503
-0.977408 0.187979 1.20125e+26 0.03 6.31288
-0.962213 0.249917 1.2145e+26 0.04 6.34009
-0.943076 0.311213 1.23132e+26 0.05 6.37716
-0.919902 0.37168 1.25216e+26 0.06 6.42475
-0.892573 0.431108 1.27761e+26 0.07 6.4837
-0.86095 0.489262 1.30847e+26 0.08 6.55508
-0.824864 0.54587 1.34575e+26 0.09 6.64022
-0.784114 0.600616 1.3908e+26 0.1 6.7408
-0.738464 0.653118 1.44541e+26 0.11 6.85889
-0.687633 0.702915 1.51199e+26 0.12 6.99713
-0.63129 0.749423 1.59386e+26 0.13 7.15888
-0.569045 0.7919 1.69572e+26 0.14 7.34846
-0.50044 0.829359 1.82445e+26 0.15 7.57146
-0.424946 0.860452 1.99055e+26 0.16 7.83528
-0.341979 0.883258 2.2108e+26 0.17 8.14971
-0.250969 0.894899 2.51381e+26 0.18 8.52764
-0.151617 0.890781 2.95256e+26 0.19 8.98504
-0.0448155 0.862963 3.63721e+26 0.2 9.53694
0.0636813 0.796238 4.84457e+26 0.21 10.1743
0.143544 0.656529 7.73299e+26 0.22 10.8147
0.0395756 0.435727 1.7786e+27 0.23 10.6779
-0.240833 0.596466 3.11944e+27 0.24 20.7906
-0.472854 0.765288 2.45859e+27 0.25 25.8127
-0.684482 0.928808 2.13582e+27 0.26 30.8569
-0.888272 1.08917 2.008e+27 0.27 36.4458
-1.08795 1.24751 1.93931e+27 0.28 42.1833
-1.28514 1.40444 1.89645e+27 0.29 47.975
-1.48067 1.56032 1.86717e+27 0.3 53.7884
-1.67503 1.71536 1.84589e+27 0.31 59.6097
-1.86855 1.86971 1.82969e+27 0.32 65.4322
-2.06143 2.02347 1.81688e+27 0.33 71.2519
-2.25381 2.17671 1.80643e+27 0.34 77.0663
-2.44581 2.32948 1.79766e+27 0.35 82.8736
-2.63749 2.48182 1.79013e+27 0.36 88.6723
-2.82892 2.63375 1.78352e+27 0.37 94.4615
-3.02012 2.78531 1.77762e+27 0.38 100.24
-3.21113 2.93653 1.77227e+27 0.39 106.008
-3.40198 3.08741 1.76735e+27 0.4 111.766
-3.59267 3.23798 1.7628e+27 0.41 117.512
-3.78321 3.38825 1.75856e+27 0.42 123.247
-3.97363 3.53825 1.75458e+27 0.43 128.972
-4.16392 3.688 1.75084e+27 0.44 134.688
-4.35409 3.8375 1.74731e+27 0.45 140.394
-4.54415 3.98677 1.74399e+27 0.46 146.092
-4.73409 4.13583 1.74084e+27 0.47 151.781
-4.92394 4.28469 1.73787e+27 0.48 157.464
-5.11368 4.43336 1.73505e+27 0.49 163.139
-5.30332 4.58185 1.73239e+27 0.5 168.808
-5.49287 4.73019 1.72987e+27 0.51 174.472
-5.68232 4.87836 1.72748e+27 0.52 180.13
-5.87169 5.0264 1.72522e+27 0.53 185.784
-6.06098 5.1743 1.72307e+27 0.54 191.433
-6.25018 5.32207 1.72104e+27 0.55 197.078
-6.4393 5.46973 1.71911e+27 0.56 202.72
-6.62835 5.61727 1.71727e+27 0.57 208.357
-6.81733 5.76471 1.71553e+27 0.58 213.992
-7.00624 5.91205 1.71387e+27 0.59 219.624
-7.19508 6.0593 1.7123e+27 0.6 225.253
-7.38385 6.20646 1.71079e+27 0.61 230.879
-7.57257 6.35353 1.70936e+27 0.62 236.503
-7.76122 6.50053 1.708e+27 0.63 242.125
-7.94982 6.64746 1.7067e+27 0.64 247.745
-8.13836 6.79431 1.70545e+27 0.65 253.363
-8.32684 6.94109 1.70427e+27 0.66 258.979
-8.51528 7.08782 1.70313e+27 0.67 264.593
-8.70366 7.23448 1.70204e+27 0.68 270.205
-8.892 7.38108 1.701e+27 0.69 275.816
-9.08029 7.52763 1.7e+27 0.7 281.425
-9.26854 7.67413 1.69904e+27 0.71 287.033
-9.45674 7.82058 1.69812e+27 0.72 292.64
-9.64491 7.96698 1.69724e+27 0.73 298.245
-9.83303 8.11334 1.69639e+27 0.74 303.849
-10.0211 8.25965 1.69557e+27 0.75 309.452
-10.2092 8.40592 1.69479e+27 0.76 315.053
-10.3972 8.55215 1.69403e+27 0.77 320.654
-10.5851 8.69834 1.6933e+27 0.78 326.253
-10.7731 8.84449 1.6926e+27 0.79 331.852
-10.961 8.99061 1.69192e+27 0.8 337.449
-11.1489 9.1367 1.69127e+27 0.81 343.046
-11.3367 9.28275 1.69063e+27 0.82 348.642
-11.5245 9.42877 1.69002e+27 0.83 354.237
-11.7123 9.57476 1.68943e+27 0.84 359.831
-11.9001 9.72072 1.68886e+27 0.85 365.424
-12.0878 9.86666 1.68831e+27 0.86 371.016
-12.2755 10.0126 1.68777e+27 0.87 376.608
-12.4632 10.1584 1.68725e+27 0.88 382.199
-12.6508 10.3043 1.68675e+27 0.89 387.789
-12.8385 10.4501 1.68626e+27 0.9 393.379
-13.0261 10.5959 1.68579e+27 0.91 398.967
-13.2136 10.7417 1.68533e+27 0.92 404.556
-13.4012 10.8875 1.68489e+27 0.93 410.143
-13.5887 11.0332 1.68445e+27 0.94 415.73
-13.7762 11.1789 1.68403e+27 0.95 421.317
-13.9637 11.3246 1.68362e+27 0.96 426.903
-14.1512 11.4703 1.68323e+27 0.97 432.488
-14.3387 11.616 1.68284e+27 0.98 438.073
-14.5261 11.7616 1.68246e+27 0.99 443.657
-14.7135 11.9072 1.6821e+27 1 449.24
-14.9009 12.0528 1.68174e+27 1.01 454.824
-15.0883 12.1984 1.68139e+27 1.02 460.406
-15.2757 12.344 1.68105e+27 1.03 465.988
-15.463 12.4896 1.68072e+27 1.04 471.57
-15.6503 12.6351 1.6804e+27 1.05 477.152
-15.8376 12.7806 1.68009e+27 1.06 482.732
-16.0249 12.9261 1.67978e+27 1.07 488.313
-16.2122 13.0716 1.67948e+27 1.08 493.893
-16.3995 13.2171 1.67919e+27 1.09 499.472
-16.5867 13.3626 1.67891e+27 1.1 505.051
-16.774 13.508 1.67863e+27 1.11 510.63
-16.9612 13.6535 1.67836e+27 1.12 516.209
-17.1484 13.7989 1.67809e+27 1.13 521.787
-17.3356 13.9443 1.67783e+27 1.14 527.364
-17.5228 14.0897 1.67758e+27 1.15 532.941
-17.71 14.2351 1.67733e+27 1.16 538.518
-17.8971 14.3805 1.67709e+27 1.17 544.095
-18.0843 14.5259 1.67685e+27 1.18 549.671
-18.2714 14.6712 1.67662e+27 1.19 555.247
-18.4585 14.8166 1.67639e+27 1.2 560.823
-18.6456 14.9619 1.67616e+27 1.21 566.398
-18.8327 15.1072 1.67595e+27 1.22 571.973
-19.0198 15.2526 1.67573e+27 1.23 577.547
-19.2069 15.3979 1.67552e+27 1.24 583.122
-19.3939 15.5432 1.67532e+27 1.25 588.696
-19.581 15.6884 1.67512e+27 1.26 594.269
-19.768 15.8337 1.67492e+27 1.27 599.843
-19.9551 15.979 1.67473e+27 1.28 605.416
-20.1421 16.1242 1.67454e+27 1.29 610.989
-20.3291 16.2695 1.67435e+27 1.3 616.561
-20.5161 16.4147 1.67417e+27 1.31 622.134
-20.7031 16.56 1.67399e+27 1.32 627.706
-20.8901 16.7052 1.67381e+27 1.33 633.278
-21.0771 16.8504 1.67364e+27 1.34 638.849
-21.264 16.9956 1.67347e+27 1.35 644.42
-21.451 17.1408 1.6733e+27 1.36 649.992
-21.6379 17.286 1.67314e+27 1.37 655.562
-21.8249 17.4312 1.67298e+27 1.38 661.133
-22.0118 17.5764 1.67282e+27 1.39 666.703
-22.1987 17.7216 1.67267e+27 1.4 672.274
-22.3856 17.8667 1.67252e+27 1.41 677.843
-22.5726 18.0119 1.67237e+27 1.42 683.413
-22.7595 18.157 1.67222e+27 1.43 688.983
-22.9463 18.3022 1.67207e+27 1.44 694.552
-23.1332 18.4473 1.67193e+27 1.45 700.121
-23.3201 18.5925 1.67179e+27 1.46 705.69
-23.507 18.7376 1.67165e+27 1.47 711.258
-23.6938 18.8827 1.67152e+27 1.48 716.827
-23.8807 19.0278 1.67139e+27 1.49 722.395
-24.0675 19.1729 1.67126e+27 1.5 727.963
-24.2544 19.318 1.67113e+27 1.51 733.531
-24.4412 19.4631 1.671e+27 1.52 739.099
-24.628 19.6082 1.67087e+27 1.53 744.666
-24.8149 19.7533 1.67075e+27 1.54 750.234
-25.0017 19.8984 1.67063e+27 1.55 755.801
-25.1885 20.0434 1.67051e+27 1.56 761.368
-25.3753 20.1885 1.67039e+27 1.57 766.935
-25.5621 20.3336 1.67028e+27 1.58 772.501
-25.7489 20.4786 1.67017e+27 1.59 778.068
-25.9356 20.6237 1.67005e+27 1.6 783.634
-26.1224 20.7687 1.66994e+27 1.61 789.2
-26.3092 20.9138 1.66983e+27 1.62 794.766
-26.496 21.0588 1.66973e+27 1.63 800.332
-26.6827 21.2038 1.66962e+27 1.64 805.897
-26.8695 21.3489 1.66952e+27 1.65 811.463
-27.0562 21.4939 1.66941e+27 1.66 817.028
-27.243 21.6389 1.66931e+27 1.67 822.593
-27.4297 21.7839 1.66921e+27 1.68 828.158
-27.6164 21.9289 1.66911e+27 1.69 833.723
-27.8032 22.0739 1.66902e+27 1.7 839.288
-27.9899 22.2189 1.66892e+27 1.71 844.853
-28.1766 22.3639 1.66883e+27 1.72 850.417
-28.3633 22.5089 1.66873e+27 1.73 855.981
-28.55 22.6539 1.66864e+27 1.74 861.546
-28.7367 22.7989 1.66855e+27 1.75 867.11
-28.9234 22.9439 1.66846e+27 1.76 872.674
-29.1101 23.0888 1.66837e+27 1.77 878.237
-29.2968 23.2338 1.66829e+27 1.78 883.801
-29.4835 23.3788 1.6682e+27 1.79 889.364
-29.6702 23.5237 1.66812e+27 1.8 894.928
-29.8568 23.6687 1.66803e+27 1.81 900.491
-30.0435 23.8136 1.66795e+27 1.82 906.054
-30.2302 23.9586 1.66787e+27 1.83 911.617
-30.4168 24.1035 1.66779e+27 1.84 917.18
-30.6035 24.2485 1.66771e+27 1.85 922.743
-30.7901 24.3934 1.66763e+27 1.86 928.306
-30.9768 24.5384 1.66755e+27 1.87 933.868
-31.1634 24.6833 1.66748e+27 1.88 939.43
-31.3501 24.8282 1.6674e+27 1.89 944.993
-31.5367 24.9731 1.66732e+27 1.9 950.555
-31.7233 25.1181 1.66725e+27 1.91 956.117
-31.9099 25.263 1.66718e+27 1.92 961.679
-32.0966 25.4079 1.66711e+27 1.93 967.241
-32.2832 25.5528 1.66703e+27 1.94 972.803
-32.4698 25.6977 1.66696e+27 1.95 978.364
-32.6564 25.8426 1.66689e+27 1.96 983.926
-32.843 25.9875 1.66683e+27 1.97 989.487
-33.0296 26.1324 1.66676e+27 1.98 995.048
-33.2162 26.2773 1.66669e+27 1.99 1000.61
-33.4028 26.4222 1.66662e+27 2 1006.17
-33.5894 26.5671 1.66656e+27 2.01 1011.73
-33.776 26.712 1.66649e+27 2.02 1017.29
-33.9626 26.8569 1.66643e+27 2.03 1022.85
-34.1492 27.0018 1.66637e+27 2.04 1028.41
-34.3358 27.1467 1.6663e+27 2.05 1033.97
-34.5223 27.2915 1.66624e+27 2.06 1039.54
-34.7089 27.4364 1.66618e+27 2.07 1045.1
-34.8955 27.5813 1.66612e+27 2.08 1050.66
-35.082 27.7262 1.66606e+27 2.09 1056.22
-35.2686 27.871 1.666e+27 2.1 1061.78
-35.4552 28.0159 1.66594e+27 2.11 1067.34
-35.6417 28.1608 1.66588e+27 2.12 1072.9
-35.8283 28.3056 1.66583e+27 2.13 1078.46
-36.0148 28.4505 1.66577e+27 2.14 1084.02
-36.2014 28.5953 1.66571e+27 2.15 1089.58
-36.3879 28.7402 1.66566e+27 2.16 1095.14
-36.5745 28.885 1.6656e+27 2.17 1100.7
-36.761 29.0299 1.66555e+27 2.18 1106.25
-36.9475 29.1747 1.66549e+27 2.19 1111.81
-37.1341 29.3195 1.66544e+27 2.2 1117.37
-37.3206 29.4644 1.66539e+27 2.21 1122.93
-37.5071 29.6092 1.66533e+27 2.22 1128.49
-37.6936 29.7541 1.66528e+27 2.23 1134.05
-37.8802 29.8989 1.66523e+27 2.24 1139.61
-38.0667 30.0437 1.66518e+27 2.25 1145.17
-38.2532 30.1885 1.66513e+27 2.26 1150.73
-38.4397 30.3334 1.66508e+27 2.27 1156.29
-38.6262 30.4782 1.66503e+27 2.28 1161.85
-38.8127 30.623 1.66498e+27 2.29 1167.4
-38.9992 30.7678 1.66493e+27 2.3 1172.96
-39.1857 30.9127 1.66489e+27 2.31 1178.52
-39.3722 31.0575 1.66484e+27 2.32 1184.08
-39.5587 31.2023 1.66479e+27 2.33 1189.64
-39.7452 31.3471 1.66475e+27 2.34 1195.2
-39.9317 31.4919 1.6647e+27 2.35 1200.75
-40.1182 31.6367 1.66465e+27 2.36 1206.31
-40.3047 31.7815 1.66461e+27 2.37 1211.87
-40.4912 31.9263 1.66456e+27 2.38 1217.43
-40.6776 32.0711 1.66452e+27 2.39 1222.99
-40.8641 32.2159 1.66448e+27 2.4 1228.54
-41.0506 32.3607 1.66443e+27 2.41 1234.1
-41.2371 32.5055 1.66439e+27 2.42 1239.66
-41.4235 32.6503 1.66435e+27 2.43 1245.22
-41.61 32.7951 1.6643e+27 2.44 1250.77
-41.7965 32.9399 1.66426e+27 2.45 1256.33
-41.983 33.0847 1.66422e+27 2.46 1261.89
-42.1694 33.2294 1.66418e+27 2.47 1267.45
-42.3559 33.3742 1.66414e+27 2.48 1273
-42.5423 33.519 1.6641e+27 2.49 1278.56
-42.7288 33.6638 1.66406e+27 2.5 1284.12
-42.9152 33.8086 1.66402e+27 2.51 1289.68
-43.1017 33.9533 1.66398e+27 2.52 1295.23
-43.2881 34.0981 1.66394e+27 2.53 1300.79
-43.4746 34.2429 1.6639e+27 2.54 1306.35
-43.661 34.3877 1.66386e+27 2.55 1311.9
-43.8475 34.5324 1.66383e+27 2.56 1317.46
-44.0339 34.6772 1.66379e+27 2.57 1323.02
-44.2204 34.822 1.66375e+27 2.58 1328.57
-44.4068 34.9667 1.66371e+27 2.59 1334.13
-44.5932 35.1115 1.66368e+27 2.6 1339.69
-44.7797 35.2562 1.66364e+27 2.61 1345.24
-44.9661 35.401 1.66361e+27 2.62 1350.8
-45.1525 35.5458 1.66357e+27 2.63 1356.36
-45.339 35.6905 1.66353e+27 2.64 1361.91
-45.5254 35.8353 1.6635e+27 2.65 1367.47
-45.7118 35.98 1.66346e+27 2.66 1373.03
-45.8982 36.1248 1.66343e+27 2.67 1378.58
-46.0846 36.2695 1.6634e+27 2.68 1384.14
-46.2711 36.4143 1.66336e+27 2.69 1389.69
-46.4575 36.559 1.66333e+27 2.7 1395.25
-46.6439 36.7038 1.66329e+27 2.71 1400.81
-46.8303 36.8485 1.66326e+27 2.72 1406.36
-47.0167 36.9932 1.66323e+27 2.73 1411.92
-47.2031 37.138 1.6632e+27 2.74 1417.47
-47.3895 37.2827 1.66316e+27 2.75 1423.03
-47.5759 37.4275 1.66313e+27 2.76 1428.58
-47.7623 37.5722 1.6631e+27 2.77 1434.14
-47.9487 37.7169 1.66307e+27 2.78 1439.7
-48.1351 37.8617 1.66304e+27 2.79 1445.25
-48.3215 38.0064 1.66301e+27 2.8 1450.81
-48.5079 38.1511 1.66297e+27 2.81 1456.36
-48.6943 38.2959 1.66294e+27 2.82 1461.92
-48.8807 38.4406 1.66291e+27 2.83 1467.47
-49.0671 38.5853 1.66288e+27 2.84 1473.03
-49.2535 38.73 1.66285e+27 2.85 1478.58
-49.4399 38.8748 1.66282e+27 2.86 1484.14
-49.6263 39.0195 1.66279e+27 2.87 1489.69
-49.8127 39.1642 1.66276e+27 2.88 1495.25
-49.999 39.3089 1.66274e+27 2.89 1500.8
-50.1854 39.4536 1.66271e+27 2.9 1506.36
-50.3718 39.5984 1.66268e+27 2.91 1511.92
-50.5582 39.7431 1.66265e+27 2.92 1517.47
-50.7446 39.8878 1.66262e+27 2.93 1523.02
-50.9309 40.0325 1.66259e+27 2.94 1528.58
-51.1173 40.1772 1.66257e+27 2.95 1534.13
-51.3037 40.3219 1.66254e+27 2.96 1539.69
-51.4901 40.4666 1.66251e+27 2.97 1545.24
-51.6764 40.6113 1.66248e+27 2.98 1550.8
-51.8628 40.7561 1.66246e+27 2.99 1556.35
-52.0492 40.9008 1.66243e+27 3 1561.91
-52.2355 41.0455 1.6624e+27 3.01 1567.46
-52.4219 41.1902 1.66238e+27 3.02 1573.02
-52.6083 41.3349 1.66235e+27 3.03 1578.57
-52.7946 41.4796 1.66233e+27 3.04 1584.13
-52.981 41.6243 1.6623e+27 3.05 1589.68
-53.1673 41.769 1.66227e+27 3.06 1595.24
-53.3537 41.9137 1.66225e+27 3.07 1600.79
-53.54 42.0584 1.66222e+27 3.08 1606.34
-53.7264 42.2031 1.6622e+27 3.09 1611.9
-53.9127 42.3478 1.66217e+27 3.1 1617.45
-54.0991 42.4925 1.66215e+27 3.11 1623.01
-54.2854 42.6372 1.66212e+27 3.12 1628.56
-54.4718 42.7818 1.6621e+27 3.13 1634.11
-54.6581 42.9265 1.66208e+27 3.14 1639.67
-54.8445 43.0712 1.66205e+27 3.15 1645.22
-55.0308 43.2159 1.66203e+27 3.16 1650.78
-55.2172 43.3606 1.662e+27 3.17 1656.33
-55.4035 43.5053 1.66198e+27 3.18 1661.88
-55.5899 43.65 1.66196e+27 3.19 1667.44
-55.7762 43.7947 1.66193e+27 3.2 1672.99
-55.9625 43.9393 1.66191e+27 3.21 1678.55
-56.1489 44.084 1.66189e+27 3.22 1684.1
-56.3352 44.2287 1.66187e+27 3.23 1689.65
-56.5215 44.3734 1.66184e+27 3.24 1695.21
-56.7079 44.5181 1.66182e+27 3.25 1700.76
-56.8942 44.6627 1.6618e+27 3.26 1706.32
-57.0805 44.8074 1.66178e+27 3.27 1711.87
-57.2669 44.9521 1.66175e+27 3.28 1717.42
-57.4532 45.0968 1.66173e+27 3.29 1722.98
-57.6395 45.2414 1.66171e+27 3.3 1728.53
-57.8258 45.3861 1.66169e+27 3.31 1734.08
-58.0122 45.5308 1.66167e+27 3.32 1739.64
-58.1985 45.6755 1.66165e+27 3.33 1745.19
-58.3848 45.8201 1.66163e+27 3.34 1750.74
-58.5711 45.9648 1.6616e+27 3.35 1756.3
-58.7574 46.1095 1.66158e+27 3.36 1761.85
-58.9438 46.2541 1.66156e+27 3.37 1767.4
-59.1301 46.3988 1.66154e+27 3.38 1772.96
-59.3164 46.5435 1.66152e+27 3.39 1778.51
-59.5027 46.6881 1.6615e+27 3.4 1784.06
-59.689 46.8328 1.66148e+27 3.41 1789.62
-59.8753 46.9775 1.66146e+27 3.42 1795.17
-60.0617 47.1221 1.66144e+27 3.43 1800.72
-60.248 47.2668 1.66142e+27 3.44 1806.28
-60.4343 47.4114 1.6614e+27 3.45 1811.83
-60.6206 47.5561 1.66138e+27 3.46 1817.38
-60.8069 47.7008 1.66136e+27 3.47 1822.93
-60.9932 47.8454 1.66134e+27 3.48 1828.49
-61.1795 47.9901 1.66132e+27 3.49 1834.04
-61.3658 48.1347 1.66131e+27 3.5 1839.59
-61.5521 48.2794 1.66129e+27 3.51 1845.15
-61.7384 48.4241 1.66127e+27 3.52 1850.7
-61.9247 48.5687 1.66125e+27 3.53 1856.25
-62.111 48.7134 1.66123e+27 3.54 1861.8
-62.2973 48.858 1.66121e+27 3.55 1867.36
-62.4836 49.0027 1.66119e+27 3.56 1872.91
-62.6699 49.1473 1.66118e+27 3.57 1878.46
-62.8562 49.292 1.66116e+27 3.58 1884.01
-63.0425 49.4366 1.66114e+27 3.59 1889.57
-63.2288 49.5813 1.66112e+27 3.6 1895.12
-63.4151 49.7259 1.6611e+27 3.61 1900.67
-63.6014 49.8706 1.66109e+27 3.62 1906.22
-63.7877 50.0152 1.66107e+27 3.63 1911.78
-63.974 50.1598 1.66105e+27 3.64 1917.33
-64.1602 50.3045 1.66103e+27 3.65 1922.88
-64.3465 50.4491 1.66102e+27 3.66 1928.43
-64.5328 50.5938 1.661e+27 3.67 1933.99
-64.7191 50.7384 1.66098e+27 3.68 1939.54
-64.9054 50.8831 1.66096e+27 3.69 1945.09
-65.0917 51.0277 1.66095e+27 3.7 1950.64
-65.278 51.1723 1.66093e+27 3.71 1956.2
-65.4642 51.317 1.66091e+27 3.72 1961.75
-65.6505 51.4616 1.6609e+27 3.73 1967.3
-65.8368 51.6063 1.66088e+27 3.74 1972.85
-66.0231 51.7509 1.66086e+27 3.75 1978.41
-66.2094 51.8955 1.66085e+27 3.76 1983.96
-66.3956 52.0402 1.66083e+27 3.77 1989.51
-66.5819 52.1848 1.66082e+27 3.78 1995.06
-66.7682 52.3294 1.6608e+27 3.79 2000.61
-66.9545 52.4741 1.66078e+27 3.8 2006.17
-67.1407 52.6187 1.66077e+27 3.81 2011.72
-67.327 52.7633 1.66075e+27 3.82 2017.27
-67.5133 52.908 1.66074e+27 3.83 2022.82
-67.6996 53.0526 1.66072e+27 3.84 2028.37
-67.8858 53.1972 1.6607e+27 3.85 2033.93
-68.0721 53.3418 1.66069e+27 3.86 2039.48
-68.2584 53.4865 1.66067e+27 3.87 2045.03
-68.4446 53.6311 1.66066e+27 3.88 2050.58
-68.6309 53.7757 1.66064e+27 3.89 2056.13
-68.8172 53.9204 1.66063e+27 3.9 2061.68
-69.0034 54.065 1.66061e+27 3.91 2067.24
-69.1897 54.2096 1.6606e+27 3.92 2072.79
-69.376 54.3542 1.66058e+27 3.93 2078.34
-69.5622 54.4989 1.66057e+27 3.94 2083.89
-69.7485 54.6435 1.66055e+27 3.95 2089.44
-69.9348 54.7881 1.66054e+27 3.96 2094.99
-70.121 54.9327 1.66052e+27 3.97 2100.55
-70.3073 55.0773 1.66051e+27 3.98 2106.1
-70.4935 55.222 1.6605e+27 3.99 2111.65
-70.6798 55.3666 1.66048e+27 4 2117.2
-70.8661 55.5112 1.66047e+27 4.01 2122.75
-71.0523 55.6558 1.66045e+27 4.02 2128.3
-71.2386 55.8004 1.66044e+27 4.03 2133.86
-71.4248 55.9451 1.66043e+27 4.04 2139.41
-71.6111 56.0897 1.66041e+27 4.05 2144.96
-71.7973 56.2343 1.6604e+27 4.06 2150.51
-71.9836 56.3789 1.66038e+27 4.07 2156.06
-72.1698 56.5235 1.66037e+27 4.08 2161.61
-72.3561 56.6681 1.66036e+27 4.09 2167.16
-72.5423 56.8128 1.66034e+27 4.1 2172.72
-72.7286 56.9574 1.66033e+27 4.11 2178.27
-72.9148 57.102 1.66032e+27 4.12 2183.82
-73.1011 57.2466 1.6603e+27 4.13 2189.37
-73.2873 57.3912 1.66029e+27 4.14 2194.92
-73.4736 57.5358 1.66028e+27 4.15 2200.47
-73.6598 57.6804 1.66026e+27 4.16 2206.02
-73.8461 57.825 1.66025e+27 4.17 2211.57
-74.0323 57.9696 1.66024e+27 4.18 2217.13
-74.2186 58.1142 1.66022e+27 4.19 2222.68
-74.4048 58.2589 1.66021e+27 4.2 2228.23
-74.591 58.4035 1.6602e+27 4.21 2233.78
-74.7773 58.5481 1.66019e+27 4.22 2239.33
-74.9635 58.6927 1.66017e+27 4.23 2244.88
-75.1498 58.8373 1.66016e+27 4.24 2250.43
-75.336 58.9819 1.66015e+27 4.25 2255.98
-75.5222 59.1265 1.66013e+27 4.26 2261.53
-75.7085 59.2711 1.66012e+27 4.27 2267.09
-75.8947 59.4157 1.66011e+27 4.28 2272.64
-76.081 59.5603 1.6601e+27 4.29 2278.19
-76.2672 59.7049 1.66009e+27 4.3 2283.74
-76.4534 59.8495 1.66007e+27 4.31 2289.29
-76.6397 59.9941 1.66006e+27 4.32 2294.84
-76.8259 60.1387 1.66005e+27 4.33 2300.39
-77.0121 60.2833 1.66004e+27 4.34 2305.94
-77.1984 60.4279 1.66003e+27 4.35 2311.49
-77.3846 60.5725 1.66001e+27 4.36 2317.04
-77.5708 60.7171 1.66e+27 4.37 2322.59
-77.7571 60.8617 1.65999e+27 4.38 2328.15
-77.9433 61.0063 1.65998e+27 4.39 2333.7
-78.1295 61.1509 1.65997e+27 4.4 2339.25
-78.3158 61.2955 1.65995e+27 4.41 2344.8
-78.502 61.4401 1.65994e+27 4.42 2350.35
-78.6882 61.5847 1.65993e+27 4.43 2355.9
-78.8744 61.7293 1.65992e+27 4.44 2361.45
-79.0607 61.8739 1.65991e+27 4.45 2367
-79.2469 62.0185 1.6599e+27 4.46 2372.55
-79.4331 62.1631 1.65989e+27 4.47 2378.1
-79.6193 62.3077 1.65987e+27 4.48 2383.65
-79.8056 62.4522 1.65986e+27 4.49 2389.2
-79.9918 62.5968 1.65985e+27 4.5 2394.75
-80.178 62.7414 1.65984e+27 4.51 2400.3
-80.3642 62.886 1.65983e+27 4.52 2405.85
-80.5505 63.0306 1.65982e+27 4.53 2411.4
-80.7367 63.1752 1.65981e+27 4.54 2416.96
-80.9229 63.3198 1.6598e+27 4.55 2422.51
-81.1091 63.4644 1.65979e+27 4.56 2428.06
-81.2953 63.609 1.65978e+27 4.57 2433.61
-81.4816 63.7536 1.65977e+27 4.58 2439.16
-81.6678 63.8981 1.65975e+27 4.59 2444.71
-81.854 64.0427 1.65974e+27 4.6 2450.26
-82.0402 64.1873 1.65973e+27 4.61 2455.81
-82.2264 64.3319 1.65972e+27 4.62 2461.36
-82.4126 64.4765 1.65971e+27 4.63 2466.91
-82.5989 64.6211 1.6597e+27 4.64 2472.46
-82.7851 64.7657 1.65969e+27 4.65 2478.01
-82.9713 64.9102 1.65968e+27 4.66 2483.56
-83.1575 65.0548 1.65967e+27 4.67 2489.11
-83.3437 65.1994 1.65966e+27 4.68 2494.66
-83.5299 65.344 1.65965e+27 4.69 2500.21
-83.7161 65.4886 1.65964e+27 4.7 2505.76
-83.9023 65.6332 1.65963e+27 4.71 2511.31
-84.0886 65.7777 1.65962e+27 4.72 2516.86
-84.2748 65.9223 1.65961e+27 4.73 2522.41
-84.461 66.0669 1.6596e+27 4.74 2527.96
-84.6472 66.2115 1.65959e+27 4.75 2533.51
-84.8334 66.3561 1.65958e+27 4.76 2539.06
-85.0196 66.5006 1.65957e+27 4.77 2544.61
-85.2058 66.6452 1.65956e+27 4.78 2550.16
-85.392 66.7898 1.65955e+27 4.79 2555.71
-85.5782 66.9344 1.65954e+27 4.8 2561.26
-85.7644 67.079 1.65953e+27 4.81 2566.81
-85.9506 67.2235 1.65952e+27 4.82 2572.36
-86.1368 67.3681 1.65951e+27 4.83 2577.91
-86.323 67.5127 1.6595e+27 4.84 2583.46
-86.5092 67.6573 1.65949e+27 4.85 2589.01
-86.6954 67.8018 1.65948e+27 4.86 2594.56
-86.8816 67.9464 1.65948e+27 4.87 2600.11
-87.0679 68.091 1.65947e+27 4.88 2605.66
-87.2541 68.2356 1.65946e+27 4.89 2611.21
-87.4403 68.3801 1.65945e+27 4.9 2616.76
-87.6265 68.5247 1.65944e+27 4.91 2622.31
-87.8127 68.6693 1.65943e+27 4.92 2627.86
-87.9989 68.8139 1.65942e+27 4.93 2633.41
-88.1851 68.9584 1.65941e+27 4.94 2638.96
-88.3713 69.103 1.6594e+27 4.95 2644.51
-88.5574 69.2476 1.65939e+27 4.96 2650.06
-88.7436 69.3922 1.65938e+27 4.97 2655.61
-88.9298 69.5367 1.65937e+27 4.98 2661.16
-89.116 69.6813 1.65937e+27 4.99 2666.71
-89.3022 69.8259 1.65936e+27 5 2672.26
-89.4884 69.9704 1.65935e+27 5.01 2677.81
-89.6746 70.115 1.65934e+27 5.02 2683.36
-89.8608 70.2596 1.65933e+27 5.03 2688.91
-90.047 70.4041 1.65932e+27 5.04 2694.46
-90.2332 70.5487 1.65931e+27 5.05 2700.01
-90.4194 70.6933 1.6593e+27 5.06 2705.56
-90.6056 70.8378 1.6593e+27 5.07 2711.11
-90.7918 70.9824 1.65929e+27 5.08 2716.66
-90.978 71.127 1.65928e+27 5.09 2722.21
-91.1642 71.2715 1.65927e+27 5.1 2727.76
-91.3504 71.4161 1.65926e+27 5.11 2733.31
-91.5365 71.5607 1.65925e+27 5.12 2738.86
-91.7227 71.7052 1.65924e+27 5.13 2744.41
-91.9089 71.8498 1.65924e+27 5.14 2749.96
-92.0951 71.9944 1.65923e+27 5.15 2755.51
-92.2813 72.1389 1.65922e+27 5.16 2761.05
-92.4675 72.2835 1.65921e+27 5.17 2766.6
-92.6537 72.4281 1.6592e+27 5.18 2772.15
-92.8399 72.5726 1.65919e+27 5.19 2777.7
-93.0261 72.7172 1.65919e+27 5.2 2783.25
-93.2122 72.8617 1.65918e+27 5.21 2788.8
-93.3984 73.0063 1.65917e+27 5.22 2794.35
-93.5846 73.1509 1.65916e+27 5.23 2799.9
-93.7708 73.2954 1.65915e+27 5.24 2805.45
-93.957 73.44 1.65915e+27 5.25 2811
-94.1432 73.5846 1.65914e+27 5.26 2816.55
-94.3293 73.7291 1.65913e+27 5.27 2822.1
-94.5155 73.8737 1.65912e+27 5.28 2827.65
-94.7017 74.0182 1.65911e+27 5.29 2833.2
-94.8879 74.1628 1.65911e+27 5.3 2838.75
-95.0741 74.3074 1.6591e+27 5.31 2844.3
-95.2603 74.4519 1.65909e+27 5.32 2849.85
-95.4464 74.5965 1.65908e+27 5.33 2855.39
-95.6326 74.741 1.65908e+27 5.34 2860.94
-95.8188 74.8856 1.65907e+27 5.35 2866.49
-96.005 75.0301 1.65906e+27 5.36 2872.04
-96.1912 75.1747 1.65905e+27 5.37 2877.59
-96.3773 75.3193 1.65904e+27 5.38 2883.14
-96.5635 75.4638 1.65904e+27 5.39 2888.69
-96.7497 75.6084 1.65903e+27 5.4 2894.24
-96.9359 75.7529 1.65902e+27 5.41 2899.79
-97.122 75.8975 1.65901e+27 5.42 2905.34
-97.3082 76.042 1.65901e+27 5.43 2910.89
-97.4944 76.1866 1.659e+27 5.44 2916.44
-97.6806 76.3311 1.65899e+27 5.45 2921.99
-97.8667 76.4757 1.65898e+27 5.46 2927.54
-98.0529 76.6202 1.65898e+27 5.47 2933.08
-98.2391 76.7648 1.65897e+27 5.48 2938.63
-98.4253 76.9094 1.65896e+27 5.49 2944.18
-98.6114 77.0539 1.65896e+27 5.5 2949.73
-98.7976 77.1985 1.65895e+27 5.51 2955.28
-98.9838 77.343 1.65894e+27 5.52 2960.83
-99.17 77.4876 1.65893e+27 5.53 2966.38
-99.3561 77.6321 1.65893e+27 5.54 2971.93
-99.5423 77.7767 1.65892e+27 5.55 2977.48
-99.7285 77.9212 1.65891e+27 5.56 2983.03
-99.9146 78.0658 1.65891e+27 5.57 2988.58
-100.101 78.2103 1.6589e+27 5.58 2994.12
-100.287 78.3549 1.65889e+27 5.59 2999.67
-100.473 78.4994 1.65888e+27 5.6 3005.22
-100.659 78.644 1.65888e+27 5.61 3010.77
-100.845 78.7885 1.65887e+27 5.62 3016.32
-101.032 78.9331 1.65886e+27 5.63 3021.87
-101.218 79.0776 1.65886e+27 5.64 3027.42
-101.404 79.2222 1.65885e+27 5.65 3032.97
-101.59 79.3667 1.65884e+27 5.66 3038.52
-101.776 79.5112 1.65884e+27 5.67 3044.07
-101.963 79.6558 1.65883e+27 5.68 3049.61
-102.149 79.8003 1.65882e+27 5.69 3055.16
-102.335 79.9449 1.65882e+27 5.7 3060.71
-102.521 80.0894 1.65881e+27 5.71 3066.26
-102.707 80.234 1.6588e+27 5.72 3071.81
-102.893 80.3785 1.6588e+27 5.73 3077.36
-103.079 80.5231 1.65879e+27 5.74 3082.91
-103.266 80.6676 1.65878e+27 5.75 3088.46
-103.452 80.8122 1.65878e+27 5.76 3094.01
-103.638 80.9567 1.65877e+27 5.77 3099.55
-103.824 81.1012 1.65876e+27 5.78 3105.1
-104.01 81.2458 1.65876e+27 5.79 3110.65
-104.196 81.3903 1.65875e+27 5.8 3116.2
-104.383 81.5349 1.65874e+27 5.81 3121.75
-104.569 81.6794 1.65874e+27 5.82 3127.3
-104.755 81.824 1.65873e+27 5.83 3132.85
-104.941 81.9685 1.65872e+27 5.84 3138.4
-105.127 82.113 1.65872e+27 5.85 3143.94
-105.313 82.2576 1.65871e+27 5.86 3149.49
-105.5 82.4021 1.6587e+27 5.87 3155.04
-105.686 82.5467 1.6587e+27 5.88 3160.59
-105.872 82.6912 1.65869e+27 5.89 3166.14
-106.058 82.8358 1.65869e+27 5.9 3171.69
-106.244 82.9803 1.65868e+27 5.91 3177.24
-106.43 83.1248 1.65867e+27 5.92 3182.79
-106.617 83.2694 1.65867e+27 5.93 3188.33
-106.803 83.4139 1.65866e+27 5.94 3193.88
-106.989 83.5585 1.65865e+27 5.95 3199.43
-107.175 83.703 1.65865e+27 5.96 3204.98
-107.361 83.8475 1.65864e+27 5.97 3210.53
-107.547 83.9921 1.65864e+27 5.98 3216.08
-107.733 84.1366 1.65863e+27 5.99 3221.63
-107.92 84.2811 1.65862e+27 6 3227.17
-108.106 84.4257 1.65862e+27 6.01 3232.72
-108.292 84.5702 1.65861e+27 6.02 3238.27
-108.478 84.7148 1.65861e+27 6.03 3243.82
-108.664 84.8593 1.6586e+27 6.04 3249.37
-108.85 85.0038 1.65859e+27 6.05 3254.92
-109.037 85.1484 1.65859e+27 6.06 3260.47
-109.223 85.2929 1.65858e+27 6.07 3266.01
-109.409 85.4374 1.65858e+27 6.08 3271.56
-109.595 85.582 1.65857e+27 6.09 3277.11
-109.781 85.7265 1.65857e+27 6.1 3282.66
-109.967 85.871 1.65856e+27 6.11 3288.21
-110.153 86.0156 1.65855e+27 6.12 3293.76
-110.34 86.1601 1.65855e+27 6.13 3299.3
-110.526 86.3046 1.65854e+27 6.14 3304.85
-110.712 86.4492 1.65854e+27 6.15 3310.4
-110.898 86.5937 1.65853e+27 6.16 3315.95
-111.084 86.7382 1.65852e+27 6.17 3321.5
-111.27 86.8828 1.65852e+27 6.18 3327.05
-111.457 87.0273 1.65851e+27 6.19 3332.6
-111.643 87.1718 1.65851e+27 6.2 3338.14
-111.829 87.3164 1.6585e+27 6.21 3343.69
-112.015 87.4609 1.6585e+27 6.22 3349.24
-112.201 87.6054 1.65849e+27 6.23 3354.79
-112.387 87.75 1.65849e+27 6.24 3360.34
-112.573 87.8945 1.65848e+27 6.25 3365.89
-112.76 88.039 1.65847e+27 6.26 3371.43
-112.946 88.1836 1.65847e+27 6.27 3376.98
-113.132 88.3281 1.65846e+27 6.28 3382.53
-113.318 88.4726 1.65846e+27 6.29 3388.08
-113.504 88.6172 1.65845e+27 6.3 3393.63
-113.69 88.7617 1.65845e+27 6.31 3399.18
-113.876 88.9062 1.65844e+27 6.32 3404.72
-114.063 89.0507 1.65844e+27 6.33 3410.27
-114.249 89.1953 1.65843e+27 6.34 3415.82
-114.435 89.3398 1.65843e+27 6.35 3421.37
-114.621 89.4843 1.65842e+27 6.36 3426.92
-114.807 89.6289 1.65841e+27 6.37 3432.47
-114.993 89.7734 1.65841e+27 6.38 3438.01
-115.179 89.9179 1.6584e+27 6.39 3443.56
-115.366 90.0624 1.6584e+27 6.4 3449.11
-115.552 90.207 1.65839e+27 6.41 3454.66
-115.738 90.3515 1.65839e+27 6.42 3460.21
-115.924 90.496 1.65838e+27 6.43 3465.75
-116.11 90.6406 1.65838e+27 6.44 3471.3
-116.296 90.7851 1.65837e+27 6.45 3476.85
-116.482 90.9296 1.65837e+27 6.46 3482.4
-116.669 91.0741 1.65836e+27 6.47 3487.95
-116.855 91.2187 1.65836e+27 6.48 3493.5
-117.041 91.3632 1.65835e+27 6.49 3499.04
-117.227 91.5077 1.65835e+27 6.5 3504.59
-117.413 91.6522 1.65834e+27 6.51 3510.14
-117.599 91.7968 1.65834e+27 6.52 3515.69
-117.785 91.9413 1.65833e+27 6.53 3521.24
-117.972 92.0858 1.65833e+27 6.54 3526.78
-118.158 92.2303 1.65832e+27 6.55 3532.33
-118.344 92.3749 1.65832e+27 6.56 3537.88
-118.53 92.5194 1.65831e+27 6.57 3543.43
-118.716 92.6639 1.65831e+27 6.58 3548.98
-118.902 92.8084 1.6583e+27 6.59 3554.53
-119.088 92.953 1.6583e+27 6.6 3560.07
-119.275 93.0975 1.65829e+27 6.61 3565.62
-119.461 93.242 1.65829e+27 6.62 3571.17
-119.647 93.3865 1.65828e+27 6.63 3576.72
-119.833 93.531 1.65828e+27 6.64 3582.27
-120.019 93.6756 1.65827e+27 6.65 3587.81
-120.205 93.8201 1.65827e+27 6.66 3593.36
-120.391 93.9646 1.65826e+27 6.67 3598.91
-120.577 94.1091 1.65826e+27 6.68 3604.46
-120.764 94.2537 1.65825e+27 6.69 3610.01
-120.95 94.3982 1.65825e+27 6.7 3615.55
-121.136 94.5427 1.65824e+27 6.71 3621.1
-121.322 94.6872 1.65824e+27 6.72 3626.65
-121.508 94.8317 1.65823e+27 6.73 3632.2
-121.694 94.9763 1.65823e+27 6.74 3637.75
-121.88 95.1208 1.65822e+27 6.75 3643.29
-122.067 95.2653 1.65822e+27 6.76 3648.84
-122.253 95.4098 1.65821e+27 6.77 3654.39
-122.439 95.5543 1.65821e+27 6.78 3659.94
-122.625 95.6989 1.65821e+27 6.79 3665.48
-122.811 95.8434 1.6582e+27 6.8 3671.03
-122.997 95.9879 1.6582e+27 6.81 3676.58
-123.183 96.1324 1.65819e+27 6.82 3682.13
-123.369 96.2769 1.65819e+27 6.83 3687.68
-123.556 96.4215 1.65818e+27 6.84 3693.22
-123.742 96.566 1.65818e+27 6.85 3698.77
-123.928 96.7105 1.65817e+27 6.86 3704.32
-124.114 96.855 1.65817e+27 6.87 3709.87
-124.3 96.9995 1.65816e+27 6.88 3715.42
-124.486 97.144 1.65816e+27 6.89 3720.96
-124.672 97.2886 1.65815e+27 6.9 3726.51
-124.858 97.4331 1.65815e+27 6.91 3732.06
-125.045 97.5776 1.65815e+27 6.92 3737.61
-125.231 97.7221 1.65814e+27 6.93 3743.16
-125.417 97.8666 1.65814e+27 6.94 3748.7
-125.603 98.0111 1.65813e+27 6.95 3754.25
-125.789 98.1557 1.65813e+27 6.96 3759.8
-125.975 98.3002 1.65812e+27 6.97 3765.35
-126.161 98.4447 1.65812e+27 6.98 3770.89
-126.348 98.5892 1.65811e+27 6.99 3776.44
-126.534 98.7337 1.65811e+27 7 3781.99
-126.72 98.8782 1.65811e+27 7.01 3787.54
-126.906 99.0228 1.6581e+27 7.02 3793.09
-127.092 99.1673 1.6581e+27 7.03 3798.63
-127.278 99.3118 1.65809e+27 7.04 3804.18
-127.464 99.4563 1.65809e+27 7.05 3809.73
-127.65 99.6008 1.65808e+27 7.06 3815.28
-127.837 99.7453 1.65808e+27 7.07 3820.82
-128.023 99.8898 1.65808e+27 7.08 3826.37
-128.209 100.034 1.65807e+27 7.09 3831.92
-128.395 100.179 1.65807e+27 7.1 3837.47
-128.581 100.323 1.65806e+27 7.11 3843.01
-128.767 100.468 1.65806e+27 7.12 3848.56
-128.953 100.612 1.65805e+27 7.13 3854.11
-129.139 100.757 1.65805e+27 7.14 3859.66
-129.326 100.901 1.65805e+27 7.15 3865.21
-129.512 101.046 1.65804e+27 7.16 3870.75
-129.698 101.19 1.65804e+27 7.17 3876.3
-129.884 101.335 1.65803e+27 7.18 3881.85
-130.07 101.479 1.65803e+27 7.19 3887.4
-130.256 101.624 1.65803e+27 7.2 3892.94
-130.442 101.768 1.65802e+27 7.21 3898.49
-130.628 101.913 1.65802e+27 7.22 3904.04
-130.814 102.058 1.65801e+27 7.23 3909.59
-131.001 102.202 1.65801e+27 7.24 3915.13
-131.187 102.347 1.658e+27 7.25 3920.68
-131.373 102.491 1.658e+27 7.26 3926.23
-131.559 102.636 1.658e+27 7.27 3931.78
-131.745 102.78 1.65799e+27 7.28 3937.32
-131.931 102.925 1.65799e+27 7.29 3942.87
-132.117 103.069 1.65798e+27 7.3 3948.42
-132.303 103.214 1.65798e+27 7.31 3953.97
-132.49 103.358 1.65798e+27 7.32 3959.51
-132.676 103.503 1.65797e+27 7.33 3965.06
-132.862 103.647 1.65797e+27 7.34 3970.61
-133.048 103.792 1.65796e+27 7.35 3976.16
-133.234 103.936 1.65796e+27 7.36 3981.7
-133.42 104.081 1.65796e+27 7.37 3987.25
-133.606 104.225 1.65795e+27 7.38 3992.8
-133.792 104.37 1.65795e+27 7.39 3998.35
-133.979 104.514 1.65795e+27 7.4 4003.89
-134.165 104.659 1.65794e+27 7.41 4009.44
-134.351 104.803 1.65794e+27 7.42 4014.99
-134.537 104.948 1.65793e+27 7.43 4020.54
-134.723 105.092 1.65793e+27 7.44 4026.08
-134.909 105.237 1.65793e+27 7.45 4031.63
-135.095 105.381 1.65792e+27 7.46 4037.18
-135.281 105.526 1.65792e+27 7.47 4042.73
-135.467 105.67 1.65791e+27 7.48 4048.27
-135.654 105.815 1.65791e+27 7.49 4053.82
-135.84 105.959 1.65791e+27 7.5 4059.37
-136.026 106.104 1.6579e+27 7.51 4064.92
-136.212 106.248 1.6579e+27 7.52 4070.46
-136.398 106.393 1.6579e+27 7.53 4076.01
-136.584 106.537 1.65789e+27 7.54 4081.56
-136.77 106.682 1.65789e+27 7.55 4087.11
-136.956 106.826 1.65788e+27 7.56 4092.65
-137.142 106.971 1.65788e+27 7.57 4098.2
-137.329 107.115 1.65788e+27 7.58 4103.75
-137.515 107.26 1.65787e+27 7.59 4109.3
-137.701 107.404 1.65787e+27 7.6 4114.84
-137.887 107.549 1.65787e+27 7.61 4120.39
-138.073 107.693 1.65786e+27 7.62 4125.94
-138.259 107.838 1.65786e+27 7.63 4131.49
-138.445 107.982 1.65785e+27 7.64 4137.03
-138.631 108.127 1.65785e+27 7.65 4142.58
-138.817 108.271 1.65785e+27 7.66 4148.13
-139.004 108.416 1.65784e+27 7.67 4153.67
-139.19 108.56 1.65784e+27 7.68 4159.22
-139.376 108.705 1.65784e+27 7.69 4164.77
-139.562 108.849 1.65783e+27 7.7 4170.32
-139.748 108.994 1.65783e+27 7.71 4175.86
-139.934 109.138 1.65783e+27 7.72 4181.41
-140.12 109.283 1.65782e+27 7.73 4186.96
-140.306 109.427 1.65782e+27 7.74 4192.51
-140.492 109.572 1.65782e+27 7.75 4198.05
-140.679 109.716 1.65781e+27 7.76 4203.6
-140.865 109.861 1.65781e+27 7.77 4209.15
-141.051 110.005 1.6578e+27 7.78 4214.69
-141.237 110.15 1.6578e+27 7.79 4220.24
-141.423 110.294 1.6578e+27 7.8 4225.79
-141.609 110.439 1.65779e+27 7.81 4231.34
-141.795 110.583 1.65779e+27 7.82 4236.88
-141.981 110.728 1.65779e+27 7.83 4242.43
-142.167 110.872 1.65778e+27 7.84 4247.98
-142.354 111.017 1.65778e+27 7.85 4253.53
-142.54 111.161 1.65778e+27 7.86 4259.07
-142.726 111.306 1.65777e+27 7.87 4264.62
-142.912 111.45 1.65777e+27 7.88 4270.17
-143.098 111.595 1.65777e+27 7.89 4275.71
-143.284 111.739 1.65776e+27 7.9 4281.26
-143.47 111.884 1.65776e+27 7.91 4286.81
-143.656 112.028 1.65776e+27 7.92 4292.36
-143.842 112.173 1.65775e+27 7.93 4297.9
-144.029 112.317 1.65775e+27 7.94 4303.45
-144.215 112.462 1.65775e+27 7.95 4309
-144.401 112.606 1.65774e+27 7.96 4314.54
-144.587 112.751 1.65774e+27 7.97 4320.09
-144.773 112.895 1.65774e+27 7.98 4325.64
-144.959 113.04 1.65773e+27 7.99 4331.19
-145.145 113.184 1.65773e+27 8 4336.73
-145.331 113.329 1.65773e+27 8.01 4342.28
-145.517 113.473 1.65772e+27 8.02 4347.83
-145.703 113.618 1.65772e+27 8.03 4353.37
-145.89 113.762 1.65772e+27 8.04 4358.92
-146.076 113.907 1.65771e+27 8.05 4364.47
-146.262 114.051 1.65771e+27 8.06 4370.02
-146.448 114.196 1.65771e+27 8.07 4375.56
-146.634 114.34 1.6577e+27 8.08 4381.11
-146.82 114.485 1.6577e+27 8.09 4386.66
-147.006 114.629 1.6577e+27 8.1 4392.2
-147.192 114.774 1.65769e+27 8.11 4397.75
-147.378 114.918 1.65769e+27 8.12 4403.3
-147.565 115.063 1.65769e+27 8.13 4408.85
-147.751 115.207 1.65768e+27 8.14 4414.39
-147.937 115.352 1.65768e+27 8.15 4419.94
-148.123 115.496 1.65768e+27 8.16 4425.49
-148.309 115.641 1.65767e+27 8.17 4431.03
-148.495 115.785 1.65767e+27 8.18 4436.58
-148.681 115.93 1.65767e+27 8.19 4442.13
-148.867 116.074 1.65766e+27 8.2 4447.68
-149.053 116.219 1.65766e+27 8.21 4453.22
-149.239 116.363 1.65766e+27 8.22 4458.77
-149.426 116.508 1.65766e+27 8.23 4464.32
-149.612 116.652 1.65765e+27 8.24 4469.86
-149.798 116.797 1.65765e+27 8.25 4475.41
-149.984 116.941 1.65765e+27 8.26 4480.96
-150.17 117.086 1.65764e+27 8.27 4486.5
-150.356 117.23 1.65764e+27 8.28 4492.05
-150.542 117.375 1.65764e+27 8.29 4497.6
-150.728 117.519 1.65763e+27 8.3 4503.15
-150.914 117.664 1.65763e+27 8.31 4508.69
-151.1 117.808 1.65763e+27 8.32 4514.24
-151.287 117.953 1.65762e+27 8.33 4519.79
-151.473 118.097 1.65762e+27 8.34 4525.33
-151.659 118.242 1.65762e+27 8.35 4530.88
-151.845 118.386 1.65762e+27 8.36 4536.43
-152.031 118.531 1.65761e+27 8.37 4541.97
-152.217 118.675 1.65761e+27 8.38 4547.52
-152.403 118.82 1.65761e+27 8.39 4553.07
-152.589 118.964 1.6576e+27 8.4 4558.62
-152.775 119.109 1.6576e+27 8.41 4564.16
-152.961 119.253 1.6576e+27 8.42 4569.71
-153.148 119.398 1.65759e+27 8.43 4575.26
-153.334 119.542 1.65759e+27 8.44 4580.8
-153.52 119.687 1.65759e+27 8.45 4586.35
-153.706 119.831 1.65759e+27 8.46 4591.9
-153.892 119.976 1.65758e+27 8.47 4597.44
-154.078 120.12 1.65758e+27 8.48 4602.99
-154.264 120.265 1.65758e+27 8.49 4608.54
-154.45 120.409 1.65757e+27 8.5 4614.08
-154.636 120.554 1.65757e+27 8.51 4619.63
-154.822 120.698 1.65757e+27 8.52 4625.18
-155.008 120.843 1.65757e+27 8.53 4630.72
-155.195 120.987 1.65756e+27 8.54 4636.27
-155.381 121.132 1.65756e+27 8.55 4641.82
-155.567 121.276 1.65756e+27 8.56 4647.37
-155.753 121.421 1.65755e+27 8.57 4652.91
-155.939 121.565 1.65755e+27 8.58 4658.46
-156.125 121.71 1.65755e+27 8.59 4664.01
-156.311 121.854 1.65755e+27 8.6 4669.55
-156.497 121.998 1.65754e+27 8.61 4675.1
-156.683 122.143 1.65754e+27 8.62 4680.65
-156.869 122.287 1.65754e+27 8.63 4686.19
-157.056 122.432 1.65753e+27 8.64 4691.74
-157.242 122.576 1.65753e+27 8.65 4697.29
-157.428 122.721 1.65753e+27 8.66 4702.83
-157.614 122.865 1.65753e+27 8.67 4708.38
-157.8 123.01 1.65752e+27 8.68 4713.93
-157.986 123.154 1.65752e+27 8.69 4719.47
-158.172 123.299 1.65752e+27 8.7 4725.02
-158.358 123.443 1.65751e+27 8.71 4730.57
-158.544 123.588 1.65751e+27 8.72 4736.11
-158.73 123.732 1.65751e+27 8.73 4741.66
-158.916 123.877 1.65751e+27 8.74 4747.21
-159.103 124.021 1.6575e+27 8.75 4752.76
-159.289 124.166 1.6575e+27 8.76 4758.3
-159.475 124.31 1.6575e+27 8.77 4763.85
-159.661 124.455 1.65749e+27 8.78 4769.4
-159.847 124.599 1.65749e+27 8.79 4774.94
-160.033 124.744 1.65749e+27 8.8 4780.49
-160.219 124.888 1.65749e+27 8.81 4786.04
-160.405 125.033 1.65748e+27 8.82 4791.58
-160.591 125.177 1.65748e+27 8.83 4797.13
-160.777 125.322 1.65748e+27 8.84 4802.68
-160.963 125.466 1.65748e+27 8.85 4808.22
-161.15 125.611 1.65747e+27 8.86 4813.77
-161.336 125.755 1.65747e+27 8.87 4819.32
-161.522 125.9 1.65747e+27 8.88 4824.86
-161.708 126.044 1.65747e+27 8.89 4830.41
-161.894 126.189 1.65746e+27 8.9 4835.96
-162.08 126.333 1.65746e+27 8.91 4841.5
-162.266 126.478 1.65746e+27 8.92 4847.05
-162.452 126.622 1.65745e+27 8.93 4852.6
-162.638 126.767 1.65745e+27 8.94 4858.14
-162.824 126.911 1.65745e+27 8.95 4863.69
-163.01 127.056 1.65745e+27 8.96 4869.24
-163.197 127.2 1.65744e+27 8.97 4874.78
-163.383 127.345 1.65744e+27 8.98 4880.33
-163.569 127.489 1.65744e+27 8.99 4885.88
-163.755 127.634 1.65744e+27 9 4891.42
-163.941 127.778 1.65743e+27 9.01 4896.97
-164.127 127.922 1.65743e+27 9.02 4902.52
-164.313 128.067 1.65743e+27 9.03 4908.06
-164.499 128.211 1.65743e+27 9.04 4913.61
-164.685 128.356 1.65742e+27 9.05 4919.16
-164.871 128.5 1.65742e+27 9.06 4924.7
-165.057 128.645 1.65742e+27 9.07 4930.25
-165.244 128.789 1.65742e+27 9.08 4935.8
-165.43 128.934 1.65741e+27 9.09 4941.34
-165.616 129.078 1.65741e+27 9.1 4946.89
-165.802 129.223 1.65741e+27 9.11 4952.44
-165.988 129.367 1.65741e+27 9.12 4957.98
-166.174 129.512 1.6574e+27 9.13 4963.53
-166.36 129.656 1.6574e+27 9.14 4969.08
-166.546 129.801 1.6574e+27 9.15 4974.62
-166.732 129.945 1.6574e+27 9.16 4980.17
-166.918 130.09 1.65739e+27 9.17 4985.72
-167.104 130.234 1.65739e+27 9.18 4991.26
-167.29 130.379 1.65739e+27 9.19 4996.81
-167.477 130.523 1.65739e+27 9.2 5002.36
-167.663 130.668 1.65738e+27 9.21 5007.9
-167.849 130.812 1.65738e+27 9.22 5013.45
-168.035 130.957 1.65738e+27 9.23 5019
-168.221 131.101 1.65738e+27 9.24 5024.54
-168.407 131.246 1.65737e+27 9.25 5030.09
-168.593 131.39 1.65737e+27 9.26 5035.64
-168.779 131.535 1.65737e+27 9.27 5041.18
-168.965 131.679 1.65737e+27 9.28 5046.73
-169.151 131.824 1.65736e+27 9.29 5052.28
-169.337 131.968 1.65736e+27 9.3 5057.82
-169.524 132.113 1.65736e+27 9.31 5063.37
-169.71 132.257 1.65736e+27 9.32 5068.91
-169.896 132.401 1.65735e+27 9.33 5074.46
-170.082 132.546 1.65735e+27 9.34 5080.01
-170.268 132.69 1.65735e+27 9.35 5085.55
-170.454 132.835 1.65735e+27 9.36 5091.1
-170.64 132.979 1.65734e+27 9.37 5096.65
-170.826 133.124 1.65734e+27 9.38 5102.19
-171.012 133.268 1.65734e+27 9.39 5107.74
-171.198 133.413 1.65734e+27 9.4 5113.29
-171.384 133.557 1.65733e+27 9.41 5118.83
-171.57 133.702 1.65733e+27 9.42 5124.38
-171.757 133.846 1.65733e+27 9.43 5129.93
-171.943 133.991 1.65733e+27 9.44 5135.47
-172.129 134.135 1.65733e+27 9.45 5141.02
-172.315 134.28 1.65732e+27 9.46 5146.57
-172.501 134.424 1.65732e+27 9.47 5152.11
-172.687 134.569 1.65732e+27 9.48 5157.66
-172.873 134.713 1.65732e+27 9.49 5163.21
-173.059 134.858 1.65731e+27 9.5 5168.75
-173.245 135.002 1.65731e+27 9.51 5174.3
-173.431 135.147 1.65731e+27 9.52 5179.84
-173.617 135.291 1.65731e+27 9.53 5185.39
-173.803 135.436 1.6573e+27 9.54 5190.94
-173.99 135.58 1.6573e+27 9.55 5196.48
-174.176 135.725 1.6573e+27 9.56 5202.03
-174.362 135.869 1.6573e+27 9.57 5207.58
-174.548 136.013 1.65729e+27 9.58 5213.12
-174.734 136.158 1.65729e+27 9.59 5218.67
-174.92 136.302 1.65729e+27 9.6 5224.22
-175.106 136.447 1.65729e+27 9.61 5229.76
-175.292 136.591 1.65729e+27 9.62 5235.31
-175.478 136.736 1.65728e+27 9.63 5240.86
-175.664 136.88 1.65728e+27 9.64 5246.4
-175.85 137.025 1.65728e+27 9.65 5251.95
-176.036 137.169 1.65728e+27 9.66 5257.49
-176.222 137.314 1.65727e+27 9.67 5263.04
-176.409 137.458 1.65727e+27 9.68 5268.59
-176.595 137.603 1.65727e+27 9.69 5274.13
-176.781 137.747 1.65727e+27 9.7 5279.68
-176.967 137.892 1.65727e+27 9.71 5285.23
-177.153 138.036 1.65726e+27 9.72 5290.77
-177.339 138.181 1.65726e+27 9.73 5296.32
-177.525 138.325 1.65726e+27 9.74 5301.87
-177.711 138.47 1.65726e+27 9.75 5307.41
-177.897 138.614 1.65725e+27 9.76 5312.96
-178.083 138.759 1.65725e+27 9.77 5318.51
-178.269 138.903 1.65725e+27 9.78 5324.05
-178.455 139.048 1.65725e+27 9.79 5329.6
-178.641 139.192 1.65725e+27 9.8 5335.14
-178.828 139.336 1.65724e+27 9.81 5340.69
-179.014 139.481 1.65724e+27 9.82 5346.24
-179.2 139.625 1.65724e+27 9.83 5351.78
-179.386 139.77 1.65724e+27 9.84 5357.33
-179.572 139.914 1.65724e+27 9.85 5362.88
-179.758 140.059 1.65723e+27 9.86 5368.42
-179.944 140.203 1.65723e+27 9.87 5373.97
-180.13 140.348 1.65723e+27 9.88 5379.51
-180.316 140.492 1.65723e+27 9.89 5385.06
-180.502 140.637 1.65722e+27 9.9 5390.61
-180.688 140.781 1.65722e+27 9.91 5396.15
-180.874 140.926 1.65722e+27 9.92 5401.7
-181.061 141.07 1.65722e+27 9.93 5407.25
-181.247 141.215 1.65722e+27 9.94 5412.79
-181.433 141.359 1.65721e+27 9.95 5418.34
-181.619 141.504 1.65721e+27 9.96 5423.89
-181.805 141.648 1.65721e+27 9.97 5429.43
-181.991 141.793 1.65721e+27 9.98 5434.98
-182.177 141.937 0 9.99 5440.52
