1 0 0
1 0 0.01
2 0 0.02
4 0 0.03
8 0 0.04
16 0 0.05
32 0 0.06
64 0 0.07
128 0 0.08
256 0 0.09
512 0 0.1
1024 0 0.11
2048 0 0.12
4096 0 0.13
8192 0 0.14
16384 0 0.15
32768 0 0.16
65536 0 0.17
131072 0 0.18
262144 0 0.19
524288 0 0.2
1.04858e+06 0 0.21
2.09715e+06 0 0.22
4.1943e+06 0 0.23
8.38861e+06 0 0.24
1.67772e+07 0 0.25
3.35544e+07 0 0.26
6.71089e+07 0 0.27
1.34218e+08 0 0.28
2.68435e+08 0 0.29
5.36871e+08 0 0.3
1.07374e+09 0 0.31
2.14748e+09 0 0.32
4.29497e+09 0 0.33
8.58993e+09 0 0.34
1.71799e+10 0 0.35
3.43597e+10 0 0.36
6.87195e+10 0 0.37
1.37439e+11 0 0.38
2.74878e+11 0 0.39
5.49756e+11 0 0.4
1.09951e+12 0 0.41
2.19902e+12 0 0.42
4.39805e+12 0 0.43
8.79609e+12 0 0.44
1.75922e+13 0 0.45
3.51844e+13 0 0.46
7.03687e+13 0 0.47
1.40737e+14 0 0.48
2.81475e+14 0 0.49
5.6295e+14 0 0.5
1.1259e+15 0 0.51
2.2518e+15 0 0.52
4.5036e+15 0 0.53
9.0072e+15 0 0.54
1.80144e+16 0 0.55
3.60288e+16 0 0.56
7.20576e+16 0 0.57
1.44115e+17 0 0.58
2.8823e+17 0 0.59
5.76461e+17 0 0.6
1.15292e+18 0 0.61
2.30584e+18 0 0.62
4.61169e+18 0 0.63
9.22337e+18 0 0.64
1.84467e+19 0 0.65
3.68935e+19 0 0.66
7.3787e+19 0 0.67
1.47574e+20 0 0.68
2.95148e+20 0 0.69
5.90296e+20 0 0.7
1.18059e+21 0 0.71
2.36118e+21 0 0.72
4.72237e+21 0 0.73
9.44473e+21 0 0.74
1.88895e+22 0 0.75
3.77789e+22 0 0.76
7.55579e+22 0 0.77
1.51116e+23 0 0.78
3.02231e+23 0 0.79
6.04463e+23 0 0.8
1.20893e+24 0 0.81
2.41785e+24 0 0.82
4.8357e+24 0 0.83
9.67141e+24 0 0.84
1.93428e+25 0 0.85
3.86856e+25 0 0.86
7.73713e+25 0 0.87
1.54743e+26 0 0.88
3.09485e+26 0 0.89
6.1897e+26 0 0.9
1.23794e+27 0 0.91
2.47588e+27 0 0.92
4.95176e+27 0 0.93
9.90352e+27 0 0.94
1.9807e+28 0 0.95
3.96141e+28 0 0.96
7.92282e+28 0 0.97
1.58456e+29 0 0.98
3.16913e+29 0 0.99
6.33825e+29 0 1
1.26765e+30 0 1.01
2.5353e+30 0 1.02
5.0706e+30 0 1.03
1.01412e+31 0 1.04
2.02824e+31 0 1.05
4.05648e+31 0 1.06
8.11296e+31 0 1.07
1.62259e+32 0 1.08
3.24519e+32 0 1.09
6.49037e+32 0 1.1
1.29807e+33 0 1.11
2.59615e+33 0 1.12
5.1923e+33 0 1.13
1.03846e+34 0 1.14
2.07692e+34 0 1.15
4.15384e+34 0 1.16
8.30767e+34 0 1.17
1.66153e+35 0 1.18
3.32307e+35 0 1.19
6.64614e+35 0 1.2
1.32923e+36 0 1.21
2.65846e+36 0 1.22
5.31691e+36 0 1.23
1.06338e+37 0 1.24
2.12676e+37 0 1.25
4.25353e+37 0 1.26
8.50706e+37 0 1.27
1.70141e+38 0 1.28
3.40282e+38 0 1.29
6.80565e+38 0 1.3
1.36113e+39 0 1.31
2.72226e+39 0 1.32
5.44452e+39 0 1.33
1.0889e+40 0 1.34
2.17781e+40 0 1.35
4.35561e+40 0 1.36
8.71123e+40 0 1.37
1.74225e+41 0 1.38
3.48449e+41 0 1.39
6.96898e+41 0 1.4
1.3938e+42 0 1.41
2.78759e+42 0 1.42
5.57519e+42 0 1.43
1.11504e+43 0 1.44
2.23007e+43 0 1.45
4.46015e+43 0 1.46
8.9203e+43 0 1.47
1.78406e+44 0 1.48
3.56812e+44 0 1.49
7.13624e+44 0 1.5
1.42725e+45 0 1.51
2.8545e+45 0 1.52
5.70899e+45 0 1.53
1.1418e+46 0 1.54
2.2836e+46 0 1.55
4.56719e+46 0 1.56
9.13439e+46 0 1.57
1.82688e+47 0 1.58
3.65375e+47 0 1.59
7.30751e+47 0 1.6
1.4615e+48 0 1.61
2.923e+48 0 1.62
5.84601e+48 0 1.63
1.1692e+49 0 1.64
2.3384e+49 0 1.65
4.67681e+49 0 1.66
9.35361e+49 0 1.67
1.87072e+50 0 1.68
3.74144e+50 0 1.69
7.48289e+50 0 1.7
1.49658e+51 0 1.71
2.99316e+51 0 1.72
5.98631e+51 0 1.73
1.19726e+52 0 1.74
2.39452e+52 0 1.75
4.78905e+52 0 1.76
9.5781e+52 0 1.77
1.91562e+53 0 1.78
3.83124e+53 0 1.79
7.66248e+53 0 1.8
1.5325e+54 0 1.81
3.06499e+54 0 1.82
6.12998e+54 0 1.83
1.226e+55 0 1.84
2.45199e+55 0 1.85
4.90399e+55 0 1.86
9.80797e+55 0 1.87
1.96159e+56 0 1.88
3.92319e+56 0 1.89
7.84638e+56 0 1.9
1.56928e+57 0 1.91
3.13855e+57 0 1.92
6.2771e+57 0 1.93
1.25542e+58 0 1.94
2.51084e+58 0 1.95
5.02168e+58 0 1.96
1.00434e+59 0 1.97
2.00867e+59 0 1.98
4.01735e+59 0 1.99
8.03469e+59 0 2
1.60694e+60 0 2.01
3.21388e+60 0 2.02
6.42775e+60 0 2.03
1.28555e+61 0 2.04
2.5711e+61 0 2.05
5.1422e+61 0 2.06
1.02844e+62 0 2.07
2.05688e+62 0 2.08
4.11376e+62 0 2.09
8.22752e+62 0 2.1
1.6455e+63 0 2.11
3.29101e+63 0 2.12
6.58202e+63 0 2.13
1.3164e+64 0 2.14
2.63281e+64 0 2.15
5.26561e+64 0 2.16
1.05312e+65 0 2.17
2.10625e+65 0 2.18
4.21249e+65 0 2.19
8.42498e+65 0 2.2
1.685e+66 0 2.21
3.36999e+66 0 2.22
6.73999e+66 0 2.23
1.348e+67 0 2.24
2.69599e+67 0 2.25
5.39199e+67 0 2.26
1.0784e+68 0 2.27
2.1568e+68 0 2.28
4.31359e+68 0 2.29
8.62718e+68 0 2.3
1.72544e+69 0 2.31
3.45087e+69 0 2.32
6.90175e+69 0 2.33
1.38035e+70 0 2.34
2.7607e+70 0 2.35
5.5214e+70 0 2.36
1.10428e+71 0 2.37
2.20856e+71 0 2.38
4.41712e+71 0 2.39
8.83424e+71 0 2.4
1.76685e+72 0 2.41
3.53369e+72 0 2.42
7.06739e+72 0 2.43
1.41348e+73 0 2.44
2.82696e+73 0 2.45
5.65391e+73 0 2.46
1.13078e+74 0 2.47
2.26156e+74 0 2.48
4.52313e+74 0 2.49
9.04626e+74 0 2.5
1.80925e+75 0 2.51
3.6185e+75 0 2.52
7.23701e+75 0 2.53
1.4474e+76 0 2.54
2.8948e+76 0 2.55
5.7896e+76 0 2.56
1.15792e+77 0 2.57
2.31584e+77 0 2.58
4.63168e+77 0 2.59
9.26337e+77 0 2.6
1.85267e+78 0 2.61
3.70535e+78 0 2.62
7.41069e+78 0 2.63
1.48214e+79 0 2.64
2.96428e+79 0 2.65
5.92855e+79 0 2.66
1.18571e+80 0 2.67
2.37142e+80 0 2.68
4.74284e+80 0 2.69
9.48569e+80 0 2.7
1.89714e+81 0 2.71
3.79428e+81 0 2.72
7.58855e+81 0 2.73
1.51771e+82 0 2.74
3.03542e+82 0 2.75
6.07084e+82 0 2.76
1.21417e+83 0 2.77
2.42834e+83 0 2.78
4.85667e+83 0 2.79
9.71334e+83 0 2.8
1.94267e+84 0 2.81
3.88534e+84 0 2.82
7.77068e+84 0 2.83
1.55414e+85 0 2.84
3.10827e+85 0 2.85
6.21654e+85 0 2.86
1.24331e+86 0 2.87
2.48662e+86 0 2.88
4.97323e+86 0 2.89
9.94646e+86 0 2.9
1.98929e+87 0 2.91
3.97859e+87 0 2.92
7.95717e+87 0 2.93
1.59143e+88 0 2.94
3.18287e+88 0 2.95
6.36574e+88 0 2.96
1.27315e+89 0 2.97
2.54629e+89 0 2.98
5.09259e+89 0 2.99
1.01852e+90 0 3
2.03704e+90 0 3.01
4.07407e+90 0 3.02
8.14814e+90 0 3.03
1.62963e+91 0 3.04
3.25926e+91 0 3.05
6.51852e+91 0 3.06
1.3037e+92 0 3.07
2.60741e+92 0 3.08
5.21481e+92 0 3.09
1.04296e+93 0 3.1
2.08592e+93 0 3.11
4.17185e+93 0 3.12
8.3437e+93 0 3.13
1.66874e+94 0 3.14
3.33748e+94 0 3.15
6.67496e+94 0 3.16
1.33499e+95 0 3.17
2.66998e+95 0 3.18
5.33997e+95 0 3.19
1.06799e+96 0 3.2
2.13599e+96 0 3.21
4.27197e+96 0 3.22
8.54395e+96 0 3.23
1.70879e+97 0 3.24
3.41758e+97 0 3.25
6.83516e+97 0 3.26
1.36703e+98 0 3.27
2.73406e+98 0 3.28
5.46813e+98 0 3.29
1.09363e+99 0 3.3
2.18725e+99 0 3.31
4.3745e+99 0 3.32
8.749e+99 0 3.33
1.7498e+100 0 3.34
3.4996e+100 0 3.35
6.9992e+100 0 3.36
1.39984e+101 0 3.37
2.79968e+101 0 3.38
5.59936e+101 0 3.39
1.11987e+102 0 3.4
2.23974e+102 0 3.41
4.47949e+102 0 3.42
8.95898e+102 0 3.43
1.7918e+103 0 3.44
3.58359e+103 0 3.45
7.16718e+103 0 3.46
1.43344e+104 0 3.47
2.86687e+104 0 3.48
5.73375e+104 0 3.49
1.14675e+105 0 3.5
2.2935e+105 0 3.51
4.587e+105 0 3.52
9.17399e+105 0 3.53
1.8348e+106 0 3.54
3.6696e+106 0 3.55
7.3392e+106 0 3.56
1.46784e+107 0 3.57
2.93568e+107 0 3.58
5.87136e+107 0 3.59
1.17427e+108 0 3.6
2.34854e+108 0 3.61
4.69709e+108 0 3.62
9.39417e+108 0 3.63
1.87883e+109 0 3.64
3.75767e+109 0 3.65
7.51534e+109 0 3.66
1.50307e+110 0 3.67
3.00613e+110 0 3.68
6.01227e+110 0 3.69
1.20245e+111 0 3.7
2.40491e+111 0 3.71
4.80982e+111 0 3.72
9.61963e+111 0 3.73
1.92393e+112 0 3.74
3.84785e+112 0 3.75
7.6957e+112 0 3.76
1.53914e+113 0 3.77
3.07828e+113 0 3.78
6.15656e+113 0 3.79
1.23131e+114 0 3.8
2.46263e+114 0 3.81
4.92525e+114 0 3.82
9.8505e+114 0 3.83
1.9701e+115 0 3.84
3.9402e+115 0 3.85
7.8804e+115 0 3.86
1.57608e+116 0 3.87
3.15216e+116 0 3.88
6.30432e+116 0 3.89
1.26086e+117 0 3.9
2.52173e+117 0 3.91
5.04346e+117 0 3.92
1.00869e+118 0 3.93
2.01738e+118 0 3.94
4.03477e+118 0 3.95
8.06953e+118 0 3.96
1.61391e+119 0 3.97
3.22781e+119 0 3.98
6.45562e+119 0 3.99
1.29112e+120 0 4
2.58225e+120 0 4.01
5.1645e+120 0 4.02
1.0329e+121 0 4.03
2.0658e+121 0 4.04
4.1316e+121 0 4.05
8.2632e+121 0 4.06
1.65264e+122 0 4.07
3.30528e+122 0 4.08
6.61056e+122 0 4.09
1.32211e+123 0 4.1
2.64422e+123 0 4.11
5.28845e+123 0 4.12
1.05769e+124 0 4.13
2.11538e+124 0 4.14
4.23076e+124 0 4.15
8.46152e+124 0 4.16
1.6923e+125 0 4.17
3.38461e+125 0 4.18
6.76921e+125 0 4.19
1.35384e+126 0 4.2
2.70769e+126 0 4.21
5.41537e+126 0 4.22
1.08307e+127 0 4.23
2.16615e+127 0 4.24
4.3323e+127 0 4.25
8.66459e+127 0 4.26
1.73292e+128 0 4.27
3.46584e+128 0 4.28
6.93167e+128 0 4.29
1.38633e+129 0 4.3
2.77267e+129 0 4.31
5.54534e+129 0 4.32
1.10907e+130 0 4.33
2.21814e+130 0 4.34
4.43627e+130 0 4.35
8.87254e+130 0 4.36
1.77451e+131 0 4.37
3.54902e+131 0 4.38
7.09803e+131 0 4.39
1.41961e+132 0 4.4
2.83921e+132 0 4.41
5.67843e+132 0 4.42
1.13569e+133 0 4.43
2.27137e+133 0 4.44
4.54274e+133 0 4.45
9.08548e+133 0 4.46
1.8171e+134 0 4.47
3.63419e+134 0 4.48
7.26839e+134 0 4.49
1.45368e+135 0 4.5
2.90735e+135 0 4.51
5.81471e+135 0 4.52
1.16294e+136 0 4.53
2.32588e+136 0 4.54
4.65177e+136 0 4.55
9.30354e+136 0 4.56
1.86071e+137 0 4.57
3.72141e+137 0 4.58
7.44283e+137 0 4.59
1.48857e+138 0 4.6
2.97713e+138 0 4.61
5.95426e+138 0 4.62
1.19085e+139 0 4.63
2.38171e+139 0 4.64
4.76341e+139 0 4.65
9.52682e+139 0 4.66
1.90536e+140 0 4.67
3.81073e+140 0 4.68
7.62146e+140 0 4.69
1.52429e+141 0 4.7
3.04858e+141 0 4.71
6.09717e+141 0 4.72
1.21943e+142 0 4.73
2.43887e+142 0 4.74
4.87773e+142 0 4.75
9.75546e+142 0 4.76
1.95109e+143 0 4.77
3.90219e+143 0 4.78
7.80437e+143 0 4.79
1.56087e+144 0 4.8
3.12175e+144 0 4.81
6.2435e+144 0 4.82
1.2487e+145 0 4.83
2.4974e+145 0 4.84
4.9948e+145 0 4.85
9.9896e+145 0 4.86
1.99792e+146 0 4.87
3.99584e+146 0 4.88
7.99168e+146 0 4.89
1.59834e+147 0 4.9
3.19667e+147 0 4.91
6.39334e+147 0 4.92
1.27867e+148 0 4.93
2.55734e+148 0 4.94
5.11467e+148 0 4.95
1.02293e+149 0 4.96
2.04587e+149 0 4.97
4.09174e+149 0 4.98
8.18348e+149 0 4.99
1.6367e+150 0 5
3.27339e+150 0 5.01
6.54678e+150 0 5.02
1.30936e+151 0 5.03
2.61871e+151 0 5.04
5.23742e+151 0 5.05
1.04748e+152 0 5.06
2.09497e+152 0 5.07
4.18994e+152 0 5.08
8.37988e+152 0 5.09
1.67598e+153 0 5.1
3.35195e+153 0 5.11
6.7039e+153 0 5.12
1.34078e+154 0 5.13
2.68156e+154 0 5.14
5.36312e+154 0 5.15
1.07262e+155 0 5.16
2.14525e+155 0 5.17
4.2905e+155 0 5.18
8.581e+155 0 5.19
1.7162e+156 0 5.2
3.4324e+156 0 5.21
6.8648e+156 0 5.22
1.37296e+157 0 5.23
2.74592e+157 0 5.24
5.49184e+157 0 5.25
1.09837e+158 0 5.26
2.19674e+158 0 5.27
4.39347e+158 0 5.28
8.78694e+158 0 5.29
1.75739e+159 0 5.3
3.51478e+159 0 5.31
7.02955e+159 0 5.32
1.40591e+160 0 5.33
2.81182e+160 0 5.34
5.62364e+160 0 5.35
1.12473e+161 0 5.36
2.24946e+161 0 5.37
4.49891e+161 0 5.38
8.99783e+161 0 5.39
1.79957e+162 0 5.4
3.59913e+162 0 5.41
7.19826e+162 0 5.42
1.43965e+163 0 5.43
2.8793e+163 0 5.44
5.75861e+163 0 5.45
1.15172e+164 0 5.46
2.30344e+164 0 5.47
4.60689e+164 0 5.48
9.21378e+164 0 5.49
1.84276e+165 0 5.5
3.68551e+165 0 5.51
7.37102e+165 0 5.52
1.4742e+166 0 5.53
2.94841e+166 0 5.54
5.89682e+166 0 5.55
1.17936e+167 0 5.56
2.35873e+167 0 5.57
4.71745e+167 0 5.58
9.43491e+167 0 5.59
1.88698e+168 0 5.6
3.77396e+168 0 5.61
7.54792e+168 0 5.62
1.50958e+169 0 5.63
3.01917e+169 0 5.64
6.03834e+169 0 5.65
1.20767e+170 0 5.66
2.41534e+170 0 5.67
4.83067e+170 0 5.68
9.66134e+170 0 5.69
1.93227e+171 0 5.7
3.86454e+171 0 5.71
7.72908e+171 0 5.72
1.54582e+172 0 5.73
3.09163e+172 0 5.74
6.18326e+172 0 5.75
1.23665e+173 0 5.76
2.4733e+173 0 5.77
4.94661e+173 0 5.78
9.89322e+173 0 5.79
1.97864e+174 0 5.8
3.95729e+174 0 5.81
7.91457e+174 0 5.82
1.58291e+175 0 5.83
3.16583e+175 0 5.84
6.33166e+175 0 5.85
1.26633e+176 0 5.86
2.53266e+176 0 5.87
5.06533e+176 0 5.88
1.01307e+177 0 5.89
2.02613e+177 0 5.9
4.05226e+177 0 5.91
8.10452e+177 0 5.92
1.6209e+178 0 5.93
3.24181e+178 0 5.94
6.48362e+178 0 5.95
1.29672e+179 0 5.96
2.59345e+179 0 5.97
5.18689e+179 0 5.98
1.03738e+180 0 5.99
2.07476e+180 0 6
4.14952e+180 0 6.01
8.29903e+180 0 6.02
1.65981e+181 0 6.03
3.31961e+181 0 6.04
6.63922e+181 0 6.05
1.32784e+182 0 6.06
2.65569e+182 0 6.07
5.31138e+182 0 6.08
1.06228e+183 0 6.09
2.12455e+183 0 6.1
4.2491e+183 0 6.11
8.49821e+183 0 6.12
1.69964e+184 0 6.13
3.39928e+184 0 6.14
6.79857e+184 0 6.15
1.35971e+185 0 6.16
2.71943e+185 0 6.17
5.43885e+185 0 6.18
1.08777e+186 0 6.19
2.17554e+186 0 6.2
4.35108e+186 0 6.21
8.70216e+186 0 6.22
1.74043e+187 0 6.23
3.48087e+187 0 6.24
6.96173e+187 0 6.25
1.39235e+188 0 6.26
2.78469e+188 0 6.27
5.56939e+188 0 6.28
1.11388e+189 0 6.29
2.22775e+189 0 6.3
4.45551e+189 0 6.31
8.91102e+189 0 6.32
1.7822e+190 0 6.33
3.56441e+190 0 6.34
7.12881e+190 0 6.35
1.42576e+191 0 6.36
2.85153e+191 0 6.37
5.70305e+191 0 6.38
1.14061e+192 0 6.39
2.28122e+192 0 6.4
4.56244e+192 0 6.41
9.12488e+192 0 6.42
1.82498e+193 0 6.43
3.64995e+193 0 6.44
7.2999e+193 0 6.45
1.45998e+194 0 6.46
2.91996e+194 0 6.47
5.83992e+194 0 6.48
1.16798e+195 0 6.49
2.33597e+195 0 6.5
4.67194e+195 0 6.51
9.34388e+195 0 6.52
1.86878e+196 0 6.53
3.73755e+196 0 6.54
7.4751e+196 0 6.55
1.49502e+197 0 6.56
2.99004e+197 0 6.57
5.98008e+197 0 6.58
1.19602e+198 0 6.59
2.39203e+198 0 6.6
4.78407e+198 0 6.61
9.56813e+198 0 6.62
1.91363e+199 0 6.63
3.82725e+199 0 6.64
7.65451e+199 0 6.65
1.5309e+200 0 6.66
3.0618e+200 0 6.67
6.1236e+200 0 6.68
1.22472e+201 0 6.69
2.44944e+201 0 6.7
4.89888e+201 0 6.71
9.79777e+201 0 6.72
1.95955e+202 0 6.73
3.91911e+202 0 6.74
7.83821e+202 0 6.75
1.56764e+203 0 6.76
3.13529e+203 0 6.77
6.27057e+203 0 6.78
1.25411e+204 0 6.79
2.50823e+204 0 6.8
5.01646e+204 0 6.81
1.00329e+205 0 6.82
2.00658e+205 0 6.83
4.01317e+205 0 6.84
8.02633e+205 0 6.85
1.60527e+206 0 6.86
3.21053e+206 0 6.87
6.42106e+206 0 6.88
1.28421e+207 0 6.89
2.56843e+207 0 6.9
5.13685e+207 0 6.91
1.02737e+208 0 6.92
2.05474e+208 0 6.93
4.10948e+208 0 6.94
8.21896e+208 0 6.95
1.64379e+209 0 6.96
3.28758e+209 0 6.97
6.57517e+209 0 6.98
1.31503e+210 0 6.99
2.63007e+210 0 7
5.26014e+210 0 7.01
1.05203e+211 0 7.02
2.10405e+211 0 7.03
4.20811e+211 0 7.04
8.41622e+211 0 7.05
1.68324e+212 0 7.06
3.36649e+212 0 7.07
6.73297e+212 0 7.08
1.34659e+213 0 7.09
2.69319e+213 0 7.1
5.38638e+213 0 7.11
1.07728e+214 0 7.12
2.15455e+214 0 7.13
4.3091e+214 0 7.14
8.61821e+214 0 7.15
1.72364e+215 0 7.16
3.44728e+215 0 7.17
6.89457e+215 0 7.18
1.37891e+216 0 7.19
2.75783e+216 0 7.2
5.51565e+216 0 7.21
1.10313e+217 0 7.22
2.20626e+217 0 7.23
4.41252e+217 0 7.24
8.82504e+217 0 7.25
1.76501e+218 0 7.26
3.53002e+218 0 7.27
7.06003e+218 0 7.28
1.41201e+219 0 7.29
2.82401e+219 0 7.3
5.64803e+219 0 7.31
1.12961e+220 0 7.32
2.25921e+220 0 7.33
4.51842e+220 0 7.34
9.03684e+220 0 7.35
1.80737e+221 0 7.36
3.61474e+221 0 7.37
7.22948e+221 0 7.38
1.4459e+222 0 7.39
2.89179e+222 0 7.4
5.78358e+222 0 7.41
1.15672e+223 0 7.42
2.31343e+223 0 7.43
4.62686e+223 0 7.44
9.25373e+223 0 7.45
1.85075e+224 0 7.46
3.70149e+224 0 7.47
7.40298e+224 0 7.48
1.4806e+225 0 7.49
2.96119e+225 0 7.5
5.92239e+225 0 7.51
1.18448e+226 0 7.52
2.36895e+226 0 7.53
4.73791e+226 0 7.54
9.47582e+226 0 7.55
1.89516e+227 0 7.56
3.79033e+227 0 7.57
7.58065e+227 0 7.58
1.51613e+228 0 7.59
3.03226e+228 0 7.6
6.06452e+228 0 7.61
1.2129e+229 0 7.62
2.42581e+229 0 7.63
4.85162e+229 0 7.64
9.70324e+229 0 7.65
1.94065e+230 0 7.66
3.8813e+230 0 7.67
7.76259e+230 0 7.68
1.55252e+231 0 7.69
3.10504e+231 0 7.7
6.21007e+231 0 7.71
1.24201e+232 0 7.72
2.48403e+232 0 7.73
4.96806e+232 0 7.74
9.93612e+232 0 7.75
1.98722e+233 0 7.76
3.97445e+233 0 7.77
7.94889e+233 0 7.78
1.58978e+234 0 7.79
3.17956e+234 0 7.8
6.35911e+234 0 7.81
1.27182e+235 0 7.82
2.54365e+235 0 7.83
5.08729e+235 0 7.84
1.01746e+236 0 7.85
2.03492e+236 0 7.86
4.06983e+236 0 7.87
8.13967e+236 0 7.88
1.62793e+237 0 7.89
3.25587e+237 0 7.9
6.51173e+237 0 7.91
1.30235e+238 0 7.92
2.60469e+238 0 7.93
5.20939e+238 0 7.94
1.04188e+239 0 7.95
2.08375e+239 0 7.96
4.16751e+239 0 7.97
8.33502e+239 0 7.98
1.667e+240 0 7.99
3.33401e+240 0 8
6.66801e+240 0 8.01
1.3336e+241 0 8.02
2.66721e+241 0 8.03
5.33441e+241 0 8.04
1.06688e+242 0 8.05
2.13376e+242 0 8.06
4.26753e+242 0 8.07
8.53506e+242 0 8.08
1.70701e+243 0 8.09
3.41402e+243 0 8.1
6.82805e+243 0 8.11
1.36561e+244 0 8.12
2.73122e+244 0 8.13
5.46244e+244 0 8.14
1.09249e+245 0 8.15
2.18497e+245 0 8.16
4.36995e+245 0 8.17
8.7399e+245 0 8.18
1.74798e+246 0 8.19
3.49596e+246 0 8.2
6.99192e+246 0 8.21
1.39838e+247 0 8.22
2.79677e+247 0 8.23
5.59354e+247 0 8.24
1.11871e+248 0 8.25
2.23741e+248 0 8.26
4.47483e+248 0 8.27
8.94966e+248 0 8.28
1.78993e+249 0 8.29
3.57986e+249 0 8.3
7.15973e+249 0 8.31
1.43195e+250 0 8.32
2.86389e+250 0 8.33
5.72778e+250 0 8.34
1.14556e+251 0 8.35
2.29111e+251 0 8.36
4.58222e+251 0 8.37
9.16445e+251 0 8.38
1.83289e+252 0 8.39
3.66578e+252 0 8.4
7.33156e+252 0 8.41
1.46631e+253 0 8.42
2.93262e+253 0 8.43
5.86525e+253 0 8.44
1.17305e+254 0 8.45
2.3461e+254 0 8.46
4.6922e+254 0 8.47
9.3844e+254 0 8.48
1.87688e+255 0 8.49
3.75376e+255 0 8.5
7.50752e+255 0 8.51
1.5015e+256 0 8.52
3.00301e+256 0 8.53
6.00601e+256 0 8.54
1.2012e+257 0 8.55
2.40241e+257 0 8.56
4.80481e+257 0 8.57
9.60962e+257 0 8.58
1.92192e+258 0 8.59
3.84385e+258 0 8.6
7.6877e+258 0 8.61
1.53754e+259 0 8.62
3.07508e+259 0 8.63
6.15016e+259 0 8.64
1.23003e+260 0 8.65
2.46006e+260 0 8.66
4.92013e+260 0 8.67
9.84025e+260 0 8.68
1.96805e+261 0 8.69
3.9361e+261 0 8.7
7.8722e+261 0 8.71
1.57444e+262 0 8.72
3.14888e+262 0 8.73
6.29776e+262 0 8.74
1.25955e+263 0 8.75
2.5191e+263 0 8.76
5.03821e+263 0 8.77
1.00764e+264 0 8.78
2.01528e+264 0 8.79
4.03057e+264 0 8.8
8.06113e+264 0 8.81
1.61223e+265 0 8.82
3.22445e+265 0 8.83
6.44891e+265 0 8.84
1.28978e+266 0 8.85
2.57956e+266 0 8.86
5.15913e+266 0 8.87
1.03183e+267 0 8.88
2.06365e+267 0 8.89
4.1273e+267 0 8.9
8.2546e+267 0 8.91
1.65092e+268 0 8.92
3.30184e+268 0 8.93
6.60368e+268 0 8.94
1.32074e+269 0 8.95
2.64147e+269 0 8.96
5.28295e+269 0 8.97
1.05659e+270 0 8.98
2.11318e+270 0 8.99
4.22636e+270 0 9
8.45271e+270 0 9.01
1.69054e+271 0 9.02
3.38108e+271 0 9.03
6.76217e+271 0 9.04
1.35243e+272 0 9.05
2.70487e+272 0 9.06
5.40974e+272 0 9.07
1.08195e+273 0 9.08
2.16389e+273 0 9.09
4.32779e+273 0 9.1
8.65558e+273 0 9.11
1.73112e+274 0 9.12
3.46223e+274 0 9.13
6.92446e+274 0 9.14
1.38489e+275 0 9.15
2.76978e+275 0 9.16
5.53957e+275 0 9.17
1.10791e+276 0 9.18
2.21583e+276 0 9.19
4.43166e+276 0 9.2
8.86331e+276 0 9.21
1.77266e+277 0 9.22
3.54532e+277 0 9.23
7.09065e+277 0 9.24
1.41813e+278 0 9.25
2.83626e+278 0 9.26
5.67252e+278 0 9.27
1.1345e+279 0 9.28
2.26901e+279 0 9.29
4.53802e+279 0 9.3
9.07603e+279 0 9.31
1.81521e+280 0 9.32
3.63041e+280 0 9.33
7.26082e+280 0 9.34
1.45216e+281 0 9.35
2.90433e+281 0 9.36
5.80866e+281 0 9.37
1.16173e+282 0 9.38
2.32346e+282 0 9.39
4.64693e+282 0 9.4
9.29386e+282 0 9.41
1.85877e+283 0 9.42
3.71754e+283 0 9.43
7.43508e+283 0 9.44
1.48702e+284 0 9.45
2.97403e+284 0 9.46
5.94807e+284 0 9.47
1.18961e+285 0 9.48
2.37923e+285 0 9.49
4.75845e+285 0 9.5
9.51691e+285 0 9.51
1.90338e+286 0 9.52
3.80676e+286 0 9.53
7.61353e+286 0 9.54
1.52271e+287 0 9.55
3.04541e+287 0 9.56
6.09082e+287 0 9.57
1.21816e+288 0 9.58
2.43633e+288 0 9.59
4.87266e+288 0 9.6
9.74531e+288 0 9.61
1.94906e+289 0 9.62
3.89813e+289 0 9.63
7.79625e+289 0 9.64
1.55925e+290 0 9.65
3.1185e+290 0 9.66
6.237e+290 0 9.67
1.2474e+291 0 9.68
2.4948e+291 0 9.69
4.9896e+291 0 9.7
9.9792e+291 0 9.71
1.99584e+292 0 9.72
3.99168e+292 0 9.73
7.98336e+292 0 9.74
1.59667e+293 0 9.75
3.19334e+293 0 9.76
6.38669e+293 0 9.77
1.27734e+294 0 9.78
2.55468e+294 0 9.79
5.10935e+294 0 9.8
1.02187e+295 0 9.81
2.04374e+295 0 9.82
4.08748e+295 0 9.83
8.17496e+295 0 9.84
1.63499e+296 0 9.85
3.26998e+296 0 9.86
6.53997e+296 0 9.87
1.30799e+297 0 9.88
2.61599e+297 0 9.89
5.23198e+297 0 9.9
1.0464e+298 0 9.91
2.09279e+298 0 9.92
4.18558e+298 0 9.93
8.37116e+298 0 9.94
1.67423e+299 0 9.95
3.34846e+299 0 9.96
6.69693e+299 0 9.97
1.33939e+300 0 9.98
2.67877e+300 0 9.99
