-1 0 1.17998e+26 0
-0.996039 0.0628616 1.18466e+26 0.01
-0.98811 0.125473 1.18937e+26 0.02
-0.97622 0.187581 1.19408e+26 0.03
-0.960393 0.248933 1.19877e+26 0.04
-0.940671 0.309275 1.20343e+26 0.05
-0.917111 0.368355 1.20803e+26 0.06
-0.889788 0.425923 1.21256e+26 0.07
-0.858793 0.481734 1.21699e+26 0.08
-0.824235 0.535546 1.22131e+26 0.09
-0.786238 0.587123 1.22549e+26 0.1
-0.744945 0.636239 1.22952e+26 0.11
-0.700513 0.682673 1.23337e+26 0.12
-0.653115 0.726217 1.23704e+26 0.13
-0.602939 0.766673 1.24049e+26 0.14
-0.55019 0.803855 1.24371e+26 0.15
-0.495082 0.837591 1.24669e+26 0.16
-0.437844 0.867723 1.24941e+26 0.17
-0.378717 0.894111 1.25186e+26 0.18
-0.317951 0.916629 1.25402e+26 0.19
-0.255806 0.935169 1.25589e+26 0.2
-0.192549 0.949643 1.25744e+26 0.21
-0.128453 0.959981 1.25868e+26 0.22
-0.0637975 0.966132 1.25959e+26 0.23
0.00113648 0.968065 1.26018e+26 0.24
0.0660652 0.96577 1.26043e+26 0.25
0.130705 0.959256 1.26035e+26 0.26
0.194774 0.948553 1.25994e+26 0.27
0.257992 0.93371 1.2592e+26 0.28
0.320086 0.914797 1.25813e+26 0.29
0.380786 0.891903 1.25674e+26 0.3
0.439832 0.865134 1.25504e+26 0.31
0.49697 0.834615 1.25304e+26 0.32
0.551961 0.800488 1.25074e+26 0.33
0.604572 0.762912 1.24816e+26 0.34
0.654585 0.722058 1.24532e+26 0.35
0.701797 0.678115 1.24222e+26 0.36
0.746018 0.631281 1.23889e+26 0.37
0.787071 0.581768 1.23534e+26 0.38
0.824799 0.529797 1.23158e+26 0.39
0.859059 0.475598 1.22765e+26 0.4
0.889724 0.419409 1.22355e+26 0.41
0.916686 0.361475 1.21931e+26 0.42
0.939852 0.302045 1.21494e+26 0.43
0.95915 0.241371 1.21047e+26 0.44
0.974521 0.17971 1.20591e+26 0.45
0.985926 0.117317 1.20129e+26 0.46
0.993341 0.0544489 1.19663e+26 0.47
0.996761 -0.00863769 1.19194e+26 0.48
0.996196 -0.0716898 1.18724e+26 0.49
0.991672 -0.134457 1.18255e+26 0.5
0.983229 -0.196693 1.1779e+26 0.51
0.970924 -0.258157 1.1733e+26 0.52
0.954829 -0.318613 1.16876e+26 0.53
0.935026 -0.377833 1.1643e+26 0.54
0.911614 -0.435594 1.15994e+26 0.55
0.884702 -0.491683 1.1557e+26 0.56
0.854411 -0.545895 1.15158e+26 0.57
0.820876 -0.598034 1.1476e+26 0.58
0.784237 -0.647914 1.14378e+26 0.59
0.744649 -0.695358 1.14012e+26 0.6
0.702273 -0.740198 1.13664e+26 0.61
0.657278 -0.782281 1.13335e+26 0.62
0.609844 -0.821461 1.13026e+26 0.63
0.560155 -0.857604 1.12737e+26 0.64
0.508401 -0.89059 1.12469e+26 0.65
0.454781 -0.920306 1.12224e+26 0.66
0.399495 -0.946654 1.12002e+26 0.67
0.34275 -0.969548 1.11803e+26 0.68
0.284756 -0.988913 1.11629e+26 0.69
0.225726 -1.00468 1.11478e+26 0.7
0.165877 -1.01681 1.11353e+26 0.71
0.105426 -1.02526 1.11253e+26 0.72
0.0445921 -1.03 1.11178e+26 0.73
-0.016404 -1.03102 1.11129e+26 0.74
-0.0773422 -1.02832 1.11106e+26 0.75
-0.138002 -1.0219 1.11109e+26 0.76
-0.198166 -1.01179 1.11137e+26 0.77
-0.257614 -0.99802 1.11191e+26 0.78
-0.316132 -0.980644 1.11271e+26 0.79
-0.373507 -0.959717 1.11376e+26 0.8
-0.429529 -0.935308 1.11506e+26 0.81
-0.483991 -0.907501 1.11661e+26 0.82
-0.536692 -0.876388 1.11841e+26 0.83
-0.587435 -0.842076 1.12044e+26 0.84
-0.636029 -0.804681 1.1227e+26 0.85
-0.682289 -0.764331 1.12519e+26 0.86
-0.726036 -0.721164 1.1279e+26 0.87
-0.767098 -0.675329 1.13082e+26 0.88
-0.805314 -0.626987 1.13395e+26 0.89
-0.840529 -0.576307 1.13727e+26 0.9
-0.872596 -0.523468 1.14077e+26 0.91
-0.901382 -0.468659 1.14445e+26 0.92
-0.92676 -0.412078 1.14829e+26 0.93
-0.948618 -0.353931 1.15228e+26 0.94
-0.966852 -0.294432 1.15641e+26 0.95
-0.981373 -0.233802 1.16066e+26 0.96
-0.992105 -0.172269 1.16502e+26 0.97
-0.998985 -0.110067 1.16947e+26 0.98
-1.00196 -0.0474357 1.174e+26 0.99
-1.001 0.0153817 1.1786e+26 1
-0.996086 0.0781377 1.18323e+26 1.01
-0.98721 0.140582 1.1879e+26 1.02
-0.974385 0.202463 1.19258e+26 1.03
-0.95764 0.263529 1.19724e+26 1.04
-0.93702 0.323526 1.20188e+26 1.05
-0.912584 0.382205 1.20647e+26 1.06
-0.884413 0.439317 1.21099e+26 1.07
-0.852599 0.494618 1.21542e+26 1.08
-0.817256 0.547869 1.21975e+26 1.09
-0.778511 0.598836 1.22395e+26 1.1
-0.736509 0.647295 1.22801e+26 1.11
-0.69141 0.693029 1.2319e+26 1.12
-0.643391 0.735831 1.23561e+26 1.13
-0.592642 0.775507 1.23912e+26 1.14
-0.539368 0.811874 1.24241e+26 1.15
-0.483788 0.844763 1.24546e+26 1.16
-0.426132 0.87402 1.24825e+26 1.17
-0.366641 0.899507 1.25078e+26 1.18
-0.305569 0.921103 1.25303e+26 1.19
-0.243175 0.938703 1.25499e+26 1.2
-0.179728 0.952222 1.25664e+26 1.21
-0.115502 0.961594 1.25798e+26 1.22
-0.0507762 0.966773 1.259e+26 1.23
0.014167 0.96773 1.2597e+26 1.24
0.0790443 0.964459 1.26006e+26 1.25
0.143572 0.956974 1.26009e+26 1.26
0.207469 0.945307 1.25979e+26 1.27
0.270455 0.929513 1.25917e+26 1.28
0.332258 0.909664 1.25821e+26 1.29
0.392609 0.885852 1.25693e+26 1.3
0.45125 0.858189 1.25534e+26 1.31
0.507928 0.826801 1.25345e+26 1.32
0.562405 0.791836 1.25126e+26 1.33
0.61445 0.753453 1.24878e+26 1.34
0.663849 0.711829 1.24603e+26 1.35
0.710399 0.667155 1.24303e+26 1.36
0.753913 0.619632 1.23979e+26 1.37
0.794218 0.569474 1.23633e+26 1.38
0.831159 0.516906 1.23265e+26 1.39
0.864595 0.462161 1.2288e+26 1.4
0.894403 0.405477 1.22477e+26 1.41
0.920479 0.347102 1.22059e+26 1.42
0.942734 0.287287 1.21628e+26 1.43
0.961097 0.226286 1.21186e+26 1.44
0.975515 0.164356 1.20735e+26 1.45
0.985952 0.101754 1.20276e+26 1.46
0.992388 0.0387389 1.19813e+26 1.47
0.994822 -0.0244341 1.19347e+26 1.48
0.993268 -0.0875108 1.18879e+26 1.49
0.987754 -0.150241 1.18412e+26 1.5
0.978327 -0.212378 1.17948e+26 1.51
0.965047 -0.273681 1.17487e+26 1.52
0.947988 -0.333916 1.17033e+26 1.53
0.927239 -0.392855 1.16586e+26 1.54
0.902899 -0.450277 1.16149e+26 1.55
0.875084 -0.50597 1.15722e+26 1.56
0.843918 -0.55973 1.15308e+26 1.57
0.809538 -0.611363 1.14907e+26 1.58
0.772088 -0.660686 1.14521e+26 1.59
0.731727 -0.707523 1.14151e+26 1.6
0.688618 -0.75171 1.13798e+26 1.61
0.642934 -0.793095 1.13464e+26 1.62
0.594856 -0.831536 1.13149e+26 1.63
0.544571 -0.866903 1.12854e+26 1.64
0.492274 -0.899076 1.1258e+26 1.65
0.438161 -0.927948 1.12329e+26 1.66
0.382439 -0.953424 1.12099e+26 1.67
0.325314 -0.97542 1.11893e+26 1.68
0.266997 -0.993866 1.11711e+26 1.69
0.207705 -1.0087 1.11552e+26 1.7
0.147652 -1.01988 1.11419e+26 1.71
0.0870592 -1.02737 1.1131e+26 1.72
0.0261447 -1.03114 1.11227e+26 1.73
-0.0348707 -1.03119 1.11169e+26 1.74
-0.0957666 -1.02752 1.11136e+26 1.75
-0.156323 -1.02014 1.1113e+26 1.76
-0.216322 -1.00908 1.11148e+26 1.77
-0.275546 -0.994374 1.11193e+26 1.78
-0.33378 -0.976076 1.11263e+26 1.79
-0.390812 -0.954246 1.11358e+26 1.8
-0.446435 -0.928961 1.11479e+26 1.81
-0.500443 -0.900304 1.11624e+26 1.82
-0.552637 -0.868373 1.11793e+26 1.83
-0.602822 -0.833276 1.11987e+26 1.84
-0.650809 -0.795135 1.12203e+26 1.85
-0.696415 -0.754078 1.12443e+26 1.86
-0.739464 -0.710248 1.12705e+26 1.87
-0.779789 -0.663797 1.12988e+26 1.88
-0.817228 -0.614886 1.13291e+26 1.89
-0.851631 -0.563688 1.13615e+26 1.9
-0.882856 -0.510385 1.13957e+26 1.91
-0.910771 -0.455166 1.14317e+26 1.92
-0.935253 -0.398231 1.14694e+26 1.93
-0.956193 -0.339789 1.15086e+26 1.94
-0.973494 -0.280053 1.15493e+26 1.95
-0.987067 -0.219246 1.15912e+26 1.96
-0.996842 -0.157597 1.16343e+26 1.97
-1.00276 -0.0953395 1.16784e+26 1.98
-1.00477 -0.0327142 1.17233e+26 1.99
-1.00285 0.0300358 1.1769e+26 2
-0.996971 0.0926633 1.18151e+26 2.01
-0.987146 0.154919 1.18616e+26 2.02
-0.973387 0.216552 1.19083e+26 2.03
-0.955724 0.27731 1.19549e+26 2.04
-0.934206 0.336943 1.20014e+26 2.05
-0.908897 0.395201 1.20474e+26 2.06
-0.87988 0.451838 1.20929e+26 2.07
-0.847253 0.506611 1.21375e+26 2.08
-0.81113 0.559284 1.21812e+26 2.09
-0.771643 0.609626 1.22236e+26 2.1
-0.72894 0.657413 1.22647e+26 2.11
-0.683182 0.702433 1.23042e+26 2.12
-0.634551 0.744481 1.23419e+26 2.13
-0.583237 0.783366 1.23776e+26 2.14
-0.529449 0.818908 1.24112e+26 2.15
-0.473407 0.850941 1.24425e+26 2.16
-0.415343 0.879314 1.24714e+26 2.17
-0.355501 0.903894 1.24976e+26 2.18
-0.294133 0.924561 1.2521e+26 2.19
-0.231503 0.941216 1.25416e+26 2.2
-0.167878 0.953777 1.25592e+26 2.21
-0.103534 0.962182 1.25737e+26 2.22
-0.0387511 0.966386 1.2585e+26 2.23
0.0261891 0.966368 1.25931e+26 2.24
0.0910029 0.962123 1.25979e+26 2.25
0.155407 0.953669 1.25994e+26 2.26
0.21912 0.941043 1.25976e+26 2.27
0.281864 0.924302 1.25925e+26 2.28
0.343365 0.903523 1.25841e+26 2.29
0.403359 0.878802 1.25725e+26 2.3
0.461585 0.850252 1.25577e+26 2.31
0.517795 0.818006 1.25399e+26 2.32
0.571751 0.782211 1.25191e+26 2.33
0.623226 0.743034 1.24954e+26 2.34
0.672005 0.700652 1.24689e+26 2.35
0.71789 0.655259 1.24399e+26 2.36
0.760696 0.607061 1.24084e+26 2.37
0.800252 0.556273 1.23746e+26 2.38
0.836405 0.503122 1.23387e+26 2.39
0.86902 0.447844 1.23009e+26 2.4
0.897976 0.39068 1.22613e+26 2.41
0.923171 0.331879 1.22202e+26 2.42
0.944521 0.271694 1.21776e+26 2.43
0.961957 0.21038 1.21339e+26 2.44
0.975432 0.148195 1.20892e+26 2.45
0.984911 0.0853979 1.20438e+26 2.46
0.990381 0.0222476 1.19978e+26 2.47
0.991842 -0.0409995 1.19513e+26 2.48
0.989312 -0.104089 1.19047e+26 2.49
0.982825 -0.166771 1.18581e+26 2.5
0.97243 -0.2288 1.18117e+26 2.51
0.958192 -0.289934 1.17656e+26 2.52
0.940188 -0.34994 1.172e+26 2.53
0.91851 -0.408591 1.16752e+26 2.54
0.893264 -0.465668 1.16312e+26 2.55
0.864566 -0.520959 1.15882e+26 2.56
0.832545 -0.574264 1.15464e+26 2.57
0.797341 -0.625389 1.15059e+26 2.58
0.759102 -0.674153 1.14669e+26 2.59
0.717989 -0.720383 1.14293e+26 2.6
0.674169 -0.763918 1.13935e+26 2.61
0.627817 -0.804608 1.13595e+26 2.62
0.579117 -0.842313 1.13273e+26 2.63
0.528259 -0.876907 1.12972e+26 2.64
0.475438 -0.908273 1.12691e+26 2.65
0.420856 -0.936307 1.12431e+26 2.66
0.364718 -0.960917 1.12194e+26 2.67
0.307233 -0.982025 1.11979e+26 2.68
0.248615 -0.999561 1.11788e+26 2.69
0.189079 -1.01347 1.11621e+26 2.7
0.128843 -1.02371 1.11478e+26 2.71
0.0681263 -1.03025 1.11359e+26 2.72
0.00714932 -1.03307 1.11266e+26 2.73
-0.0538674 -1.03216 1.11198e+26 2.74
-0.114704 -1.02754 1.11155e+26 2.75
-0.175139 -1.01921 1.11138e+26 2.76
-0.234957 -1.00721 1.11147e+26 2.77
-0.29394 -0.99158 1.11181e+26 2.78
-0.351875 -0.972374 1.1124e+26 2.79
-0.408551 -0.949659 1.11325e+26 2.8
-0.46376 -0.923512 1.11435e+26 2.81
-0.517301 -0.894021 1.1157e+26 2.82
-0.568975 -0.861287 1.1173e+26 2.83
-0.618589 -0.825423 1.11913e+26 2.84
-0.665957 -0.786551 1.1212e+26 2.85
-0.710899 -0.744805 1.12351e+26 2.86
-0.75324 -0.700329 1.12603e+26 2.87
-0.792816 -0.653277 1.12878e+26 2.88
-0.82947 -0.603815 1.13173e+26 2.89
-0.863053 -0.552116 1.13489e+26 2.9
-0.893427 -0.498365 1.13824e+26 2.91
-0.920462 -0.442753 1.14177e+26 2.92
-0.944042 -0.385481 1.14548e+26 2.93
-0.964059 -0.326759 1.14934e+26 2.94
-0.980419 -0.266803 1.15335e+26 2.95
-0.99304 -0.205835 1.1575e+26 2.96
-1.00185 -0.144086 1.16177e+26 2.97
-1.0068 -0.0817905 1.16615e+26 2.98
-1.00784 -0.0191875 1.17061e+26 2.99
-1.00495 0.0434789 1.17516e+26 3
-0.998119 0.105962 1.17976e+26 3.01
-0.987345 0.168013 1.1844e+26 3.02
-0.972649 0.229381 1.18907e+26 3.03
-0.954068 0.289816 1.19374e+26 3.04
-0.931653 0.349069 1.1984e+26 3.05
-0.905473 0.406891 1.20303e+26 3.06
-0.875613 0.463038 1.2076e+26 3.07
-0.842175 0.517269 1.21211e+26 3.08
-0.805276 0.56935 1.21652e+26 3.09
-0.765051 0.619052 1.22082e+26 3.1
-0.72165 0.666154 1.22498e+26 3.11
-0.67524 0.710447 1.229e+26 3.12
-0.626001 0.751728 1.23284e+26 3.13
-0.57413 0.78981 1.2365e+26 3.14
-0.519834 0.824515 1.23994e+26 3.15
-0.463338 0.855681 1.24317e+26 3.16
-0.404874 0.883161 1.24615e+26 3.17
-0.344688 0.906824 1.24887e+26 3.18
-0.283034 0.926555 1.25132e+26 3.19
-0.220176 0.942258 1.25349e+26 3.2
-0.156383 0.953854 1.25537e+26 3.21
-0.0919308 0.961285 1.25693e+26 3.22
-0.0270997 0.964512 1.25818e+26 3.23
0.0378279 0.963515 1.25911e+26 3.24
0.102569 0.958293 1.25972e+26 3.25
0.166839 0.94887 1.25999e+26 3.26
0.230359 0.935284 1.25994e+26 3.27
0.292851 0.917598 1.25955e+26 3.28
0.354043 0.895891 1.25883e+26 3.29
0.41367 0.870262 1.25779e+26 3.3
0.471474 0.84083 1.25643e+26 3.31
0.527209 0.807729 1.25476e+26 3.32
0.580637 0.771112 1.25279e+26 3.33
0.631534 0.731145 1.25053e+26 3.34
0.679689 0.688013 1.24798e+26 3.35
0.724904 0.641909 1.24518e+26 3.36
0.766997 0.593043 1.24212e+26 3.37
0.8058 0.541634 1.23882e+26 3.38
0.841165 0.48791 1.23531e+26 3.39
0.872956 0.43211 1.23159e+26 3.4
0.901058 0.374476 1.2277e+26 3.41
0.925372 0.315259 1.22364e+26 3.42
0.945817 0.254714 1.21943e+26 3.43
0.962329 0.193098 1.2151e+26 3.44
0.974862 0.13067 1.21067e+26 3.45
0.983387 0.0676893 1.20615e+26 3.46
0.987893 0.00441567 1.20156e+26 3.47
0.988386 -0.0588939 1.19693e+26 3.48
0.984886 -0.121985 1.19227e+26 3.49
0.977432 -0.184607 1.18761e+26 3.5
0.966077 -0.246515 1.18295e+26 3.51
0.950888 -0.307469 1.17832e+26 3.52
0.931948 -0.367235 1.17374e+26 3.53
0.909352 -0.425587 1.16923e+26 3.54
0.883209 -0.482308 1.16479e+26 3.55
0.85364 -0.537188 1.16044e+26 3.56
0.820776 -0.590027 1.15621e+26 3.57
0.78476 -0.640634 1.1521e+26 3.58
0.745746 -0.68883 1.14813e+26 3.59
0.703895 -0.734444 1.14431e+26 3.6
0.659379 -0.777318 1.14065e+26 3.61
0.612375 -0.817304 1.13717e+26 3.62
0.563071 -0.854266 1.13387e+26 3.63
0.511657 -0.888079 1.13076e+26 3.64
0.458331 -0.918631 1.12786e+26 3.65
0.403298 -0.945822 1.12516e+26 3.66
0.346763 -0.969562 1.12269e+26 3.67
0.28894 -0.989775 1.12044e+26 3.68
0.23004 -1.0064 1.11842e+26 3.69
0.170283 -1.01938 1.11664e+26 3.7
0.109885 -1.02868 1.1151e+26 3.71
0.0490675 -1.03426 1.11381e+26 3.72
-0.0119491 -1.03613 1.11277e+26 3.73
-0.0729442 -1.03427 1.11198e+26 3.74
-0.133697 -1.02869 1.11145e+26 3.75
-0.19399 -1.01942 1.11117e+26 3.76
-0.253603 -1.00648 1.11115e+26 3.77
-0.312322 -0.989931 1.11138e+26 3.78
-0.369935 -0.969824 1.11188e+26 3.79
-0.426231 -0.946228 1.11262e+26 3.8
-0.481005 -0.919225 1.11363e+26 3.81
-0.534057 -0.888908 1.11488e+26 3.82
-0.585189 -0.855381 1.11639e+26 3.83
-0.634212 -0.818758 1.11813e+26 3.84
-0.680941 -0.779166 1.12012e+26 3.85
-0.725198 -0.736741 1.12234e+26 3.86
-0.766812 -0.69163 1.12479e+26 3.87
-0.805622 -0.64399 1.12747e+26 3.88
-0.841473 -0.593989 1.13036e+26 3.89
-0.87422 -0.541803 1.13345e+26 3.9
-0.903728 -0.487617 1.13674e+26 3.91
-0.92987 -0.431626 1.14022e+26 3.92
-0.952534 -0.374033 1.14388e+26 3.93
-0.971616 -0.315046 1.14771e+26 3.94
-0.987025 -0.254885 1.15168e+26 3.95
-0.998683 -0.193773 1.1558e+26 3.96
-1.00652 -0.131939 1.16005e+26 3.97
-1.0105 -0.0696204 1.16441e+26 3.98
-1.01056 -0.00705555 1.16887e+26 3.99
-1.0067 0.0555117 1.17341e+26 4
-0.998902 0.117835 1.17801e+26 4.01
-0.987174 0.179665 1.18267e+26 4.02
-0.971539 0.240754 1.18735e+26 4.03
-0.952038 0.300852 1.19205e+26 4.04
-0.928725 0.35971 1.19675e+26 4.05
-0.901673 0.417082 1.20141e+26 4.06
-0.87097 0.472725 1.20604e+26 4.07
-0.836721 0.526401 1.2106e+26 4.08
-0.799047 0.577877 1.21507e+26 4.09
-0.758086 0.626927 1.21944e+26 4.1
-0.713991 0.673334 1.22369e+26 4.11
-0.666931 0.716889 1.22779e+26 4.12
-0.617088 0.757394 1.23173e+26 4.13
-0.564662 0.794663 1.23548e+26 4.14
-0.509864 0.828522 1.23904e+26 4.15
-0.452917 0.858814 1.24237e+26 4.16
-0.394058 0.885394 1.24546e+26 4.17
-0.333533 0.908134 1.2483e+26 4.18
-0.271598 0.926923 1.25088e+26 4.19
-0.208517 0.941669 1.25317e+26 4.2
-0.14456 0.952297 1.25517e+26 4.21
-0.0800052 0.958752 1.25686e+26 4.22
-0.0151314 0.960997 1.25824e+26 4.23
0.0497783 0.959019 1.25929e+26 4.24
0.114441 0.95282 1.26002e+26 4.25
0.178573 0.942425 1.26042e+26 4.26
0.241894 0.92788 1.26049e+26 4.27
0.304129 0.909248 1.26022e+26 4.28
0.365006 0.886614 1.25962e+26 4.29
0.42426 0.86008 1.25869e+26 4.3
0.481638 0.829767 1.25744e+26 4.31
0.536891 0.795815 1.25587e+26 4.32
0.589787 0.758378 1.254e+26 4.33
0.640102 0.717627 1.25183e+26 4.34
0.687626 0.673748 1.24937e+26 4.35
0.732166 0.62694 1.24664e+26 4.36
0.773541 0.577413 1.24365e+26 4.37
0.811587 0.52539 1.24041e+26 4.38
0.846158 0.471101 1.23696e+26 4.39
0.877122 0.414786 1.23329e+26 4.4
0.904366 0.356692 1.22943e+26 4.41
0.927796 0.297071 1.2254e+26 4.42
0.947333 0.236178 1.22122e+26 4.43
0.962918 0.174272 1.2169e+26 4.44
0.974508 0.111613 1.21247e+26 4.45
0.982078 0.0484633 1.20795e+26 4.46
0.985621 -0.0149188 1.20335e+26 4.47
0.985146 -0.0782754 1.1987e+26 4.48
0.980679 -0.141352 1.19402e+26 4.49
0.972261 -0.203898 1.18931e+26 4.5
0.959949 -0.265668 1.18462e+26 4.51
0.943816 -0.326423 1.17994e+26 4.52
0.923946 -0.38593 1.17531e+26 4.53
0.90044 -0.443965 1.17073e+26 4.54
0.87341 -0.500311 1.16622e+26 4.55
0.842979 -0.55476 1.16181e+26 4.56
0.809284 -0.607114 1.15749e+26 4.57
0.772471 -0.657184 1.1533e+26 4.58
0.732696 -0.704793 1.14924e+26 4.59
0.690125 -0.749773 1.14533e+26 4.6
0.64493 -0.791968 1.14158e+26 4.61
0.597293 -0.831234 1.138e+26 4.62
0.547403 -0.867436 1.1346e+26 4.63
0.495455 -0.900454 1.13139e+26 4.64
0.441647 -0.930178 1.12838e+26 4.65
0.386186 -0.956511 1.12558e+26 4.66
0.329279 -0.979368 1.123e+26 4.67
0.271141 -0.998676 1.12065e+26 4.68
0.211986 -1.01438 1.11853e+26 4.69
0.152032 -1.02642 1.11664e+26 4.7
0.0914985 -1.03477 1.115e+26 4.71
0.0306064 -1.0394 1.11361e+26 4.72
-0.0304237 -1.04031 1.11247e+26 4.73
-0.091371 -1.03749 1.11158e+26 4.74
-0.152015 -1.03095 1.11095e+26 4.75
-0.212138 -1.02073 1.11058e+26 4.76
-0.271522 -1.00687 1.11047e+26 4.77
-0.329953 -0.989398 1.11062e+26 4.78
-0.38722 -0.968393 1.11103e+26 4.79
-0.443113 -0.943922 1.11169e+26 4.8
-0.49743 -0.916071 1.11262e+26 4.81
-0.549971 -0.884936 1.1138e+26 4.82
-0.600542 -0.850624 1.11523e+26 4.83
-0.648954 -0.813252 1.11692e+26 4.84
-0.695026 -0.77295 1.11884e+26 4.85
-0.738582 -0.729858 1.12101e+26 4.86
-0.779455 -0.684125 1.12341e+26 4.87
-0.817485 -0.63591 1.12603e+26 4.88
-0.85252 -0.585383 1.12888e+26 4.89
-0.88442 -0.532723 1.13193e+26 4.9
-0.913051 -0.478117 1.13519e+26 4.91
-0.938293 -0.42176 1.13865e+26 4.92
-0.960034 -0.363858 1.14228e+26 4.93
-0.978174 -0.304621 1.14609e+26 4.94
-0.992628 -0.244268 1.15006e+26 4.95
-1.00332 -0.183024 1.15417e+26 4.96
-1.01019 -0.121119 1.15842e+26 4.97
-1.01318 -0.0587895 1.16279e+26 4.98
-1.01228 0.00372575 1.16726e+26 4.99
-1.00744 0.0661829 1.17182e+26 5
-0.998683 0.128336 1.17645e+26 5.01
-0.986005 0.189937 1.18114e+26 5.02
-0.969437 0.250738 1.18586e+26 5.03
-0.949021 0.310491 1.1906e+26 5.04
-0.924818 0.368948 1.19534e+26 5.05
-0.896901 0.425865 1.20007e+26 5.06
-0.865364 0.481 1.20475e+26 5.07
-0.830314 0.534118 1.20937e+26 5.08
-0.791876 0.584988 1.21392e+26 5.09
-0.75019 0.633386 1.21836e+26 5.1
-0.705412 0.679098 1.22268e+26 5.11
-0.657713 0.721916 1.22687e+26 5.12
-0.60728 0.761648 1.23089e+26 5.13
-0.554313 0.798108 1.23474e+26 5.14
-0.499024 0.831129 1.23838e+26 5.15
-0.441641 0.860553 1.24181e+26 5.16
-0.382399 0.88624 1.24501e+26 5.17
-0.321549 0.908066 1.24795e+26 5.18
-0.259345 0.925924 1.25063e+26 5.19
-0.196054 0.939725 1.25303e+26 5.2
-0.131947 0.949397 1.25513e+26 5.21
-0.0673012 0.954889 1.25693e+26 5.22
-0.00239634 0.95617 1.25842e+26 5.23
0.0624845 0.953226 1.25959e+26 5.24
0.127058 0.946067 1.26043e+26 5.25
0.191042 0.934721 1.26093e+26 5.26
0.254157 0.919236 1.2611e+26 5.27
0.316126 0.899679 1.26094e+26 5.28
0.376681 0.876139 1.26044e+26 5.29
0.435558 0.848722 1.2596e+26 5.3
0.492504 0.817553 1.25844e+26 5.31
0.547274 0.782773 1.25696e+26 5.32
0.599635 0.744541 1.25516e+26 5.33
0.649367 0.703031 1.25306e+26 5.34
0.696262 0.658432 1.25067e+26 5.35
0.740129 0.610944 1.248e+26 5.36
0.780791 0.560783 1.24507e+26 5.37
0.818085 0.508171 1.24188e+26 5.38
0.851869 0.453343 1.23846e+26 5.39
0.882013 0.39654 1.23482e+26 5.4
0.90841 0.338011 1.23099e+26 5.41
0.930967 0.27801 1.22698e+26 5.42
0.949609 0.216793 1.2228e+26 5.43
0.96428 0.154622 1.21849e+26 5.44
0.974942 0.0917569 1.21405e+26 5.45
0.981573 0.0284599 1.20951e+26 5.46
0.98417 -0.0350088 1.2049e+26 5.47
0.982746 -0.0983912 1.20022e+26 5.48
0.977331 -0.161433 1.1955e+26 5.49
0.967969 -0.223883 1.19075e+26 5.5
0.954722 -0.285497 1.18601e+26 5.51
0.937665 -0.346036 1.18128e+26 5.52
0.916888 -0.405269 1.17659e+26 5.53
0.892494 -0.462972 1.17194e+26 5.54
0.864599 -0.518929 1.16737e+26 5.55
0.833331 -0.572935 1.16288e+26 5.56
0.798828 -0.624793 1.1585e+26 5.57
0.761241 -0.674316 1.15423e+26 5.58
0.720729 -0.721329 1.15009e+26 5.59
0.677459 -0.765667 1.1461e+26 5.6
0.631608 -0.807176 1.14227e+26 5.61
0.583361 -0.845715 1.1386e+26 5.62
0.532908 -0.881153 1.13512e+26 5.63
0.480446 -0.913371 1.13183e+26 5.64
0.426177 -0.942264 1.12874e+26 5.65
0.370307 -0.967738 1.12586e+26 5.66
0.313048 -0.989712 1.1232e+26 5.67
0.254613 -1.00811 1.12076e+26 5.68
0.19522 -1.02289 1.11856e+26 5.69
0.135087 -1.034 1.1166e+26 5.7
0.0744342 -1.0414 1.11488e+26 5.71
0.0134826 -1.04508 1.11341e+26 5.72
-0.0475465 -1.04503 1.11219e+26 5.73
-0.108432 -1.04125 1.11123e+26 5.74
-0.168955 -1.03377 1.11052e+26 5.75
-0.228896 -1.02261 1.11008e+26 5.76
-0.28804 -1.00781 1.1099e+26 5.77
-0.346172 -0.989431 1.10999e+26 5.78
-0.403082 -0.967532 1.11033e+26 5.79
-0.458563 -0.942191 1.11094e+26 5.8
-0.512414 -0.913496 1.11181e+26 5.81
-0.564436 -0.881547 1.11293e+26 5.82
-0.614438 -0.846454 1.11431e+26 5.83
-0.662232 -0.808339 1.11594e+26 5.84
-0.707641 -0.767332 1.11782e+26 5.85
-0.75049 -0.723577 1.11995e+26 5.86
-0.790615 -0.677226 1.1223e+26 5.87
-0.827859 -0.628441 1.12489e+26 5.88
-0.862074 -0.577394 1.12771e+26 5.89
-0.893121 -0.524264 1.13073e+26 5.9
-0.920872 -0.469243 1.13397e+26 5.91
-0.945208 -0.412526 1.1374e+26 5.92
-0.966023 -0.354321 1.14102e+26 5.93
-0.983219 -0.294839 1.14482e+26 5.94
-0.996715 -0.2343 1.14877e+26 5.95
-1.00644 -0.17293 1.15289e+26 5.96
-1.01233 -0.110959 1.15713e+26 5.97
-1.01435 -0.0486244 1.16151e+26 5.98
-1.01247 0.013835 1.16599e+26 5.99
-1.00666 0.0761757 1.17056e+26 6
-0.996939 0.138152 1.17521e+26 6.01
-0.983312 0.199517 1.17992e+26 6.02
-0.965811 0.260024 1.18468e+26 6.03
-0.944484 0.319424 1.18945e+26 6.04
-0.919391 0.377474 1.19423e+26 6.05
-0.890614 0.433928 1.199e+26 6.06
-0.858246 0.488549 1.20373e+26 6.07
-0.8224 0.541103 1.20841e+26 6.08
-0.783203 0.591359 1.21301e+26 6.09
-0.740797 0.639099 1.21751e+26 6.1
-0.695343 0.684108 1.2219e+26 6.11
-0.647013 0.726185 1.22616e+26 6.12
-0.595997 0.765138 1.23026e+26 6.13
-0.542496 0.800785 1.23418e+26 6.14
-0.486727 0.832962 1.2379e+26 6.15
-0.428916 0.861515 1.24141e+26 6.16
-0.369304 0.886307 1.2447e+26 6.17
-0.308138 0.907217 1.24773e+26 6.18
-0.245678 0.924143 1.2505e+26 6.19
-0.182189 0.936997 1.25299e+26 6.2
-0.117944 0.945714 1.25518e+26 6.21
-0.0532197 0.950246 1.25708e+26 6.22
0.011703 0.950563 1.25866e+26 6.23
0.0765415 0.946659 1.25992e+26 6.24
0.141013 0.938544 1.26084e+26 6.25
0.204835 0.926251 1.26144e+26 6.26
0.267729 0.909832 1.26169e+26 6.27
0.32942 0.889359 1.26161e+26 6.28
0.389639 0.864923 1.26119e+26 6.29
0.448126 0.836633 1.26043e+26 6.3
0.504627 0.804617 1.25934e+26 6.31
0.5589 0.769021 1.25792e+26 6.32
0.610714 0.730007 1.25619e+26 6.33
0.659851 0.687752 1.25415e+26 6.34
0.706106 0.642446 1.25181e+26 6.35
0.749289 0.594295 1.24918e+26 6.36
0.789226 0.543515 1.24628e+26 6.37
0.825759 0.490332 1.24313e+26 6.38
0.858747 0.434983 1.23973e+26 6.39
0.888064 0.377711 1.23612e+26 6.4
0.913605 0.318767 1.23229e+26 6.41
0.935282 0.258406 1.22829e+26 6.42
0.953023 0.196887 1.22411e+26 6.43
0.966776 0.13447 1.21979e+26 6.44
0.976505 0.0714202 1.21534e+26 6.45
0.982194 0.00799803 1.21078e+26 6.46
0.983843 -0.0555353 1.20614e+26 6.47
0.981468 -0.118921 1.20143e+26 6.48
0.975103 -0.181905 1.19668e+26 6.49
0.964798 -0.244238 1.1919e+26 6.5
0.950616 -0.305673 1.18711e+26 6.51
0.932637 -0.365975 1.18234e+26 6.52
0.910956 -0.424911 1.1776e+26 6.53
0.885677 -0.48226 1.1729e+26 6.54
0.856922 -0.537808 1.16828e+26 6.55
0.824821 -0.591349 1.16373e+26 6.56
0.789516 -0.64269 1.15929e+26 6.57
0.751161 -0.691646 1.15496e+26 6.58
0.709918 -0.738044 1.15076e+26 6.59
0.665958 -0.781721 1.14671e+26 6.6
0.619461 -0.822526 1.14281e+26 6.61
0.570612 -0.86032 1.13908e+26 6.62
0.519606 -0.894977 1.13553e+26 6.63
0.46664 -0.926379 1.13217e+26 6.64
0.41192 -0.954426 1.12901e+26 6.65
0.355654 -0.979026 1.12606e+26 6.66
0.298055 -1.0001 1.12333e+26 6.67
0.239337 -1.01759 1.12083e+26 6.68
0.179718 -1.03143 1.11856e+26 6.69
0.119419 -1.04158 1.11653e+26 6.7
0.0586609 -1.04803 1.11475e+26 6.71
-0.002336 -1.05074 1.11321e+26 6.72
-0.0633498 -1.04973 1.11194e+26 6.73
-0.12416 -1.04499 1.11091e+26 6.74
-0.184546 -1.03655 1.11015e+26 6.75
-0.244291 -1.02444 1.10965e+26 6.76
-0.303178 -1.00871 1.10942e+26 6.77
-0.360996 -0.989407 1.10944e+26 6.78
-0.417536 -0.966611 1.10974e+26 6.79
-0.472591 -0.940397 1.11029e+26 6.8
-0.52596 -0.910857 1.11111e+26 6.81
-0.57745 -0.878094 1.11219e+26 6.82
-0.626868 -0.842221 1.11353e+26 6.83
-0.674032 -0.803363 1.11512e+26 6.84
-0.718763 -0.761654 1.11696e+26 6.85
-0.760893 -0.717239 1.11905e+26 6.86
-0.800258 -0.670275 1.12137e+26 6.87
-0.836705 -0.620924 1.12393e+26 6.88
-0.870089 -0.569361 1.12672e+26 6.89
-0.900275 -0.515769 1.12972e+26 6.9
-0.927137 -0.460339 1.13294e+26 6.91
-0.950561 -0.403271 1.13635e+26 6.92
-0.970442 -0.344771 1.13996e+26 6.93
-0.986688 -0.285052 1.14374e+26 6.94
-0.999221 -0.224337 1.14769e+26 6.95
-1.00797 -0.16285 1.1518e+26 6.96
-1.01289 -0.100824 1.15605e+26 6.97
-1.01393 -0.0384938 1.16042e+26 6.98
-1.01107 0.0238996 1.16491e+26 6.99
-1.00429 0.0861137 1.1695e+26 7
-0.99361 0.147904 1.17416e+26 7.01
-0.979037 0.209023 1.1789e+26 7.02
-0.960607 0.269225 1.18367e+26 7.03
-0.938372 0.328264 1.18848e+26 7.04
-0.912397 0.385897 1.1933e+26 7.05
-0.882765 0.441881 1.1981e+26 7.06
-0.849575 0.495979 1.20288e+26 7.07
-0.812941 0.54796 1.2076e+26 7.08
-0.772993 0.597597 1.21226e+26 7.09
-0.729878 0.644672 1.21682e+26 7.1
-0.683757 0.688975 1.22127e+26 7.11
-0.634807 0.730306 1.22559e+26 7.12
-0.583219 0.768476 1.22975e+26 7.13
-0.529197 0.803308 1.23375e+26 7.14
-0.472959 0.834639 1.23754e+26 7.15
-0.414734 0.862319 1.24113e+26 7.16
-0.354763 0.886216 1.24449e+26 7.17
-0.293296 0.906211 1.2476e+26 7.18
-0.230592 0.922206 1.25045e+26 7.19
-0.166919 0.934117 1.25301e+26 7.2
-0.102549 0.941882 1.25529e+26 7.21
-0.0377597 0.945456 1.25726e+26 7.22
0.0271674 0.944816 1.25892e+26 7.23
0.0919501 0.939956 1.26025e+26 7.24
0.156305 0.930892 1.26126e+26 7.25
0.219952 0.91766 1.26192e+26 7.26
0.282612 0.900315 1.26225e+26 7.27
0.344011 0.878934 1.26223e+26 7.28
0.403882 0.85361 1.26187e+26 7.29
0.461964 0.824457 1.26117e+26 7.3
0.518007 0.791606 1.26013e+26 7.31
0.571771 0.755206 1.25876e+26 7.32
0.623025 0.715423 1.25707e+26 7.33
0.671554 0.672435 1.25507e+26 7.34
0.717157 0.626438 1.25276e+26 7.35
0.759644 0.577638 1.25016e+26 7.36
0.798846 0.526255 1.24729e+26 7.37
0.834606 0.472518 1.24415e+26 7.38
0.866787 0.416665 1.24077e+26 7.39
0.895267 0.358942 1.23716e+26 7.4
0.919943 0.299601 1.23333e+26 7.41
0.940731 0.238899 1.22932e+26 7.42
0.957562 0.177097 1.22514e+26 7.43
0.970389 0.114457 1.22081e+26 7.44
0.97918 0.0512427 1.21634e+26 7.45
0.983921 -0.0122832 1.21177e+26 7.46
0.984617 -0.0758593 1.2071e+26 7.47
0.981288 -0.139227 1.20236e+26 7.48
0.973971 -0.202132 1.19758e+26 7.49
0.96272 -0.264323 1.19277e+26 7.5
0.947603 -0.325558 1.18794e+26 7.51
0.928704 -0.3856 1.18313e+26 7.52
0.906119 -0.444218 1.17835e+26 7.53
0.879959 -0.501191 1.17361e+26 7.54
0.850348 -0.556307 1.16894e+26 7.55
0.817419 -0.609363 1.16435e+26 7.56
0.781319 -0.660166 1.15986e+26 7.57
0.742204 -0.708535 1.15549e+26 7.58
0.700239 -0.754298 1.15124e+26 7.59
0.655598 -0.797296 1.14713e+26 7.6
0.608464 -0.837379 1.14318e+26 7.61
0.559025 -0.874413 1.1394e+26 7.62
0.507477 -0.908272 1.1358e+26 7.63
0.454021 -0.938844 1.13238e+26 7.64
0.398864 -0.966031 1.12917e+26 7.65
0.342215 -0.989744 1.12617e+26 7.66
0.284289 -1.00991 1.12339e+26 7.67
0.225303 -1.02647 1.12084e+26 7.68
0.165474 -1.03936 1.11852e+26 7.69
0.105025 -1.04856 1.11644e+26 7.7
0.0441756 -1.05404 1.11461e+26 7.71
-0.0168515 -1.05579 1.11303e+26 7.72
-0.0778349 -1.05381 1.1117e+26 7.73
-0.138554 -1.04811 1.11063e+26 7.74
-0.19879 -1.03871 1.10982e+26 7.75
-0.258324 -1.02565 1.10928e+26 7.76
-0.316943 -1.00899 1.109e+26 7.77
-0.374435 -0.988776 1.10899e+26 7.78
-0.430591 -0.965087 1.10924e+26 7.79
-0.485209 -0.938007 1.10976e+26 7.8
-0.538088 -0.907629 1.11054e+26 7.81
-0.589036 -0.87406 1.11159e+26 7.82
-0.637863 -0.837416 1.11289e+26 7.83
-0.684389 -0.797825 1.11445e+26 7.84
-0.728439 -0.755424 1.11626e+26 7.85
-0.769845 -0.710362 1.11832e+26 7.86
-0.808449 -0.662795 1.12062e+26 7.87
-0.844098 -0.612891 1.12316e+26 7.88
-0.876652 -0.560826 1.12593e+26 7.89
-0.905978 -0.506783 1.12891e+26 7.9
-0.931954 -0.450958 1.13211e+26 7.91
-0.954469 -0.393549 1.13551e+26 7.92
-0.973423 -0.334766 1.13911e+26 7.93
-0.988727 -0.274823 1.14288e+26 7.94
-1.0003 -0.213942 1.14683e+26 7.95
-1.00809 -0.152349 1.15094e+26 7.96
-1.01204 -0.0902772 1.15519e+26 7.97
-1.01212 -0.0279618 1.15957e+26 7.98
-1.00829 0.0343572 1.16406e+26 7.99
-1.00056 0.0964372 1.16866e+26 8
-0.988938 0.158034 1.17334e+26 8.01
-0.973435 0.218902 1.17809e+26 8.02
-0.954094 0.278795 1.18288e+26 8.03
-0.93097 0.33747 1.18771e+26 8.04
-0.904132 0.394684 1.19255e+26 8.05
-0.873666 0.450197 1.19738e+26 8.06
-0.839674 0.503773 1.20218e+26 8.07
-0.802273 0.555183 1.20693e+26 8.08
-0.761597 0.604204 1.21162e+26 8.09
-0.717795 0.650618 1.21622e+26 8.1
-0.671031 0.69422 1.22071e+26 8.11
-0.621484 0.734811 1.22506e+26 8.12
-0.569347 0.772206 1.22927e+26 8.13
-0.514827 0.806232 1.23331e+26 8.14
-0.458143 0.836727 1.23715e+26 8.15
-0.399526 0.863547 1.24078e+26 8.16
-0.339219 0.886561 1.24419e+26 8.17
-0.277473 0.905655 1.24735e+26 8.18
-0.214548 0.920734 1.25025e+26 8.19
-0.150712 0.931718 1.25287e+26 8.2
-0.0862382 0.938548 1.2552e+26 8.21
-0.0214051 0.941184 1.25723e+26 8.22
0.0435064 0.939604 1.25894e+26 8.23
0.108214 0.933809 1.26032e+26 8.24
0.172435 0.923818 1.26138e+26 8.25
0.235889 0.909669 1.26209e+26 8.26
0.298298 0.891422 1.26247e+26 8.27
0.359389 0.869156 1.2625e+26 8.28
0.418897 0.84297 1.26219e+26 8.29
0.476562 0.812979 1.26153e+26 8.3
0.532135 0.779319 1.26054e+26 8.31
0.585377 0.742142 1.25921e+26 8.32
0.636062 0.701615 1.25756e+26 8.33
0.683976 0.657922 1.25559e+26 8.34
0.728918 0.61126 1.25331e+26 8.35
0.770705 0.561839 1.25075e+26 8.36
0.809167 0.50988 1.2479e+26 8.37
0.844151 0.455615 1.24479e+26 8.38
0.875523 0.399285 1.24143e+26 8.39
0.903165 0.341136 1.23784e+26 8.4
0.926978 0.281424 1.23403e+26 8.41
0.946879 0.220406 1.23004e+26 8.42
0.962805 0.158344 1.22587e+26 8.43
0.97471 0.0955032 1.22154e+26 8.44
0.982568 0.0321463 1.21708e+26 8.45
0.986367 -0.0314625 1.21251e+26 8.46
0.986117 -0.0950615 1.20785e+26 8.47
0.981842 -0.158392 1.20311e+26 8.48
0.973582 -0.221199 1.19832e+26 8.49
0.961395 -0.283234 1.1935e+26 8.5
0.945353 -0.344253 1.18867e+26 8.51
0.925543 -0.40402 1.18384e+26 8.52
0.902065 -0.462307 1.17905e+26 8.53
0.875035 -0.518892 1.17429e+26 8.54
0.844578 -0.573566 1.1696e+26 8.55
0.810833 -0.626126 1.16499e+26 8.56
0.773948 -0.676384 1.16048e+26 8.57
0.734084 -0.724158 1.15608e+26 8.58
0.691407 -0.76928 1.15181e+26 8.59
0.646096 -0.811592 1.14768e+26 8.6
0.598335 -0.850949 1.1437e+26 8.61
0.548316 -0.887217 1.13989e+26 8.62
0.496236 -0.920275 1.13626e+26 8.63
0.4423 -0.950015 1.13282e+26 8.64
0.386714 -0.97634 1.12958e+26 8.65
0.329691 -0.999167 1.12655e+26 8.66
0.271446 -1.01842 1.12374e+26 8.67
0.212198 -1.03405 1.12115e+26 8.68
0.152167 -1.04601 1.1188e+26 8.69
0.0915728 -1.05425 1.11669e+26 8.7
0.0306388 -1.05877 1.11482e+26 8.71
-0.0304131 -1.05955 1.1132e+26 8.72
-0.0913614 -1.0566 1.11184e+26 8.73
-0.151985 -1.04994 1.11074e+26 8.74
-0.212066 -1.03959 1.10989e+26 8.75
-0.271387 -1.02559 1.10931e+26 8.76
-0.329734 -1.008 1.109e+26 8.77
-0.386897 -0.986875 1.10895e+26 8.78
-0.442669 -0.962299 1.10917e+26 8.79
-0.496847 -0.934357 1.10965e+26 8.8
-0.549235 -0.903146 1.1104e+26 8.81
-0.59964 -0.868776 1.11141e+26 8.82
-0.647876 -0.831367 1.11268e+26 8.83
-0.693765 -0.791049 1.11421e+26 8.84
-0.737133 -0.747962 1.11598e+26 8.85
-0.777817 -0.702258 1.11801e+26 8.86
-0.815659 -0.654095 1.12028e+26 8.87
-0.850512 -0.603644 1.12279e+26 8.88
-0.882237 -0.551082 1.12552e+26 8.89
-0.910706 -0.496597 1.12848e+26 8.9
-0.935799 -0.440383 1.13165e+26 8.91
-0.957408 -0.382641 1.13502e+26 8.92
-0.975438 -0.323583 1.13859e+26 8.93
-0.989803 -0.263423 1.14234e+26 8.94
-1.00043 -0.202385 1.14626e+26 8.95
-1.00726 -0.140695 1.15035e+26 8.96
-1.01025 -0.0785852 1.15458e+26 8.97
-1.00937 -0.0162929 1.15894e+26 8.98
-1.00459 0.0459427 1.16342e+26 8.99
-0.995908 0.107879 1.168e+26 9
-0.983344 0.169274 1.17267e+26 9.01
-0.966919 0.22988 1.1774e+26 9.02
-0.946677 0.289456 1.18219e+26 9.03
-0.922673 0.347756 1.18701e+26 9.04
-0.894982 0.404541 1.19185e+26 9.05
-0.863692 0.459572 1.19667e+26 9.06
-0.828909 0.512617 1.20148e+26 9.07
-0.790753 0.563447 1.20624e+26 9.08
-0.749362 0.611841 1.21093e+26 9.09
-0.704886 0.657585 1.21554e+26 9.1
-0.657493 0.700476 1.22004e+26 9.11
-0.607364 0.740318 1.22441e+26 9.12
-0.554694 0.77693 1.22863e+26 9.13
-0.499693 0.810141 1.23269e+26 9.14
-0.442581 0.839793 1.23655e+26 9.15
-0.383591 0.865745 1.24021e+26 9.16
-0.322967 0.88787 1.24365e+26 9.17
-0.260961 0.906057 1.24684e+26 9.18
-0.197835 0.920215 1.24977e+26 9.19
-0.133858 0.930267 1.25242e+26 9.2
-0.0693027 0.936159 1.25479e+26 9.21
-0.00444804 0.937854 1.25685e+26 9.22
0.060425 0.935335 1.2586e+26 9.23
0.125034 0.928604 1.26003e+26 9.24
0.189097 0.917685 1.26112e+26 9.25
0.252334 0.90262 1.26188e+26 9.26
0.314469 0.883474 1.2623e+26 9.27
0.375229 0.860327 1.26238e+26 9.28
0.434349 0.833282 1.26211e+26 9.29
0.491573 0.80246 1.26151e+26 9.3
0.546652 0.767997 1.26056e+26 9.31
0.599351 0.730049 1.25928e+26 9.32
0.649444 0.688788 1.25768e+26 9.33
0.696719 0.644399 1.25576e+26 9.34
0.74098 0.597082 1.25354e+26 9.35
0.782044 0.54705 1.25102e+26 9.36
0.819745 0.494526 1.24822e+26 9.37
0.853934 0.439745 1.24515e+26 9.38
0.884479 0.382949 1.24184e+26 9.39
0.911265 0.324389 1.23829e+26 9.4
0.934196 0.264318 1.23453e+26 9.41
0.953193 0.202999 1.23057e+26 9.42
0.968197 0.140692 1.22644e+26 9.43
0.979166 0.0776649 1.22215e+26 9.44
0.986075 0.0141808 1.21772e+26 9.45
0.98892 -0.0494954 1.21318e+26 9.46
0.987712 -0.113102 1.20854e+26 9.47
0.982478 -0.176379 1.20383e+26 9.48
0.973264 -0.239074 1.19906e+26 9.49
0.960131 -0.300936 1.19426e+26 9.5
0.943155 -0.361723 1.18944e+26 9.51
0.922426 -0.421199 1.18463e+26 9.52
0.898049 -0.479138 1.17984e+26 9.53
0.870142 -0.535319 1.17509e+26 9.54
0.838834 -0.589535 1.17041e+26 9.55
0.804267 -0.641585 1.1658e+26 9.56
0.766594 -0.691282 1.16128e+26 9.57
0.725978 -0.738446 1.15687e+26 9.58
0.682588 -0.782912 1.15259e+26 9.59
0.636606 -0.824525 1.14845e+26 9.6
0.588218 -0.863141 1.14445e+26 9.61
0.53762 -0.898632 1.14063e+26 9.62
0.48501 -0.930877 1.13698e+26 9.63
0.430595 -0.959773 1.13351e+26 9.64
0.374584 -0.985225 1.13025e+26 9.65
0.317191 -1.00715 1.12719e+26 9.66
0.258633 -1.02549 1.12435e+26 9.67
0.199129 -1.04018 1.12173e+26 9.68
0.138901 -1.05119 1.11935e+26 9.69
0.0781694 -1.05847 1.1172e+26 9.7
0.0171581 -1.06202 1.1153e+26 9.71
-0.0439108 -1.06183 1.11365e+26 9.72
-0.104816 -1.05791 1.11225e+26 9.73
-0.165336 -1.05028 1.11111e+26 9.74
-0.225253 -1.03898 1.11022e+26 9.75
-0.284352 -1.02403 1.1096e+26 9.76
-0.342418 -1.00551 1.10925e+26 9.77
-0.399243 -0.983482 1.10916e+26 9.78
-0.454621 -0.958022 1.10933e+26 9.79
-0.508352 -0.929221 1.10977e+26 9.8
-0.560239 -0.897181 1.11047e+26 9.81
-0.610094 -0.862016 1.11144e+26 9.82
-0.657731 -0.823848 1.11266e+26 9.83
-0.702975 -0.78281 1.11414e+26 9.84
-0.745656 -0.739046 1.11588e+26 9.85
-0.785611 -0.692709 1.11786e+26 9.86
-0.822687 -0.643961 1.12008e+26 9.87
-0.856739 -0.592974 1.12254e+26 9.88
-0.887632 -0.539929 1.12523e+26 9.89
-0.915241 -0.485013 1.12814e+26 9.9
-0.939449 -0.428423 1.13127e+26 9.91
-0.960152 -0.370363 1.1346e+26 9.92
-0.977258 -0.311044 1.13812e+26 9.93
-0.990686 -0.250682 1.14183e+26 9.94
-1.00037 -0.189501 1.14571e+26 9.95
-1.00624 -0.127729 1.14975e+26 9.96
-1.00828 -0.065598 1.15394e+26 9.97
-1.00644 -0.00334462 1.15827e+26 9.98
-1.00071 0.0587917 0 9.99
