-1 0 1.17998e+26 0 6.28616
-0.996041 0.0628616 1.18466e+26 0.01 6.28616
-0.988115 0.125474 1.18939e+26 0.02 6.28625
-0.97623 0.187585 1.19415e+26 0.03 6.28642
-0.960409 0.248942 1.19893e+26 0.04 6.28669
-0.94069 0.309293 1.20371e+26 0.05 6.28704
-0.917131 0.368386 1.20846e+26 0.06 6.28747
-0.889804 0.42597 1.21317e+26 0.07 6.28798
-0.858798 0.4818 1.21783e+26 0.08 6.28857
-0.824219 0.535632 1.2224e+26 0.09 6.28922
-0.78619 0.587231 1.22687e+26 0.1 6.28994
-0.744851 0.636366 1.23123e+26 0.11 6.29071
-0.700355 0.682815 1.23545e+26 0.12 6.29153
-0.652876 0.726366 1.23951e+26 0.13 6.29237
-0.6026 0.766817 1.2434e+26 0.14 6.29324
-0.549728 0.803977 1.24709e+26 0.15 6.29411
-0.494476 0.83767 1.25057e+26 0.16 6.29497
-0.437073 0.867733 1.25383e+26 0.17 6.2958
-0.37776 0.894018 1.25683e+26 0.18 6.29659
-0.31679 0.916395 1.25958e+26 0.19 6.29732
-0.254424 0.934749 1.26205e+26 0.2 6.29797
-0.190933 0.948987 1.26423e+26 0.21 6.29852
-0.126597 0.959031 1.26611e+26 0.22 6.29895
-0.0616997 0.964826 1.26768e+26 0.23 6.29924
0.00347071 0.966335 1.26893e+26 0.24 6.29937
0.0686225 0.963545 1.26985e+26 0.25 6.29933
0.133463 0.95646 1.27044e+26 0.26 6.2991
0.197701 0.945108 1.27069e+26 0.27 6.29867
0.261046 0.929536 1.2706e+26 0.28 6.29801
0.323213 0.909816 1.27017e+26 0.29 6.29711
0.383921 0.886035 1.26941e+26 0.3 6.29597
0.442899 0.858303 1.26832e+26 0.31 6.29458
0.499882 0.826751 1.26689e+26 0.32 6.29291
0.554617 0.791524 1.26515e+26 0.33 6.29099
0.606862 0.752789 1.2631e+26 0.34 6.28878
0.656388 0.710727 1.26075e+26 0.35 6.28631
0.702982 0.665536 1.25811e+26 0.36 6.28357
0.746444 0.617425 1.25521e+26 0.37 6.28056
0.786591 0.566621 1.25204e+26 0.38 6.27729
0.823259 0.513357 1.24864e+26 0.39 6.27377
0.856299 0.45788 1.24502e+26 0.4 6.27002
0.885581 0.400442 1.24119e+26 0.41 6.26604
0.910997 0.341305 1.23718e+26 0.42 6.26186
0.932453 0.280735 1.23301e+26 0.43 6.25748
0.949878 0.219001 1.22869e+26 0.44 6.25293
0.963218 0.156375 1.22425e+26 0.45 6.24824
0.972438 0.0931327 1.21972e+26 0.46 6.24342
0.977523 0.0295455 1.2151e+26 0.47 6.23849
0.978476 -0.0341148 1.21043e+26 0.48 6.23349
0.975318 -0.0975797 1.20572e+26 0.49 6.22844
0.968086 -0.160585 1.20099e+26 0.5 6.22337
0.956836 -0.222871 1.19626e+26 0.51 6.2183
0.941639 -0.284185 1.19156e+26 0.52 6.21326
0.922582 -0.344281 1.1869e+26 0.53 6.20828
0.899766 -0.402922 1.1823e+26 0.54 6.20339
0.873306 -0.45988 1.17778e+26 0.55 6.19861
0.843331 -0.514933 1.17336e+26 0.56 6.19397
0.809983 -0.567875 1.16904e+26 0.57 6.18951
0.773412 -0.618506 1.16486e+26 0.58 6.18523
0.733782 -0.66664 1.16081e+26 0.59 6.18118
0.691266 -0.712102 1.15692e+26 0.6 6.17738
0.646045 -0.754727 1.1532e+26 0.61 6.17384
0.598309 -0.794366 1.14965e+26 0.62 6.1706
0.548254 -0.83088 1.1463e+26 0.63 6.16767
0.496083 -0.864144 1.14314e+26 0.64 6.16507
0.442007 -0.894045 1.14019e+26 0.65 6.16283
0.386237 -0.920483 1.13747e+26 0.66 6.16097
0.328993 -0.943372 1.13496e+26 0.67 6.15949
0.270495 -0.962638 1.13269e+26 0.68 6.15841
0.210967 -0.978222 1.13065e+26 0.69 6.15776
0.150636 -0.990077 1.12886e+26 0.7 6.15753
0.089728 -0.998168 1.12732e+26 0.71 6.15775
0.0284717 -1.00247 1.12602e+26 0.72 6.15842
-0.0329051 -1.00299 1.12497e+26 0.73 6.15954
-0.094175 -0.999713 1.12418e+26 0.74 6.16113
-0.155112 -0.992668 1.12365e+26 0.75 6.16319
-0.215491 -0.981882 1.12337e+26 0.76 6.16572
-0.275091 -0.967398 1.12335e+26 0.77 6.16872
-0.333692 -0.949271 1.12358e+26 0.78 6.17219
-0.391079 -0.927567 1.12406e+26 0.79 6.17613
-0.44704 -0.902365 1.12479e+26 0.8 6.18053
-0.501368 -0.873756 1.12577e+26 0.81 6.18538
-0.553861 -0.84184 1.12699e+26 0.82 6.19068
-0.604323 -0.806732 1.12845e+26 0.83 6.19642
-0.652565 -0.768556 1.13014e+26 0.84 6.20257
-0.698402 -0.727446 1.13206e+26 0.85 6.20913
-0.74166 -0.683548 1.1342e+26 0.86 6.21609
-0.782171 -0.637018 1.13656e+26 0.87 6.22341
-0.819775 -0.588021 1.13912e+26 0.88 6.23108
-0.854322 -0.536733 1.14188e+26 0.89 6.23909
-0.885671 -0.483337 1.14483e+26 0.9 6.24739
-0.913692 -0.428028 1.14796e+26 0.91 6.25597
-0.938265 -0.371005 1.15127e+26 0.92 6.2648
-0.959282 -0.312478 1.15474e+26 0.93 6.27385
-0.976645 -0.252665 1.15835e+26 0.94 6.28309
-0.99027 -0.191787 1.16211e+26 0.95 6.29247
-1.00009 -0.130074 1.166e+26 0.96 6.30198
-1.00603 -0.0677624 1.17e+26 0.97 6.31156
-1.00807 -0.00509041 1.17411e+26 0.98 6.32118
-1.00616 0.0576977 1.17831e+26 0.99 6.3308
-1.0003 0.120355 1.18258e+26 1 6.34038
-0.990481 0.182631 1.18691e+26 1.01 6.34986
-0.976721 0.244277 1.1913e+26 1.02 6.35921
-0.959051 0.305039 1.19571e+26 1.03 6.36838
-0.937519 0.364666 1.20014e+26 1.04 6.37731
-0.912189 0.42291 1.20456e+26 1.05 6.38596
-0.883143 0.479523 1.20897e+26 1.06 6.39429
-0.850477 0.534261 1.21334e+26 1.07 6.40223
-0.814306 0.586886 1.21766e+26 1.08 6.40973
-0.774759 0.637165 1.2219e+26 1.09 6.41675
-0.731983 0.684874 1.22606e+26 1.1 6.42324
-0.686142 0.729796 1.2301e+26 1.11 6.42915
-0.637412 0.771723 1.23401e+26 1.12 6.43443
-0.585987 0.810462 1.23778e+26 1.13 6.43903
-0.532075 0.845827 1.24139e+26 1.14 6.44291
-0.475896 0.877649 1.24481e+26 1.15 6.44603
-0.417685 0.905773 1.24804e+26 1.16 6.44836
-0.357687 0.93006 1.25105e+26 1.17 6.44985
-0.296159 0.950387 1.25383e+26 1.18 6.45047
-0.233366 0.966648 1.25636e+26 1.19 6.45021
-0.169583 0.978758 1.25863e+26 1.2 6.44904
-0.10509 0.986649 1.26062e+26 1.21 6.44693
-0.0401727 0.990276 1.26233e+26 1.22 6.44389
0.0248786 0.98961 1.26375e+26 1.23 6.43991
0.0897724 0.984646 1.26486e+26 1.24 6.43499
0.154217 0.9754 1.26567e+26 1.25 6.42913
0.21792 0.961909 1.26616e+26 1.26 6.42235
0.280595 0.94423 1.26633e+26 1.27 6.41468
0.341959 0.92244 1.26618e+26 1.28 6.40613
0.401734 0.89664 1.26571e+26 1.29 6.39674
0.459651 0.866947 1.26493e+26 1.3 6.38655
0.51545 0.833498 1.26384e+26 1.31 6.37561
0.568884 0.79645 1.26243e+26 1.32 6.36395
0.619716 0.755976 1.26074e+26 1.33 6.35165
0.667722 0.712264 1.25875e+26 1.34 6.33875
0.712696 0.665519 1.25648e+26 1.35 6.32532
0.754445 0.615957 1.25395e+26 1.36 6.31143
0.792794 0.56381 1.25117e+26 1.37 6.29715
0.827585 0.509317 1.24815e+26 1.38 6.28255
0.858678 0.452729 1.24491e+26 1.39 6.26771
0.885953 0.394304 1.24146e+26 1.4 6.25271
0.909307 0.334304 1.23783e+26 1.41 6.23761
0.928657 0.273001 1.23403e+26 1.42 6.22251
0.94394 0.210665 1.23008e+26 1.43 6.20747
0.955111 0.14757 1.226e+26 1.44 6.19257
0.962144 0.0839915 1.22182e+26 1.45 6.17789
0.965034 0.0202026 1.21754e+26 1.46 6.1635
0.96379 -0.0435254 1.21319e+26 1.47 6.14948
0.958444 -0.106925 1.2088e+26 1.48 6.13588
0.949041 -0.169733 1.20437e+26 1.49 6.12279
0.935645 -0.231692 1.19993e+26 1.5 6.11026
0.918335 -0.292552 1.19549e+26 1.51 6.09834
0.897207 -0.352069 1.19108e+26 1.52 6.0871
0.872368 -0.41001 1.18671e+26 1.53 6.07659
0.843943 -0.46615 1.1824e+26 1.54 6.06685
0.812066 -0.520274 1.17816e+26 1.55 6.05793
0.776885 -0.572177 1.17402e+26 1.56 6.04987
0.738558 -0.621666 1.16998e+26 1.57 6.04269
0.697256 -0.66856 1.16606e+26 1.58 6.03644
0.653155 -0.712689 1.16227e+26 1.59 6.03114
0.606442 -0.753896 1.15862e+26 1.6 6.02681
0.557312 -0.792036 1.15514e+26 1.61 6.02347
0.505967 -0.826977 1.15181e+26 1.62 6.02114
0.452613 -0.858601 1.14867e+26 1.63 6.01982
0.397463 -0.886801 1.14571e+26 1.64 6.01951
0.340733 -0.911486 1.14294e+26 1.65 6.02023
0.282645 -0.932575 1.14037e+26 1.66 6.02197
0.223423 -0.950003 1.13801e+26 1.67 6.02472
0.163291 -0.963717 1.13587e+26 1.68 6.02848
0.102479 -0.973677 1.13394e+26 1.69 6.03324
0.0412128 -0.979856 1.13223e+26 1.7 6.03897
-0.0202774 -0.982242 1.13076e+26 1.71 6.04566
-0.0817637 -0.980834 1.1295e+26 1.72 6.05329
-0.143019 -0.975643 1.12849e+26 1.73 6.06183
-0.203817 -0.966695 1.1277e+26 1.74 6.07126
-0.263935 -0.954027 1.12715e+26 1.75 6.08154
-0.323152 -0.937688 1.12683e+26 1.76 6.09264
-0.381251 -0.917742 1.12674e+26 1.77 6.10452
-0.438017 -0.894262 1.12689e+26 1.78 6.11716
-0.493243 -0.867333 1.12727e+26 1.79 6.13049
-0.546724 -0.837052 1.12789e+26 1.8 6.14449
-0.598262 -0.803529 1.12873e+26 1.81 6.15911
-0.647664 -0.766883 1.12979e+26 1.82 6.1743
-0.694745 -0.727244 1.13109e+26 1.83 6.19
-0.739326 -0.684754 1.1326e+26 1.84 6.20617
-0.781237 -0.639563 1.13432e+26 1.85 6.22276
-0.820314 -0.591833 1.13626e+26 1.86 6.23971
-0.856404 -0.541735 1.13841e+26 1.87 6.25695
-0.889363 -0.489448 1.14076e+26 1.88 6.27444
-0.919057 -0.435161 1.1433e+26 1.89 6.2921
-0.945361 -0.379071 1.14604e+26 1.9 6.30989
-0.968162 -0.321384 1.14896e+26 1.91 6.32772
-0.987358 -0.262312 1.15205e+26 1.92 6.34553
-1.00286 -0.202074 1.15531e+26 1.93 6.36326
-1.01459 -0.140896 1.15872e+26 1.94 6.38083
-1.02249 -0.079009 1.16229e+26 1.95 6.39818
-1.0265 -0.0166503 1.16599e+26 1.96 6.41522
-1.02659 0.0459398 1.16981e+26 1.97 6.43189
-1.02274 0.108517 1.17375e+26 1.98 6.44811
-1.01494 0.170833 1.17779e+26 1.99 6.4638
-1.00319 0.23264 1.18191e+26 2 6.47888
-0.987531 0.293688 1.18611e+26 2.01 6.49328
-0.967989 0.353725 1.19036e+26 2.02 6.50693
-0.944626 0.412504 1.19466e+26 2.03 6.51974
-0.917512 0.469776 1.19898e+26 2.04 6.53165
-0.886737 0.525297 1.20331e+26 2.05 6.54257
-0.852405 0.578827 1.20763e+26 2.06 6.55244
-0.814638 0.630132 1.21192e+26 2.07 6.56119
-0.773574 0.678984 1.21617e+26 2.08 6.56875
-0.729366 0.725163 1.22035e+26 2.09 6.57507
-0.682184 0.768457 1.22445e+26 2.1 6.58008
-0.632213 0.808666 1.22845e+26 2.11 6.58372
-0.579651 0.8456 1.23233e+26 2.12 6.58596
-0.524712 0.879082 1.23606e+26 2.13 6.58676
-0.467622 0.908951 1.23964e+26 2.14 6.58607
-0.40862 0.935059 1.24305e+26 2.15 6.58387
-0.347957 0.957274 1.24626e+26 2.16 6.58014
-0.285892 0.975481 1.24926e+26 2.17 6.57486
-0.222694 0.989585 1.25203e+26 2.18 6.56804
-0.15864 0.999507 1.25456e+26 2.19 6.55969
-0.0940131 1.00519 1.25684e+26 2.2 6.5498
-0.0290997 1.0066 1.25885e+26 2.21 6.53842
0.0358093 1.00371 1.26059e+26 2.22 6.52558
0.100422 0.996532 1.26203e+26 2.23 6.51132
0.164448 0.985089 1.26318e+26 2.24 6.49569
0.227596 0.969427 1.26403e+26 2.25 6.47876
0.289582 0.949611 1.26456e+26 2.26 6.4606
0.350124 0.92573 1.26479e+26 2.27 6.4413
0.408948 0.897892 1.2647e+26 2.28 6.42095
0.46579 0.866223 1.26431e+26 2.29 6.39964
0.520395 0.830868 1.2636e+26 2.3 6.37748
0.572519 0.791993 1.26259e+26 2.31 6.35459
0.621932 0.749776 1.26127e+26 2.32 6.33108
0.668416 0.704415 1.25967e+26 2.33 6.30708
0.711772 0.65612 1.25778e+26 2.34 6.28271
0.751814 0.605115 1.25562e+26 2.35 6.25811
0.788374 0.551635 1.2532e+26 2.36 6.23341
0.821303 0.495925 1.25054e+26 2.37 6.20874
0.850468 0.43824 1.24764e+26 2.38 6.18423
0.875757 0.378842 1.24452e+26 2.39 6.16002
0.897077 0.317997 1.2412e+26 2.4 6.13623
0.914353 0.255978 1.2377e+26 2.41 6.113
0.927531 0.193057 1.23403e+26 2.42 6.09044
0.936574 0.129512 1.23021e+26 2.43 6.06867
0.941466 0.0656164 1.22627e+26 2.44 6.04781
0.94221 0.00164412 1.22221e+26 2.45 6.02795
0.938825 -0.0621341 1.21806e+26 2.46 6.0092
0.93135 -0.125451 1.21384e+26 2.47 5.99165
0.919839 -0.188047 1.20956e+26 2.48 5.97538
0.904364 -0.249665 1.20525e+26 2.49 5.96046
0.885014 -0.310057 1.20092e+26 2.5 5.94696
0.86189 -0.368985 1.19659e+26 2.51 5.93494
0.835108 -0.426217 1.19228e+26 2.52 5.92445
0.8048 -0.481533 1.188e+26 2.53 5.91552
0.771107 -0.534722 1.18377e+26 2.54 5.90819
0.734183 -0.585584 1.1796e+26 2.55 5.90248
0.694194 -0.633932 1.17552e+26 2.56 5.89839
0.651314 -0.679589 1.17153e+26 2.57 5.89595
0.605727 -0.722392 1.16764e+26 2.58 5.89514
0.557625 -0.762189 1.16387e+26 2.59 5.89595
0.507207 -0.798843 1.16024e+26 2.6 5.89837
0.454678 -0.832227 1.15674e+26 2.61 5.90238
0.40025 -0.862229 1.1534e+26 2.62 5.90794
0.344138 -0.888752 1.15022e+26 2.63 5.91503
0.286564 -0.911709 1.14722e+26 2.64 5.92359
0.227749 -0.931028 1.14439e+26 2.65 5.93359
0.16792 -0.94665 1.14174e+26 2.66 5.94497
0.107305 -0.958531 1.1393e+26 2.67 5.95768
0.0461326 -0.966637 1.13705e+26 2.68 5.97166
-0.0153682 -0.970951 1.135e+26 2.69 5.98685
-0.0769681 -0.971465 1.13317e+26 2.7 6.00318
-0.138439 -0.968187 1.13155e+26 2.71 6.02059
-0.199554 -0.961137 1.13015e+26 2.72 6.03901
-0.260087 -0.950347 1.12897e+26 2.73 6.05837
-0.319818 -0.935861 1.12802e+26 2.74 6.07859
-0.378527 -0.917738 1.1273e+26 2.75 6.09961
-0.435998 -0.896045 1.12681e+26 2.76 6.12133
-0.492021 -0.870864 1.12655e+26 2.77 6.1437
-0.54639 -0.842287 1.12653e+26 2.78 6.16662
-0.598904 -0.810419 1.12674e+26 2.79 6.19003
-0.649368 -0.775374 1.12719e+26 2.8 6.21384
-0.697594 -0.737278 1.12787e+26 2.81 6.23796
-0.743402 -0.696268 1.12879e+26 2.82 6.26233
-0.786616 -0.65249 1.12995e+26 2.83 6.28685
-0.827073 -0.606101 1.13133e+26 2.84 6.31144
-0.864614 -0.557267 1.13294e+26 2.85 6.33602
-0.899092 -0.506165 1.13478e+26 2.86 6.36051
-0.930369 -0.452977 1.13685e+26 2.87 6.38481
-0.958316 -0.397898 1.13912e+26 2.88 6.40884
-0.982816 -0.341128 1.14161e+26 2.89 6.43251
-1.00376 -0.282875 1.14431e+26 2.9 6.45574
-1.02106 -0.223356 1.1472e+26 2.91 6.47843
-1.03463 -0.162792 1.15028e+26 2.92 6.5005
-1.0444 -0.101411 1.15355e+26 2.93 6.52186
-1.05032 -0.0394468 1.15698e+26 2.94 6.54242
-1.05233 0.0228633 1.16058e+26 2.95 6.56208
-1.05042 0.0852774 1.16433e+26 2.96 6.58077
-1.04457 0.147551 1.16822e+26 2.97 6.59839
-1.03478 0.209436 1.17223e+26 2.98 6.61486
-1.02107 0.270684 1.17635e+26 2.99 6.63008
-1.00346 0.331046 1.18057e+26 3 6.64399
-0.982013 0.390274 1.18487e+26 3.01 6.65649
-0.956785 0.44812 1.18924e+26 3.02 6.66751
-0.927857 0.504339 1.19366e+26 3.03 6.67697
-0.895326 0.55869 1.19811e+26 3.04 6.6848
-0.859305 0.610936 1.20257e+26 3.05 6.69094
-0.819922 0.660848 1.20703e+26 3.06 6.69532
-0.777323 0.708201 1.21146e+26 3.07 6.69789
-0.731668 0.752781 1.21586e+26 3.08 6.69859
-0.683134 0.794382 1.22019e+26 3.09 6.6974
-0.631911 0.832809 1.22443e+26 3.1 6.69426
-0.578205 0.86788 1.22858e+26 3.11 6.68916
-0.522234 0.899425 1.2326e+26 3.12 6.68208
-0.46423 0.927288 1.23648e+26 3.13 6.67301
-0.404437 0.95133 1.24021e+26 3.14 6.66196
-0.343108 0.971428 1.24375e+26 3.15 6.64895
-0.280507 0.987475 1.24709e+26 3.16 6.63399
-0.216907 0.999384 1.25022e+26 3.17 6.61713
-0.152586 1.00709 1.25312e+26 3.18 6.59841
-0.0878289 1.01053 1.25577e+26 3.19 6.57791
-0.0229237 1.0097 1.25816e+26 3.2 6.55569
0.0418388 1.00457 1.26027e+26 3.21 6.53185
0.106167 0.995161 1.2621e+26 3.22 6.50648
0.16977 0.98151 1.26363e+26 3.23 6.4797
0.232361 0.963669 1.26486e+26 3.24 6.45163
0.293655 0.941716 1.26578e+26 3.25 6.4224
0.353375 0.915746 1.26638e+26 3.26 6.39216
0.411251 0.885876 1.26666e+26 3.27 6.36107
0.467022 0.852241 1.26662e+26 3.28 6.32929
0.520438 0.814995 1.26626e+26 3.29 6.29698
0.571261 0.77431 1.26558e+26 3.3 6.26432
0.619266 0.730373 1.26459e+26 3.31 6.2315
0.664243 0.683388 1.26329e+26 3.32 6.19869
0.705998 0.633571 1.26169e+26 3.33 6.16608
0.744354 0.581152 1.2598e+26 3.34 6.13386
0.77915 0.526371 1.25764e+26 3.35 6.1022
0.810244 0.46948 1.2552e+26 3.36 6.07129
0.837513 0.410736 1.2525e+26 3.37 6.0413
0.860853 0.350405 1.24957e+26 3.38 6.01241
0.880179 0.288756 1.24641e+26 3.39 5.98476
0.895425 0.226063 1.24305e+26 3.4 5.95852
0.906545 0.162603 1.23949e+26 3.41 5.93383
0.913513 0.0986511 1.23576e+26 3.42 5.91082
0.91632 0.0344835 1.23187e+26 3.43 5.8896
0.914979 -0.0296265 1.22785e+26 3.44 5.87029
0.909517 -0.0934089 1.22371e+26 3.45 5.85297
0.899981 -0.156598 1.21947e+26 3.46 5.83772
0.886436 -0.218935 1.21514e+26 3.47 5.82461
0.86896 -0.280166 1.21076e+26 3.48 5.81369
0.84765 -0.340047 1.20633e+26 3.49 5.80498
0.822616 -0.398341 1.20187e+26 3.5 5.79852
0.793982 -0.454821 1.1974e+26 3.51 5.7943
0.761884 -0.50927 1.19295e+26 3.52 5.79233
0.726474 -0.561484 1.18851e+26 3.53 5.79257
0.68791 -0.611267 1.18412e+26 3.54 5.79501
0.646365 -0.658436 1.17979e+26 3.55 5.7996
0.602019 -0.702821 1.17552e+26 3.56 5.80628
0.55506 -0.744265 1.17135e+26 3.57 5.81501
0.505687 -0.782622 1.16727e+26 3.58 5.82569
0.454102 -0.817761 1.1633e+26 3.59 5.83827
0.400516 -0.849563 1.15946e+26 3.6 5.85265
0.345143 -0.877923 1.15576e+26 3.61 5.86875
0.288203 -0.90275 1.1522e+26 3.62 5.88647
0.229918 -0.923964 1.14881e+26 3.63 5.90572
0.170514 -0.941502 1.14558e+26 3.64 5.9264
0.110219 -0.955311 1.14254e+26 3.65 5.9484
0.0492616 -0.965355 1.13968e+26 3.66 5.97162
-0.0121276 -0.971609 1.13703e+26 3.67 5.99596
-0.0737192 -0.97406 1.13458e+26 3.68 6.02132
-0.135284 -0.972711 1.13234e+26 3.69 6.04758
-0.196594 -0.967577 1.13033e+26 3.7 6.07464
-0.257424 -0.958683 1.12854e+26 3.71 6.1024
-0.317549 -0.946071 1.12699e+26 3.72 6.13075
-0.37675 -0.929792 1.12568e+26 3.73 6.15959
-0.434809 -0.90991 1.12461e+26 3.74 6.18883
-0.491514 -0.886502 1.12379e+26 3.75 6.21835
-0.546657 -0.859655 1.12322e+26 3.76 6.24806
-0.600035 -0.829469 1.1229e+26 3.77 6.27786
-0.651451 -0.796053 1.12284e+26 3.78 6.30765
-0.700714 -0.759529 1.12303e+26 3.79 6.33733
-0.747641 -0.720029 1.12349e+26 3.8 6.36682
-0.792055 -0.677695 1.1242e+26 3.81 6.39601
-0.833788 -0.632679 1.12517e+26 3.82 6.4248
-0.872679 -0.585144 1.12639e+26 3.83 6.45311
-0.908576 -0.53526 1.12786e+26 3.84 6.48084
-0.941339 -0.483207 1.12959e+26 3.85 6.5079
-0.970834 -0.429175 1.13156e+26 3.86 6.5342
-0.99694 -0.373361 1.13377e+26 3.87 6.55964
-1.01955 -0.315967 1.13621e+26 3.88 6.58414
-1.03855 -0.257208 1.13889e+26 3.89 6.60759
-1.05387 -0.1973 1.14178e+26 3.9 6.62992
-1.06543 -0.136468 1.14489e+26 3.91 6.65104
-1.07317 -0.0749434 1.1482e+26 3.92 6.67085
-1.07703 -0.0129597 1.15171e+26 3.93 6.68927
-1.07699 0.0492438 1.1554e+26 3.94 6.70622
-1.07301 0.111424 1.15926e+26 3.95 6.72161
-1.06511 0.173337 1.16329e+26 3.96 6.73536
-1.05327 0.234735 1.16746e+26 3.97 6.7474
-1.03754 0.295369 1.17176e+26 3.98 6.75764
-1.01795 0.354993 1.17618e+26 3.99 6.76601
-0.994552 0.413358 1.1807e+26 4 6.77246
-0.96742 0.47022 1.1853e+26 4.01 6.7769
-0.936644 0.525337 1.18997e+26 4.02 6.7793
-0.902327 0.578471 1.19469e+26 4.03 6.77958
-0.864589 0.629388 1.19944e+26 4.04 6.77772
-0.823566 0.677864 1.2042e+26 4.05 6.77366
-0.779411 0.723678 1.20895e+26 4.06 6.76739
-0.732292 0.766622 1.21367e+26 4.07 6.75888
-0.68239 0.806495 1.21834e+26 4.08 6.74811
-0.629904 0.843109 1.22294e+26 4.09 6.7351
-0.575043 0.876289 1.22744e+26 4.1 6.71984
-0.518034 0.90587 1.23182e+26 4.11 6.70237
-0.459111 0.931707 1.23607e+26 4.12 6.68272
-0.398523 0.953666 1.24017e+26 4.13 6.66093
-0.336527 0.971633 1.24408e+26 4.14 6.63707
-0.273391 0.98551 1.2478e+26 4.15 6.61122
-0.20939 0.995219 1.2513e+26 4.16 6.58346
-0.144804 1.0007 1.25457e+26 4.17 6.5539
-0.0799192 1.00191 1.25759e+26 4.18 6.52267
-0.015025 0.99884 1.26034e+26 4.19 6.48989
0.0495878 0.991481 1.26281e+26 4.2 6.45571
0.113628 0.97986 1.26498e+26 4.21 6.4203
0.176807 0.96402 1.26685e+26 4.22 6.38382
0.238839 0.944026 1.2684e+26 4.23 6.34647
0.299441 0.919962 1.26962e+26 4.24 6.30843
0.358341 0.891934 1.27051e+26 4.25 6.26991
0.415271 0.860066 1.27106e+26 4.26 6.23113
0.469976 0.824504 1.27127e+26 4.27 6.19231
0.52221 0.785409 1.27113e+26 4.28 6.15366
0.571741 0.742959 1.27066e+26 4.29 6.11542
0.618349 0.69735 1.26985e+26 4.3 6.07782
0.661833 0.648792 1.26871e+26 4.31 6.04107
0.702004 0.597508 1.26724e+26 4.32 6.0054
0.738693 0.543733 1.26545e+26 4.33 5.97103
0.771747 0.487713 1.26336e+26 4.34 5.93817
0.801031 0.429703 1.26097e+26 4.35 5.90701
0.826432 0.369965 1.25829e+26 4.36 5.87773
0.847854 0.308767 1.25535e+26 4.37 5.85052
0.86522 0.246384 1.25215e+26 4.38 5.82551
0.878474 0.18309 1.24872e+26 4.39 5.80287
0.887578 0.119163 1.24507e+26 4.4 5.7827
0.892516 0.0548804 1.24121e+26 4.41 5.7651
0.893288 -0.00948204 1.23717e+26 4.42 5.75016
0.889915 -0.073651 1.23297e+26 4.43 5.73793
0.882433 -0.137357 1.22862e+26 4.44 5.72846
0.8709 -0.200337 1.22415e+26 4.45 5.72177
0.855385 -0.262333 1.21957e+26 4.46 5.71785
0.83598 -0.323094 1.2149e+26 4.47 5.71669
0.812785 -0.382379 1.21017e+26 4.48 5.71826
0.785921 -0.439955 1.20539e+26 4.49 5.72249
0.755519 -0.495599 1.20058e+26 4.5 5.72932
0.721722 -0.549099 1.19577e+26 4.51 5.73866
0.684688 -0.600254 1.19096e+26 4.52 5.75043
0.644583 -0.648875 1.18618e+26 4.53 5.76452
0.601585 -0.694784 1.18145e+26 4.54 5.7808
0.55588 -0.737818 1.17677e+26 4.55 5.79917
0.507662 -0.777824 1.17219e+26 4.56 5.81948
0.457134 -0.814665 1.16769e+26 4.57 5.84161
0.404502 -0.848216 1.16331e+26 4.58 5.86542
0.349981 -0.878365 1.15906e+26 4.59 5.89078
0.293788 -0.905014 1.15495e+26 4.6 5.91754
0.236147 -0.928079 1.151e+26 4.61 5.94556
0.177282 -0.947489 1.14721e+26 4.62 5.97471
0.11742 -0.963187 1.14361e+26 4.63 6.00484
0.0567922 -0.975129 1.14021e+26 4.64 6.03583
-0.00437272 -0.983285 1.13701e+26 4.65 6.06755
-0.065844 -0.987638 1.13402e+26 4.66 6.09986
-0.127392 -0.988185 1.13126e+26 4.67 6.13263
-0.188787 -0.984934 1.12874e+26 4.68 6.16575
-0.249803 -0.977908 1.12645e+26 4.69 6.1991
-0.310215 -0.96714 1.12442e+26 4.7 6.23256
-0.369801 -0.95268 1.12264e+26 4.71 6.26602
-0.428342 -0.934584 1.12112e+26 4.72 6.29937
-0.485623 -0.912925 1.11987e+26 4.73 6.3325
-0.541436 -0.887787 1.1189e+26 4.74 6.36531
-0.595575 -0.859262 1.11819e+26 4.75 6.39771
-0.64784 -0.827457 1.11776e+26 4.76 6.42959
-0.69804 -0.792489 1.11761e+26 4.77 6.46085
-0.745986 -0.754485 1.11775e+26 4.78 6.49142
-0.791501 -0.713583 1.11816e+26 4.79 6.52119
-0.834411 -0.669931 1.11885e+26 4.8 6.55007
-0.874555 -0.623686 1.11982e+26 4.81 6.57799
-0.911776 -0.575015 1.12107e+26 4.82 6.60485
-0.945929 -0.524094 1.12259e+26 4.83 6.63057
-0.976879 -0.471107 1.12438e+26 4.84 6.65506
-1.0045 -0.416249 1.12644e+26 4.85 6.67825
-1.02867 -0.359719 1.12876e+26 4.86 6.70006
-1.0493 -0.301725 1.13134e+26 4.87 6.72039
-1.06628 -0.242482 1.13416e+26 4.88 6.73918
-1.07954 -0.182212 1.13723e+26 4.89 6.75636
-1.08902 -0.12114 1.14053e+26 4.9 6.77183
-1.09465 -0.0594994 1.14405e+26 4.91 6.78554
-1.09639 0.00247403 1.14778e+26 4.92 6.7974
-1.09422 0.0645402 1.15171e+26 4.93 6.80736
-1.08813 0.126456 1.15583e+26 4.94 6.81535
-1.07811 0.187977 1.16013e+26 4.95 6.8213
-1.06419 0.248855 1.16459e+26 4.96 6.82515
-1.04639 0.308844 1.16919e+26 4.97 6.82686
-1.02477 0.367698 1.17392e+26 4.98 6.82637
-0.99938 0.42517 1.17876e+26 4.99 6.82363
-0.970312 0.481019 1.1837e+26 5 6.81863
-0.937658 0.535006 1.18871e+26 5.01 6.81131
-0.90153 0.586895 1.19378e+26 5.02 6.80166
-0.862054 0.636459 1.19889e+26 5.03 6.78968
-0.819374 0.683475 1.20401e+26 5.04 6.77535
-0.773651 0.72773 1.20912e+26 5.05 6.75868
-0.725057 0.76902 1.2142e+26 5.06 6.73969
-0.673783 0.807151 1.21924e+26 5.07 6.71841
-0.620031 0.841941 1.22419e+26 5.08 6.69489
-0.564017 0.873221 1.22905e+26 5.09 6.66917
-0.505972 0.900835 1.2338e+26 5.1 6.64134
-0.446136 0.924644 1.23839e+26 5.11 6.61148
-0.384762 0.944525 1.24283e+26 5.12 6.57969
-0.32211 0.960369 1.24707e+26 5.13 6.54608
-0.258452 0.972089 1.25111e+26 5.14 6.51078
-0.194063 0.979615 1.25491e+26 5.15 6.47395
-0.129228 0.982897 1.25847e+26 5.16 6.43574
-0.0642319 0.981904 1.26175e+26 5.17 6.39634
0.000634308 0.976626 1.26475e+26 5.18 6.35594
0.0650803 0.967074 1.26745e+26 5.19 6.31473
0.128816 0.953281 1.26983e+26 5.2 6.27295
0.191553 0.935299 1.27188e+26 5.21 6.23081
0.253009 0.913202 1.27359e+26 5.22 6.18856
0.312905 0.887085 1.27494e+26 5.23 6.14644
0.370969 0.85706 1.27594e+26 5.24 6.1047
0.426941 0.823263 1.27657e+26 5.25 6.0636
0.480567 0.785845 1.27684e+26 5.26 6.0234
0.53161 0.744976 1.27673e+26 5.27 5.98434
0.579841 0.700842 1.27626e+26 5.28 5.94668
0.625049 0.653647 1.27542e+26 5.29 5.91066
0.667038 0.603605 1.27422e+26 5.3 5.87651
0.705626 0.550947 1.27267e+26 5.31 5.84446
0.740653 0.495913 1.27077e+26 5.32 5.8147
0.771973 0.438754 1.26853e+26 5.33 5.78742
0.799462 0.379729 1.26597e+26 5.34 5.76279
0.823012 0.319105 1.2631e+26 5.35 5.74096
0.842537 0.257153 1.25993e+26 5.36 5.72205
0.857971 0.194148 1.25649e+26 5.37 5.70615
0.869264 0.130368 1.25278e+26 5.38 5.69334
0.87639 0.0660927 1.24883e+26 5.39 5.68367
0.879341 0.00159872 1.24466e+26 5.4 5.67715
0.878125 -0.0628376 1.24028e+26 5.41 5.67379
0.872773 -0.126944 1.23572e+26 5.42 5.67356
0.86333 -0.190452 1.231e+26 5.43 5.6764
0.849862 -0.2531 1.22614e+26 5.44 5.68225
0.832449 -0.314633 1.22117e+26 5.45 5.69101
0.811187 -0.374803 1.2161e+26 5.46 5.70257
0.786188 -0.433373 1.21096e+26 5.47 5.71682
0.757578 -0.490113 1.20577e+26 5.48 5.73361
0.725496 -0.544804 1.20055e+26 5.49 5.7528
0.690093 -0.597241 1.19532e+26 5.5 5.77422
0.651532 -0.647227 1.19011e+26 5.51 5.79773
0.609986 -0.694578 1.18494e+26 5.52 5.82314
0.565638 -0.739124 1.17982e+26 5.53 5.8503
0.51868 -0.780706 1.17478e+26 5.54 5.87902
0.46931 -0.81918 1.16984e+26 5.55 5.90914
0.417735 -0.854414 1.165e+26 5.56 5.94049
0.364167 -0.88629 1.1603e+26 5.57 5.97291
0.308822 -0.914704 1.15575e+26 5.58 6.00622
0.251921 -0.939566 1.15136e+26 5.59 6.04027
0.19369 -0.960797 1.14715e+26 5.6 6.07491
0.134356 -0.978336 1.14313e+26 5.61 6.11
0.0741469 -0.992131 1.13932e+26 5.62 6.14538
0.0132944 -1.00215 1.13572e+26 5.63 6.18093
-0.047971 -1.00836 1.13235e+26 5.64 6.21651
-0.109419 -1.01077 1.12922e+26 5.65 6.25201
-0.170819 -1.00937 1.12634e+26 5.66 6.28729
-0.231943 -1.00417 1.12372e+26 5.67 6.32225
-0.292566 -0.995218 1.12136e+26 5.68 6.35679
-0.352463 -0.982544 1.11928e+26 5.69 6.3908
-0.411415 -0.966205 1.11747e+26 5.7 6.42418
-0.469204 -0.946267 1.11595e+26 5.71 6.45683
-0.52562 -0.922808 1.11472e+26 5.72 6.48868
-0.580454 -0.895919 1.11377e+26 5.73 6.51962
-0.633506 -0.865699 1.11313e+26 5.74 6.54959
-0.684579 -0.832262 1.11278e+26 5.75 6.5785
-0.733485 -0.795729 1.11273e+26 5.76 6.60626
-0.78004 -0.756235 1.11298e+26 5.77 6.63282
-0.824071 -0.713923 1.11353e+26 5.78 6.65809
-0.86541 -0.668945 1.11438e+26 5.79 6.682
-0.9039 -0.621466 1.11552e+26 5.8 6.70448
-0.939389 -0.571656 1.11695e+26 5.81 6.72547
-0.971739 -0.519697 1.11868e+26 5.82 6.7449
-1.00082 -0.465777 1.1207e+26 5.83 6.76271
-1.02651 -0.410094 1.12299e+26 5.84 6.77883
-1.04871 -0.352851 1.12556e+26 5.85 6.7932
-1.06731 -0.29426 1.1284e+26 5.86 6.80576
-1.08222 -0.234538 1.1315e+26 5.87 6.81645
-1.09339 -0.17391 1.13485e+26 5.88 6.82522
-1.10074 -0.112604 1.13844e+26 5.89 6.83201
-1.10423 -0.0508534 1.14227e+26 5.9 6.83677
-1.10383 0.0111035 1.14631e+26 5.91 6.83946
-1.09951 0.0730263 1.15056e+26 5.92 6.84002
-1.09127 0.134671 1.15501e+26 5.93 6.83842
-1.07913 0.195794 1.15964e+26 5.94 6.83462
-1.0631 0.256148 1.16443e+26 5.95 6.8286
-1.04323 0.315487 1.16937e+26 5.96 6.82032
-1.01957 0.373567 1.17444e+26 5.97 6.80977
-0.992192 0.430144 1.17962e+26 5.98 6.79694
-0.96119 0.484979 1.18489e+26 5.99 6.78182
-0.926663 0.537836 1.19024e+26 6 6.76442
-0.888731 0.588484 1.19564e+26 6.01 6.74477
-0.847529 0.636698 1.20107e+26 6.02 6.72287
-0.803209 0.682262 1.2065e+26 6.03 6.69879
-0.755936 0.724968 1.21192e+26 6.04 6.67256
-0.70589 0.764617 1.2173e+26 6.05 6.64425
-0.653268 0.801021 1.22262e+26 6.06 6.61393
-0.598277 0.834005 1.22785e+26 6.07 6.58171
-0.541141 0.863408 1.23297e+26 6.08 6.54768
-0.482094 0.889081 1.23796e+26 6.09 6.51198
-0.42138 0.910893 1.24278e+26 6.1 6.47473
-0.359257 0.928728 1.24742e+26 6.11 6.4361
-0.295988 0.942488 1.25185e+26 6.12 6.39625
-0.231847 0.952094 1.25605e+26 6.13 6.35537
-0.167113 0.957484 1.26e+26 6.14 6.31366
-0.10207 0.958617 1.26368e+26 6.15 6.27133
-0.0370057 0.955472 1.26706e+26 6.16 6.2286
0.0277894 0.94805 1.27013e+26 6.17 6.18572
0.0920254 0.93637 1.27288e+26 6.18 6.14294
0.155413 0.920475 1.27527e+26 6.19 6.1005
0.217667 0.900425 1.27731e+26 6.2 6.05867
0.278506 0.876305 1.27899e+26 6.21 6.01771
0.337655 0.848217 1.28028e+26 6.22 5.9779
0.394846 0.816285 1.28118e+26 6.23 5.93948
0.449822 0.780651 1.28169e+26 6.24 5.90272
0.502336 0.741474 1.28181e+26 6.25 5.86787
0.552155 0.698933 1.28153e+26 6.26 5.83517
0.599058 0.653222 1.28085e+26 6.27 5.80483
0.64284 0.60455 1.27978e+26 6.28 5.77706
0.68331 0.553139 1.27832e+26 6.29 5.75205
0.720297 0.499225 1.27648e+26 6.3 5.72996
0.753646 0.443054 1.27428e+26 6.31 5.71093
0.783222 0.384881 1.27172e+26 6.32 5.69506
0.808906 0.32497 1.26881e+26 6.33 5.68244
0.830603 0.26359 1.26558e+26 6.34 5.67312
0.848233 0.201016 1.26203e+26 6.35 5.66714
0.86174 0.137525 1.2582e+26 6.36 5.66448
0.871084 0.0733966 1.25409e+26 6.37 5.66511
0.876247 0.00891003 1.24973e+26 6.38 5.66899
0.877229 -0.0556566 1.24515e+26 6.39 5.67602
0.87405 -0.120028 1.24036e+26 6.4 5.68611
0.866748 -0.183933 1.23539e+26 6.41 5.69912
0.855379 -0.247105 1.23026e+26 6.42 5.71493
0.840014 -0.309284 1.22501e+26 6.43 5.73336
0.820743 -0.370219 1.21964e+26 6.44 5.75426
0.797671 -0.429665 1.2142e+26 6.45 5.77744
0.770917 -0.487388 1.2087e+26 6.46 5.80273
0.740613 -0.543164 1.20316e+26 6.47 5.82991
0.706907 -0.596779 1.19762e+26 6.48 5.85881
0.669956 -0.64803 1.19209e+26 6.49 5.88923
0.629928 -0.696729 1.1866e+26 6.5 5.92098
0.587004 -0.742697 1.18117e+26 6.51 5.95387
0.54137 -0.785769 1.17581e+26 6.52 5.98771
0.493224 -0.825794 1.17056e+26 6.53 6.02232
0.44277 -0.862634 1.16542e+26 6.54 6.05754
0.390216 -0.896163 1.16043e+26 6.55 6.09319
0.335779 -0.926272 1.15559e+26 6.56 6.12912
0.279679 -0.952862 1.15092e+26 6.57 6.16517
0.22214 -0.97585 1.14643e+26 6.58 6.20121
0.163388 -0.995168 1.14215e+26 6.59 6.23709
0.103654 -1.01076 1.13808e+26 6.6 6.2727
0.0431666 -1.02258 1.13425e+26 6.61 6.3079
-0.0178417 -1.0306 1.13065e+26 6.62 6.3426
-0.0791396 -1.03481 1.1273e+26 6.63 6.37668
-0.140496 -1.0352 1.12421e+26 6.64 6.41005
-0.201683 -1.03179 1.12139e+26 6.65 6.44261
-0.26247 -1.02461 1.11885e+26 6.66 6.47428
-0.322635 -1.01367 1.11659e+26 6.67 6.50498
-0.381954 -0.999044 1.11462e+26 6.68 6.53462
-0.440209 -0.980783 1.11295e+26 6.69 6.56315
-0.497186 -0.958963 1.11158e+26 6.7 6.59048
-0.552675 -0.933667 1.11051e+26 6.71 6.61656
-0.606473 -0.904993 1.10976e+26 6.72 6.64132
-0.658381 -0.873048 1.10931e+26 6.73 6.66471
-0.708207 -0.837951 1.10917e+26 6.74 6.68667
-0.755766 -0.79983 1.10935e+26 6.75 6.70715
-0.80088 -0.758825 1.10984e+26 6.76 6.72609
-0.843378 -0.715084 1.11063e+26 6.77 6.74344
-0.8831 -0.668767 1.11174e+26 6.78 6.75916
-0.919891 -0.620042 1.11316e+26 6.79 6.7732
-0.953608 -0.569084 1.11488e+26 6.8 6.78551
-0.984118 -0.516079 1.11689e+26 6.81 6.79606
-1.0113 -0.461221 1.1192e+26 6.82 6.80478
-1.03503 -0.40471 1.1218e+26 6.83 6.81166
-1.05521 -0.346754 1.12468e+26 6.84 6.81664
-1.07176 -0.287567 1.12783e+26 6.85 6.8197
-1.0846 -0.227369 1.13125e+26 6.86 6.82079
-1.09365 -0.166388 1.13492e+26 6.87 6.81989
-1.09887 -0.104853 1.13883e+26 6.88 6.81696
-1.10021 -0.0429991 1.14298e+26 6.89 6.81199
-1.09765 0.0189344 1.14734e+26 6.9 6.80495
-1.09119 0.0807064 1.15191e+26 6.91 6.79583
-1.08082 0.142074 1.15667e+26 6.92 6.78462
-1.06655 0.202791 1.16161e+26 6.93 6.77131
-1.04843 0.262615 1.1667e+26 6.94 6.7559
-1.02651 0.321299 1.17194e+26 6.95 6.73842
-1.00084 0.378601 1.17729e+26 6.96 6.71886
-0.9715 0.434282 1.18275e+26 6.97 6.69727
-0.938595 0.488102 1.18829e+26 6.98 6.67367
-0.902233 0.539832 1.19389e+26 6.99 6.64812
-0.862539 0.589243 1.19953e+26 7 6.62067
-0.819656 0.636116 1.20518e+26 7.01 6.5914
-0.773742 0.680238 1.21083e+26 7.02 6.56039
-0.724971 0.721409 1.21644e+26 7.03 6.52773
-0.673528 0.759434 1.22199e+26 7.04 6.49353
-0.619615 0.794132 1.22747e+26 7.05 6.45793
-0.563447 0.825337 1.23283e+26 7.06 6.42106
-0.50525 0.852892 1.23806e+26 7.07 6.38307
-0.445265 0.876658 1.24313e+26 7.08 6.34413
-0.38374 0.896511 1.24802e+26 7.09 6.30443
-0.320936 0.912343 1.2527e+26 7.1 6.26416
-0.257119 0.924067 1.25714e+26 7.11 6.22352
-0.192566 0.931609 1.26133e+26 7.12 6.18275
-0.127557 0.93492 1.26524e+26 7.13 6.14206
-0.0623783 0.933966 1.26885e+26 7.14 6.1017
0.0026822 0.928737 1.27214e+26 7.15 6.06192
0.0673345 0.919241 1.27509e+26 7.16 6.02296
0.131289 0.905509 1.27768e+26 7.17 5.98508
0.194259 0.887591 1.2799e+26 7.18 5.94853
0.255959 0.865559 1.28174e+26 7.19 5.91357
0.316112 0.839506 1.28318e+26 7.2 5.88042
0.374446 0.809542 1.28422e+26 7.21 5.84933
0.430698 0.775801 1.28484e+26 7.22 5.82052
0.484615 0.738432 1.28505e+26 7.23 5.79419
0.535955 0.697604 1.28485e+26 7.24 5.77053
0.584491 0.653502 1.28422e+26 7.25 5.7497
0.630008 0.606328 1.28319e+26 7.26 5.73184
0.672308 0.556297 1.28174e+26 7.27 5.71707
0.711209 0.503638 1.2799e+26 7.28 5.70547
0.746546 0.448593 1.27767e+26 7.29 5.6971
0.778172 0.391411 1.27506e+26 7.3 5.69199
0.805961 0.332353 1.27209e+26 7.31 5.69015
0.829803 0.271686 1.26878e+26 7.32 5.69154
0.849611 0.209682 1.26514e+26 7.33 5.6961
0.865316 0.146619 1.2612e+26 7.34 5.70376
0.876868 0.0827758 1.25697e+26 7.35 5.71442
0.884238 0.0184324 1.25249e+26 7.36 5.72794
0.887418 -0.0461313 1.24776e+26 7.37 5.74418
0.886416 -0.110637 1.24283e+26 7.38 5.76298
0.88126 -0.174811 1.2377e+26 7.39 5.78417
0.871999 -0.238384 1.23242e+26 7.4 5.80756
0.858695 -0.30109 1.227e+26 7.41 5.83296
0.84143 -0.362673 1.22147e+26 7.42 5.86016
0.820301 -0.422883 1.21586e+26 7.43 5.88898
0.795421 -0.481481 1.21019e+26 7.44 5.9192
0.766916 -0.538237 1.20449e+26 7.45 5.95062
0.734927 -0.592929 1.19878e+26 7.46 5.98306
0.699607 -0.64535 1.19309e+26 7.47 6.01631
0.661119 -0.695302 1.18743e+26 7.48 6.0502
0.61964 -0.742602 1.18184e+26 7.49 6.08455
0.575354 -0.787078 1.17632e+26 7.5 6.11918
0.528454 -0.82857 1.17091e+26 7.51 6.15393
0.479141 -0.866934 1.16563e+26 7.52 6.18866
0.427625 -0.902038 1.16049e+26 7.53 6.22321
0.374117 -0.933765 1.1555e+26 7.54 6.25746
0.318839 -0.96201 1.15069e+26 7.55 6.29128
0.262012 -0.986684 1.14608e+26 7.56 6.32455
0.203864 -1.00771 1.14167e+26 7.57 6.35717
0.144624 -1.02503 1.13748e+26 7.58 6.38903
0.0845222 -1.03858 1.13353e+26 7.59 6.42006
0.0237913 -1.04835 1.12982e+26 7.6 6.45015
-0.0373367 -1.0543 1.12637e+26 7.61 6.47924
-0.0986297 -1.05643 1.12318e+26 7.62 6.50725
-0.159857 -1.05474 1.12027e+26 7.63 6.53413
-0.220789 -1.04926 1.11765e+26 7.64 6.5598
-0.2812 -1.04001 1.11531e+26 7.65 6.58421
-0.340865 -1.02703 1.11327e+26 7.66 6.60732
-0.399564 -1.0104 1.11154e+26 7.67 6.62908
-0.45708 -0.990161 1.11011e+26 7.68 6.64944
-0.513203 -0.966409 1.109e+26 7.69 6.66836
-0.567724 -0.939233 1.10819e+26 7.7 6.68581
-0.620444 -0.908734 1.10771e+26 7.71 6.70175
-0.671168 -0.875027 1.10754e+26 7.72 6.71614
-0.719707 -0.838238 1.10769e+26 7.73 6.72896
-0.76588 -0.7985 1.10816e+26 7.74 6.74018
-0.809515 -0.755959 1.10895e+26 7.75 6.74976
-0.850446 -0.71077 1.11005e+26 7.76 6.75769
-0.888516 -0.663097 1.11146e+26 7.77 6.76393
-0.923579 -0.613112 1.11318e+26 7.78 6.76846
-0.955497 -0.560998 1.1152e+26 7.79 6.77127
-0.98414 -0.506942 1.11753e+26 7.8 6.77233
-1.00939 -0.451144 1.12014e+26 7.81 6.77162
-1.03115 -0.393806 1.12304e+26 7.82 6.76913
-1.04931 -0.335141 1.12622e+26 7.83 6.76484
-1.0638 -0.275364 1.12967e+26 7.84 6.75875
-1.07454 -0.2147 1.13337e+26 7.85 6.75084
-1.08148 -0.153377 1.13732e+26 7.86 6.74112
-1.08456 -0.0916253 1.14151e+26 7.87 6.72958
-1.08377 -0.0296826 1.14592e+26 7.88 6.71623
-1.07908 0.0322121 1.15054e+26 7.89 6.70108
-1.07048 0.0938175 1.15535e+26 7.9 6.68414
-1.05799 0.15489 1.16035e+26 7.91 6.66545
-1.04164 0.215187 1.1655e+26 7.92 6.64502
-1.02146 0.274463 1.1708e+26 7.93 6.6229
-0.997513 0.332476 1.17622e+26 7.94 6.59913
-0.96987 0.388986 1.18175e+26 7.95 6.57377
-0.938618 0.443755 1.18737e+26 7.96 6.54688
-0.903861 0.49655 1.19304e+26 7.97 6.51854
-0.865716 0.547141 1.19876e+26 7.98 6.48883
-0.824319 0.595306 1.20449e+26 7.99 6.45785
-0.779818 0.640832 1.21022e+26 8 6.42571
-0.732378 0.683509 1.21592e+26 8.01 6.39253
-0.682178 0.723143 1.22156e+26 8.02 6.35845
-0.629412 0.759547 1.22712e+26 8.03 6.32361
-0.574287 0.792546 1.23258e+26 8.04 6.28815
-0.517023 0.821979 1.2379e+26 8.05 6.25227
-0.457851 0.847699 1.24306e+26 8.06 6.21613
-0.397015 0.869574 1.24804e+26 8.07 6.17992
-0.334769 0.887489 1.2528e+26 8.08 6.14384
-0.271376 0.901344 1.25733e+26 8.09 6.1081
-0.207107 0.911059 1.26161e+26 8.1 6.07292
-0.142239 0.916572 1.26559e+26 8.11 6.03851
-0.0770543 0.917841 1.26928e+26 8.12 6.00508
-0.0118402 0.914843 1.27264e+26 8.13 5.97288
0.0531149 0.907577 1.27565e+26 8.14 5.9421
0.117522 0.896061 1.2783e+26 8.15 5.91296
0.181091 0.880334 1.28057e+26 8.16 5.88568
0.243538 0.860456 1.28245e+26 8.17 5.86045
0.304581 0.83651 1.28393e+26 8.18 5.83744
0.363944 0.808595 1.28499e+26 8.19 5.81684
0.42136 0.776833 1.28563e+26 8.2 5.79877
0.47657 0.741365 1.28586e+26 8.21 5.78339
0.529326 0.702348 1.28565e+26 8.22 5.77078
0.579393 0.659961 1.28503e+26 8.23 5.76104
0.626548 0.614394 1.28399e+26 8.24 5.75422
0.670584 0.565858 1.28254e+26 8.25 5.75034
0.711311 0.514572 1.28068e+26 8.26 5.74942
0.748552 0.460773 1.27843e+26 8.27 5.75143
0.782153 0.404706 1.27581e+26 8.28 5.75632
0.811974 0.346627 1.27282e+26 8.29 5.76403
0.837898 0.2868 1.26949e+26 8.3 5.77445
0.859824 0.225495 1.26583e+26 8.31 5.78747
0.877673 0.162987 1.26186e+26 8.32 5.80296
0.891386 0.0995558 1.25762e+26 8.33 5.82077
0.900922 0.0354812 1.25311e+26 8.34 5.84073
0.906262 -0.0289557 1.24837e+26 8.35 5.86268
0.907406 -0.0934749 1.24342e+26 8.36 5.88642
0.904372 -0.157799 1.23829e+26 8.37 5.91178
0.897198 -0.221656 1.23299e+26 8.38 5.93856
0.885939 -0.284776 1.22756e+26 8.39 5.96657
0.870667 -0.346898 1.22202e+26 8.4 5.99561
0.851474 -0.407768 1.2164e+26 8.41 6.02551
0.828462 -0.46714 1.21072e+26 8.42 6.05607
0.801754 -0.524777 1.20501e+26 8.43 6.08712
0.771483 -0.580454 1.19929e+26 8.44 6.11849
0.737797 -0.633955 1.19358e+26 8.45 6.15001
0.700854 -0.685076 1.18792e+26 8.46 6.18153
0.660827 -0.733628 1.18232e+26 8.47 6.21292
0.617896 -0.77943 1.1768e+26 8.48 6.24402
0.572251 -0.822317 1.17138e+26 8.49 6.27471
0.52409 -0.862137 1.16609e+26 8.5 6.30489
0.47362 -0.898751 1.16094e+26 8.51 6.33443
0.421054 -0.932035 1.15595e+26 8.52 6.36324
0.366607 -0.961878 1.15114e+26 8.53 6.39124
0.310504 -0.988183 1.14652e+26 8.54 6.41833
0.25297 -1.01087 1.14211e+26 8.55 6.44445
0.194234 -1.02986 1.13792e+26 8.56 6.46953
0.134528 -1.04511 1.13396e+26 8.57 6.49352
0.0740829 -1.05658 1.13025e+26 8.58 6.51635
0.0131329 -1.06424 1.1268e+26 8.59 6.53797
-0.0480894 -1.06807 1.12362e+26 8.6 6.55836
-0.109352 -1.06807 1.12071e+26 8.61 6.57747
-0.170424 -1.06426 1.11808e+26 8.62 6.59527
-0.231077 -1.05667 1.11575e+26 8.63 6.61173
-0.291086 -1.04533 1.11371e+26 8.64 6.62682
-0.350228 -1.03029 1.11198e+26 8.65 6.64052
-0.408285 -1.01162 1.11055e+26 8.66 6.65282
-0.465042 -0.989399 1.10944e+26 8.67 6.6637
-0.520291 -0.963704 1.10863e+26 8.68 6.67313
-0.573828 -0.934639 1.10815e+26 8.69 6.68111
-0.625456 -0.902312 1.10798e+26 8.7 6.68763
-0.674984 -0.866845 1.10812e+26 8.71 6.69268
-0.722228 -0.828368 1.10859e+26 8.72 6.69625
-0.767012 -0.787022 1.10936e+26 8.73 6.69833
-0.809167 -0.742957 1.11045e+26 8.74 6.69892
-0.848533 -0.696334 1.11185e+26 8.75 6.69801
-0.88496 -0.647321 1.11356e+26 8.76 6.69561
-0.918306 -0.596097 1.11557e+26 8.77 6.69171
-0.948438 -0.542846 1.11787e+26 8.78 6.68631
-0.975236 -0.487763 1.12047e+26 8.79 6.67942
-0.998589 -0.431048 1.12334e+26 8.8 6.67104
-1.0184 -0.372909 1.12649e+26 8.81 6.66119
-1.03457 -0.31356 1.12991e+26 8.82 6.64987
-1.04703 -0.253221 1.13358e+26 8.83 6.6371
-1.05573 -0.192116 1.13749e+26 8.84 6.6229
-1.06059 -0.130476 1.14164e+26 8.85 6.6073
-1.0616 -0.0685345 1.146e+26 8.86 6.59031
-1.05872 -0.00652781 1.15057e+26 8.87 6.57198
-1.05195 0.0553041 1.15534e+26 8.88 6.55235
-1.04129 0.11672 1.16027e+26 8.89 6.53146
-1.02675 0.177476 1.16537e+26 8.9 6.50936
-1.00838 0.237331 1.17061e+26 8.91 6.48611
-0.986215 0.296042 1.17597e+26 8.92 6.46178
-0.960328 0.353368 1.18143e+26 8.93 6.43644
-0.930796 0.409072 1.18697e+26 8.94 6.41018
-0.897714 0.462918 1.19258e+26 8.95 6.38309
-0.861193 0.514676 1.19822e+26 8.96 6.35526
-0.821359 0.564121 1.20388e+26 8.97 6.32681
-0.778353 0.611037 1.20953e+26 8.98 6.29786
-0.732332 0.655212 1.21515e+26 8.99 6.26852
-0.683467 0.696445 1.22072e+26 9 6.23895
-0.631944 0.734546 1.2262e+26 9.01 6.20927
-0.577961 0.769335 1.23157e+26 9.02 6.17964
-0.521733 0.800644 1.2368e+26 9.03 6.15021
-0.463483 0.828318 1.24188e+26 9.04 6.12116
-0.40345 0.85222 1.24678e+26 9.05 6.09264
-0.341881 0.872224 1.25146e+26 9.06 6.06484
-0.279032 0.888223 1.25591e+26 9.07 6.03791
-0.215172 0.900127 1.2601e+26 9.08 6.01204
-0.150572 0.907865 1.26402e+26 9.09 5.9874
-0.0855125 0.911384 1.26763e+26 9.1 5.96415
-0.0202777 0.91065 1.27092e+26 9.11 5.94246
0.0448453 0.905651 1.27387e+26 9.12 5.92247
0.109568 0.896395 1.27646e+26 9.13 5.90435
0.173601 0.882909 1.27869e+26 9.14 5.88821
0.236658 0.865243 1.28053e+26 9.15 5.87417
0.298456 0.843465 1.28198e+26 9.16 5.86234
0.358714 0.817668 1.28302e+26 9.17 5.85281
0.417163 0.787959 1.28366e+26 9.18 5.84563
0.473537 0.754471 1.28389e+26 9.19 5.84085
0.527584 0.71735 1.28371e+26 9.2 5.8385
0.579061 0.676765 1.28313e+26 9.21 5.83859
0.627738 0.632899 1.28213e+26 9.22 5.84108
0.673399 0.585952 1.28074e+26 9.23 5.84596
0.715846 0.536139 1.27896e+26 9.24 5.85315
0.754893 0.483687 1.2768e+26 9.25 5.86258
0.790375 0.428838 1.27428e+26 9.26 5.87416
0.822142 0.371842 1.2714e+26 9.27 5.88777
0.850067 0.312959 1.26819e+26 9.28 5.9033
0.874038 0.252457 1.26466e+26 9.29 5.92059
0.893965 0.190608 1.26083e+26 9.3 5.93952
0.909777 0.127691 1.25673e+26 9.31 5.95992
0.921425 0.0639854 1.25238e+26 9.32 5.98164
0.928878 -0.000226088 1.24779e+26 9.33 6.0045
0.932124 -0.0646625 1.24299e+26 9.34 6.02835
0.931174 -0.129044 1.23801e+26 9.35 6.05302
0.926054 -0.193095 1.23287e+26 9.36 6.07835
0.916811 -0.256543 1.2276e+26 9.37 6.10417
0.903509 -0.319122 1.22222e+26 9.38 6.13033
0.88623 -0.380572 1.21675e+26 9.39 6.15668
0.865071 -0.440643 1.21123e+26 9.4 6.18308
0.840145 -0.499092 1.20567e+26 9.41 6.2094
0.81158 -0.555687 1.2001e+26 9.42 6.2355
0.779518 -0.610207 1.19454e+26 9.43 6.26126
0.744113 -0.66244 1.18902e+26 9.44 6.28658
0.705531 -0.712189 1.18355e+26 9.45 6.31135
0.663949 -0.759269 1.17817e+26 9.46 6.33548
0.619554 -0.803506 1.17288e+26 9.47 6.35889
0.572542 -0.844741 1.16771e+26 9.48 6.3815
0.523116 -0.882829 1.16268e+26 9.49 6.40324
0.471485 -0.917637 1.1578e+26 9.5 6.42404
0.417867 -0.949048 1.15309e+26 9.51 6.44387
0.362483 -0.976959 1.14858e+26 9.52 6.46266
0.305558 -1.00128 1.14426e+26 9.53 6.48039
0.247321 -1.02194 1.14016e+26 9.54 6.49701
0.188003 -1.03886 1.13628e+26 9.55 6.51249
0.127837 -1.05202 1.13264e+26 9.56 6.52682
0.0670555 -1.06137 1.12926e+26 9.57 6.53998
0.0058938 -1.06689 1.12613e+26 9.58 6.55194
-0.0554155 -1.06858 1.12328e+26 9.59 6.5627
-0.11664 -1.06645 1.1207e+26 9.6 6.57225
-0.177551 -1.06051 1.1184e+26 9.61 6.58058
-0.23792 -1.0508 1.11639e+26 9.62 6.58769
-0.297522 -1.03737 1.11467e+26 9.63 6.59359
-0.356138 -1.02028 1.11326e+26 9.64 6.59826
-0.413552 -0.999584 1.11214e+26 9.65 6.60172
-0.469551 -0.975381 1.11133e+26 9.66 6.60397
-0.523929 -0.94776 1.11083e+26 9.67 6.60502
-0.576488 -0.916825 1.11063e+26 9.68 6.60488
-0.627033 -0.882694 1.11074e+26 9.69 6.60354
-0.675376 -0.845492 1.11116e+26 9.7 6.60104
-0.72134 -0.805356 1.11188e+26 9.71 6.59737
-0.764751 -0.762433 1.1129e+26 9.72 6.59255
-0.805448 -0.716879 1.11423e+26 9.73 6.5866
-0.843274 -0.668858 1.11585e+26 9.74 6.57953
-0.878085 -0.618545 1.11776e+26 9.75 6.57136
-0.909745 -0.566122 1.11995e+26 9.76 6.56211
-0.938129 -0.511778 1.12243e+26 9.77 6.5518
-0.96312 -0.455711 1.12518e+26 9.78 6.54046
-0.984615 -0.398126 1.12819e+26 9.79 6.52811
-1.00252 -0.339232 1.13145e+26 9.8 6.51478
-1.01676 -0.279247 1.13497e+26 9.81 6.50051
-1.02725 -0.218393 1.13871e+26 9.82 6.48533
-1.03395 -0.156897 1.14268e+26 9.83 6.46928
-1.03682 -0.09499 1.14687e+26 9.84 6.45239
-1.03581 -0.0329067 1.15124e+26 9.85 6.43473
-1.03092 0.0291151 1.15581e+26 9.86 6.41634
-1.02214 0.0908354 1.16053e+26 9.87 6.39728
-1.00949 0.152013 1.16541e+26 9.88 6.37761
-0.992985 0.212406 1.17043e+26 9.89 6.35739
-0.972677 0.271773 1.17556e+26 9.9 6.33669
-0.948621 0.329872 1.18079e+26 9.91 6.3156
-0.920887 0.386466 1.18609e+26 9.92 6.29419
-0.889563 0.441319 1.19146e+26 9.93 6.27256
-0.854752 0.494199 1.19685e+26 9.94 6.25078
-0.816573 0.54488 1.20226e+26 9.95 6.22897
-0.775159 0.593141 1.20767e+26 9.96 6.20722
-0.730657 0.63877 1.21304e+26 9.97 6.18564
-0.683233 0.68156 1.21835e+26 9.98 6.16433
-0.633063 0.721316 0 9.99 6.14342
