-5.2 0 7.24731e+28 0
-5.19985 -0.0276338 7.24752e+28 0.01
-5.19956 -0.0552668 7.24771e+28 0.02
-5.19912 -0.0828983 7.2479e+28 0.03
-5.19854 -0.110527 7.24808e+28 0.04
-5.19781 -0.138153 7.24826e+28 0.05
-5.19694 -0.165775 7.24843e+28 0.06
-5.19591 -0.193393 7.24859e+28 0.07
-5.19475 -0.221005 7.24875e+28 0.08
-5.19343 -0.24861 7.2489e+28 0.09
-5.19198 -0.276209 7.24904e+28 0.1
-5.19037 -0.3038 7.24918e+28 0.11
-5.18862 -0.331382 7.24931e+28 0.12
-5.18673 -0.358954 7.24943e+28 0.13
-5.18468 -0.386517 7.24955e+28 0.14
-5.1825 -0.414069 7.24966e+28 0.15
-5.18016 -0.441608 7.24977e+28 0.16
-5.17769 -0.469136 7.24986e+28 0.17
-5.17506 -0.49665 7.24996e+28 0.18
-5.17229 -0.52415 7.25004e+28 0.19
-5.16938 -0.551635 7.25012e+28 0.2
-5.16632 -0.579104 7.25019e+28 0.21
-5.16312 -0.606558 7.25026e+28 0.22
-5.15977 -0.633993 7.25031e+28 0.23
-5.15628 -0.661411 7.25037e+28 0.24
-5.15264 -0.688811 7.25041e+28 0.25
-5.14885 -0.71619 7.25045e+28 0.26
-5.14493 -0.74355 7.25048e+28 0.27
-5.14085 -0.770888 7.25051e+28 0.28
-5.13664 -0.798204 7.25053e+28 0.29
-5.13228 -0.825498 7.25054e+28 0.3
-5.12777 -0.852768 7.25055e+28 0.31
-5.12312 -0.880015 7.25055e+28 0.32
-5.11833 -0.907236 7.25054e+28 0.33
-5.11339 -0.934431 7.25053e+28 0.34
-5.10831 -0.9616 7.25051e+28 0.35
-5.10309 -0.988742 7.25048e+28 0.36
-5.09772 -1.01586 7.25045e+28 0.37
-5.09221 -1.04294 7.25041e+28 0.38
-5.08656 -1.07 7.25036e+28 0.39
-5.08077 -1.09702 7.25031e+28 0.4
-5.07483 -1.12402 7.25025e+28 0.41
-5.06875 -1.15098 7.25018e+28 0.42
-5.06253 -1.17791 7.25011e+28 0.43
-5.05616 -1.2048 7.25003e+28 0.44
-5.04965 -1.23167 7.24995e+28 0.45
-5.04301 -1.25849 7.24985e+28 0.46
-5.03622 -1.28528 7.24976e+28 0.47
-5.02928 -1.31204 7.24965e+28 0.48
-5.02221 -1.33876 7.24954e+28 0.49
-5.015 -1.36544 7.24942e+28 0.5
-5.00764 -1.39208 7.2493e+28 0.51
-5.00015 -1.41868 7.24916e+28 0.52
-4.99251 -1.44524 7.24903e+28 0.53
-4.98474 -1.47176 7.24888e+28 0.54
-4.97682 -1.49824 7.24873e+28 0.55
-4.96877 -1.52468 7.24857e+28 0.56
-4.96058 -1.55107 7.24841e+28 0.57
-4.95224 -1.57742 7.24824e+28 0.58
-4.94377 -1.60372 7.24806e+28 0.59
-4.93516 -1.62998 7.24788e+28 0.6
-4.92641 -1.6562 7.24769e+28 0.61
-4.91752 -1.68236 7.24749e+28 0.62
-4.9085 -1.70848 7.24729e+28 0.63
-4.89933 -1.73455 7.24708e+28 0.64
-4.89003 -1.76057 7.24687e+28 0.65
-4.8806 -1.78654 7.24664e+28 0.66
-4.87102 -1.81246 7.24642e+28 0.67
-4.86131 -1.83833 7.24618e+28 0.68
-4.85146 -1.86415 7.24594e+28 0.69
-4.84148 -1.88991 7.24569e+28 0.7
-4.83136 -1.91562 7.24544e+28 0.71
-4.82111 -1.94128 7.24518e+28 0.72
-4.81072 -1.96688 7.24491e+28 0.73
-4.8002 -1.99243 7.24464e+28 0.74
-4.78954 -2.01792 7.24436e+28 0.75
-4.77874 -2.04335 7.24407e+28 0.76
-4.76782 -2.06872 7.24378e+28 0.77
-4.75676 -2.09404 7.24348e+28 0.78
-4.74556 -2.1193 7.24318e+28 0.79
-4.73424 -2.14449 7.24287e+28 0.8
-4.72278 -2.16963 7.24255e+28 0.81
-4.71119 -2.1947 7.24223e+28 0.82
-4.69946 -2.21972 7.2419e+28 0.83
-4.68761 -2.24466 7.24156e+28 0.84
-4.67562 -2.26955 7.24122e+28 0.85
-4.66351 -2.29437 7.24087e+28 0.86
-4.65126 -2.31913 7.24051e+28 0.87
-4.63888 -2.34382 7.24015e+28 0.88
-4.62637 -2.36845 7.23978e+28 0.89
-4.61374 -2.393 7.23941e+28 0.9
-4.60097 -2.4175 7.23903e+28 0.91
-4.58808 -2.44192 7.23864e+28 0.92
-4.57505 -2.46627 7.23825e+28 0.93
-4.5619 -2.49055 7.23785e+28 0.94
-4.54862 -2.51477 7.23745e+28 0.95
-4.53522 -2.53891 7.23704e+28 0.96
-4.52169 -2.56298 7.23662e+28 0.97
-4.50803 -2.58698 7.2362e+28 0.98
-4.49424 -2.6109 7.23577e+28 0.99
-4.48033 -2.63475 7.23533e+28 1
-4.4663 -2.65853 7.23489e+28 1.01
-4.45214 -2.68223 7.23445e+28 1.02
-4.43785 -2.70586 7.23399e+28 1.03
-4.42344 -2.7294 7.23353e+28 1.04
-4.40891 -2.75288 7.23307e+28 1.05
-4.39425 -2.77627 7.2326e+28 1.06
-4.37948 -2.79959 7.23212e+28 1.07
-4.36458 -2.82282 7.23164e+28 1.08
-4.34955 -2.84598 7.23115e+28 1.09
-4.33441 -2.86906 7.23065e+28 1.1
-4.31914 -2.89205 7.23015e+28 1.11
-4.30376 -2.91497 7.22965e+28 1.12
-4.28825 -2.9378 7.22913e+28 1.13
-4.27263 -2.96055 7.22861e+28 1.14
-4.25689 -2.98321 7.22809e+28 1.15
-4.24102 -3.0058 7.22756e+28 1.16
-4.22504 -3.02829 7.22702e+28 1.17
-4.20894 -3.0507 7.22648e+28 1.18
-4.19273 -3.07303 7.22593e+28 1.19
-4.17639 -3.09527 7.22538e+28 1.2
-4.15995 -3.11742 7.22482e+28 1.21
-4.14338 -3.13948 7.22426e+28 1.22
-4.1267 -3.16146 7.22369e+28 1.23
-4.1099 -3.18334 7.22311e+28 1.24
-4.09299 -3.20514 7.22253e+28 1.25
-4.07597 -3.22684 7.22194e+28 1.26
-4.05883 -3.24846 7.22135e+28 1.27
-4.04158 -3.26998 7.22075e+28 1.28
-4.02422 -3.29141 7.22015e+28 1.29
-4.00675 -3.31275 7.21954e+28 1.3
-3.98916 -3.334 7.21892e+28 1.31
-3.97146 -3.35515 7.2183e+28 1.32
-3.95365 -3.37621 7.21767e+28 1.33
-3.93574 -3.39717 7.21704e+28 1.34
-3.91771 -3.41803 7.2164e+28 1.35
-3.89957 -3.43881 7.21576e+28 1.36
-3.88133 -3.45948 7.21511e+28 1.37
-3.86298 -3.48005 7.21446e+28 1.38
-3.84452 -3.50053 7.2138e+28 1.39
-3.82595 -3.52091 7.21314e+28 1.4
-3.80728 -3.54119 7.21247e+28 1.41
-3.7885 -3.56137 7.21179e+28 1.42
-3.76962 -3.58146 7.21111e+28 1.43
-3.75063 -3.60144 7.21042e+28 1.44
-3.73154 -3.62132 7.20973e+28 1.45
-3.71235 -3.64109 7.20904e+28 1.46
-3.69305 -3.66077 7.20834e+28 1.47
-3.67365 -3.68034 7.20763e+28 1.48
-3.65415 -3.69981 7.20692e+28 1.49
-3.63454 -3.71917 7.2062e+28 1.5
-3.61484 -3.73844 7.20548e+28 1.51
-3.59504 -3.75759 7.20475e+28 1.52
-3.57513 -3.77664 7.20402e+28 1.53
-3.55513 -3.79559 7.20328e+28 1.54
-3.53503 -3.81442 7.20254e+28 1.55
-3.51483 -3.83315 7.20179e+28 1.56
-3.49453 -3.85178 7.20104e+28 1.57
-3.47414 -3.87029 7.20028e+28 1.58
-3.45365 -3.8887 7.19952e+28 1.59
-3.43307 -3.907 7.19875e+28 1.6
-3.41239 -3.92518 7.19798e+28 1.61
-3.39162 -3.94326 7.19721e+28 1.62
-3.37075 -3.96123 7.19642e+28 1.63
-3.34979 -3.97909 7.19564e+28 1.64
-3.32874 -3.99683 7.19485e+28 1.65
-3.30759 -4.01447 7.19405e+28 1.66
-3.28636 -4.03199 7.19325e+28 1.67
-3.26503 -4.04939 7.19244e+28 1.68
-3.24361 -4.06669 7.19163e+28 1.69
-3.22211 -4.08387 7.19082e+28 1.7
-3.20051 -4.10094 7.19e+28 1.71
-3.17883 -4.11789 7.18918e+28 1.72
-3.15706 -4.13472 7.18835e+28 1.73
-3.1352 -4.15144 7.18751e+28 1.74
-3.11326 -4.16805 7.18668e+28 1.75
-3.09123 -4.18454 7.18583e+28 1.76
-3.06912 -4.20091 7.18499e+28 1.77
-3.04692 -4.21716 7.18414e+28 1.78
-3.02464 -4.2333 7.18328e+28 1.79
-3.00227 -4.24932 7.18242e+28 1.8
-2.97982 -4.26521 7.18156e+28 1.81
-2.95729 -4.28099 7.18069e+28 1.82
-2.93468 -4.29665 7.17982e+28 1.83
-2.91199 -4.31219 7.17894e+28 1.84
-2.88922 -4.32761 7.17806e+28 1.85
-2.86636 -4.34291 7.17717e+28 1.86
-2.84344 -4.35809 7.17628e+28 1.87
-2.82043 -4.37315 7.17539e+28 1.88
-2.79734 -4.38808 7.17449e+28 1.89
-2.77418 -4.40289 7.17359e+28 1.9
-2.75094 -4.41758 7.17268e+28 1.91
-2.72763 -4.43215 7.17177e+28 1.92
-2.70424 -4.44659 7.17085e+28 1.93
-2.68078 -4.46091 7.16993e+28 1.94
-2.65725 -4.4751 7.16901e+28 1.95
-2.63364 -4.48917 7.16808e+28 1.96
-2.60996 -4.50312 7.16715e+28 1.97
-2.58621 -4.51694 7.16622e+28 1.98
-2.56239 -4.53063 7.16528e+28 1.99
-2.53849 -4.5442 7.16434e+28 2
-2.51453 -4.55764 7.16339e+28 2.01
-2.4905 -4.57095 7.16244e+28 2.02
-2.46641 -4.58414 7.16149e+28 2.03
-2.44224 -4.5972 7.16053e+28 2.04
-2.41801 -4.61013 7.15957e+28 2.05
-2.39371 -4.62294 7.15861e+28 2.06
-2.36935 -4.63561 7.15764e+28 2.07
-2.34492 -4.64816 7.15667e+28 2.08
-2.32043 -4.66057 7.15569e+28 2.09
-2.29588 -4.67286 7.15471e+28 2.1
-2.27126 -4.68502 7.15373e+28 2.11
-2.24659 -4.69705 7.15274e+28 2.12
-2.22185 -4.70895 7.15175e+28 2.13
-2.19705 -4.72071 7.15076e+28 2.14
-2.17219 -4.73235 7.14976e+28 2.15
-2.14727 -4.74385 7.14876e+28 2.16
-2.1223 -4.75523 7.14776e+28 2.17
-2.09726 -4.76647 7.14676e+28 2.18
-2.07217 -4.77758 7.14575e+28 2.19
-2.04703 -4.78855 7.14473e+28 2.2
-2.02182 -4.7994 7.14372e+28 2.21
-1.99657 -4.81011 7.1427e+28 2.22
-1.97126 -4.82068 7.14167e+28 2.23
-1.94589 -4.83113 7.14065e+28 2.24
-1.92048 -4.84144 7.13962e+28 2.25
-1.89501 -4.85161 7.13859e+28 2.26
-1.86949 -4.86166 7.13755e+28 2.27
-1.84392 -4.87156 7.13652e+28 2.28
-1.8183 -4.88134 7.13548e+28 2.29
-1.79263 -4.89097 7.13443e+28 2.3
-1.76692 -4.90048 7.13339e+28 2.31
-1.74115 -4.90984 7.13234e+28 2.32
-1.71534 -4.91908 7.13128e+28 2.33
-1.68949 -4.92817 7.13023e+28 2.34
-1.66359 -4.93713 7.12917e+28 2.35
-1.63764 -4.94595 7.12811e+28 2.36
-1.61165 -4.95464 7.12705e+28 2.37
-1.58562 -4.96319 7.12598e+28 2.38
-1.55954 -4.9716 7.12491e+28 2.39
-1.53342 -4.97988 7.12384e+28 2.4
-1.50726 -4.98802 7.12277e+28 2.41
-1.48106 -4.99602 7.12169e+28 2.42
-1.45483 -5.00388 7.12061e+28 2.43
-1.42855 -5.0116 7.11953e+28 2.44
-1.40223 -5.01919 7.11845e+28 2.45
-1.37588 -5.02664 7.11736e+28 2.46
-1.34949 -5.03395 7.11627e+28 2.47
-1.32307 -5.04112 7.11518e+28 2.48
-1.29661 -5.04815 7.11409e+28 2.49
-1.27011 -5.05504 7.11299e+28 2.5
-1.24358 -5.0618 7.11189e+28 2.51
-1.21702 -5.06841 7.11079e+28 2.52
-1.19043 -5.07489 7.10969e+28 2.53
-1.16381 -5.08123 7.10858e+28 2.54
-1.13715 -5.08742 7.10748e+28 2.55
-1.11046 -5.09348 7.10637e+28 2.56
-1.08375 -5.09939 7.10526e+28 2.57
-1.05701 -5.10517 7.10414e+28 2.58
-1.03024 -5.11081 7.10303e+28 2.59
-1.00344 -5.1163 7.10191e+28 2.6
-0.976616 -5.12166 7.10079e+28 2.61
-0.949767 -5.12687 7.09967e+28 2.62
-0.922893 -5.13195 7.09855e+28 2.63
-0.895995 -5.13688 7.09743e+28 2.64
-0.869074 -5.14167 7.0963e+28 2.65
-0.84213 -5.14632 7.09517e+28 2.66
-0.815165 -5.15083 7.09404e+28 2.67
-0.788178 -5.1552 7.09291e+28 2.68
-0.761171 -5.15943 7.09178e+28 2.69
-0.734145 -5.16351 7.09064e+28 2.7
-0.7071 -5.16746 7.0895e+28 2.71
-0.680037 -5.17126 7.08837e+28 2.72
-0.652956 -5.17492 7.08723e+28 2.73
-0.625859 -5.17844 7.08608e+28 2.74
-0.598746 -5.18182 7.08494e+28 2.75
-0.571619 -5.18506 7.0838e+28 2.76
-0.544476 -5.18815 7.08265e+28 2.77
-0.51732 -5.1911 7.08151e+28 2.78
-0.490152 -5.19392 7.08036e+28 2.79
-0.462971 -5.19658 7.07921e+28 2.8
-0.435779 -5.19911 7.07806e+28 2.81
-0.408576 -5.2015 7.0769e+28 2.82
-0.381364 -5.20374 7.07575e+28 2.83
-0.354142 -5.20584 7.0746e+28 2.84
-0.326912 -5.2078 7.07344e+28 2.85
-0.299675 -5.20961 7.07228e+28 2.86
-0.27243 -5.21129 7.07113e+28 2.87
-0.24518 -5.21282 7.06997e+28 2.88
-0.217924 -5.21421 7.06881e+28 2.89
-0.190663 -5.21546 7.06765e+28 2.9
-0.163399 -5.21656 7.06648e+28 2.91
-0.136131 -5.21753 7.06532e+28 2.92
-0.108861 -5.21835 7.06416e+28 2.93
-0.0815897 -5.21903 7.06299e+28 2.94
-0.0543171 -5.21957 7.06183e+28 2.95
-0.0270443 -5.21996 7.06066e+28 2.96
0.000227887 -5.22021 7.05949e+28 2.97
0.0274988 -5.22032 7.05833e+28 2.98
0.0547676 -5.22029 7.05716e+28 2.99
0.0820337 -5.22012 7.05599e+28 3
0.109296 -5.21981 7.05482e+28 3.01
0.136554 -5.21935 7.05365e+28 3.02
0.163808 -5.21875 7.05248e+28 3.03
0.191055 -5.21801 7.0513e+28 3.04
0.218296 -5.21713 7.05013e+28 3.05
0.24553 -5.2161 7.04896e+28 3.06
0.272756 -5.21494 7.04779e+28 3.07
0.299973 -5.21363 7.04661e+28 3.08
0.327181 -5.21218 7.04544e+28 3.09
0.354378 -5.21059 7.04427e+28 3.1
0.381565 -5.20886 7.04309e+28 3.11
0.40874 -5.20699 7.04192e+28 3.12
0.435902 -5.20498 7.04074e+28 3.13
0.463052 -5.20282 7.03957e+28 3.14
0.490187 -5.20052 7.03839e+28 3.15
0.517308 -5.19809 7.03722e+28 3.16
0.544414 -5.19551 7.03604e+28 3.17
0.571504 -5.19279 7.03487e+28 3.18
0.598577 -5.18993 7.03369e+28 3.19
0.625632 -5.18694 7.03251e+28 3.2
0.65267 -5.1838 7.03134e+28 3.21
0.679688 -5.18052 7.03016e+28 3.22
0.706687 -5.1771 7.02899e+28 3.23
0.733665 -5.17354 7.02781e+28 3.24
0.760622 -5.16984 7.02664e+28 3.25
0.787558 -5.166 7.02546e+28 3.26
0.81447 -5.16202 7.02429e+28 3.27
0.84136 -5.1579 7.02311e+28 3.28
0.868226 -5.15365 7.02194e+28 3.29
0.895066 -5.14925 7.02076e+28 3.3
0.921882 -5.14472 7.01959e+28 3.31
0.948671 -5.14004 7.01842e+28 3.32
0.975433 -5.13523 7.01724e+28 3.33
1.00217 -5.13028 7.01607e+28 3.34
1.02887 -5.12519 7.0149e+28 3.35
1.05555 -5.11996 7.01373e+28 3.36
1.0822 -5.1146 7.01256e+28 3.37
1.10882 -5.10909 7.01138e+28 3.38
1.1354 -5.10345 7.01021e+28 3.39
1.16196 -5.09767 7.00904e+28 3.4
1.18848 -5.09176 7.00788e+28 3.41
1.21497 -5.08571 7.00671e+28 3.42
1.24142 -5.07952 7.00554e+28 3.43
1.26784 -5.07319 7.00437e+28 3.44
1.29423 -5.06673 7.00321e+28 3.45
1.32058 -5.06013 7.00204e+28 3.46
1.34689 -5.0534 7.00088e+28 3.47
1.37316 -5.04653 6.99971e+28 3.48
1.3994 -5.03952 6.99855e+28 3.49
1.4256 -5.03238 6.99739e+28 3.5
1.45175 -5.0251 6.99622e+28 3.51
1.47787 -5.01769 6.99506e+28 3.52
1.50395 -5.01015 6.9939e+28 3.53
1.52998 -5.00247 6.99275e+28 3.54
1.55598 -4.99465 6.99159e+28 3.55
1.58192 -4.98671 6.99043e+28 3.56
1.60783 -4.97862 6.98928e+28 3.57
1.63369 -4.97041 6.98812e+28 3.58
1.65951 -4.96206 6.98697e+28 3.59
1.68528 -4.95358 6.98582e+28 3.6
1.711 -4.94496 6.98466e+28 3.61
1.73668 -4.93622 6.98351e+28 3.62
1.76231 -4.92734 6.98237e+28 3.63
1.78789 -4.91833 6.98122e+28 3.64
1.81343 -4.90919 6.98007e+28 3.65
1.83891 -4.89991 6.97893e+28 3.66
1.86434 -4.89051 6.97778e+28 3.67
1.88972 -4.88098 6.97664e+28 3.68
1.91505 -4.87131 6.9755e+28 3.69
1.94033 -4.86151 6.97436e+28 3.7
1.96555 -4.85159 6.97322e+28 3.71
1.99072 -4.84153 6.97208e+28 3.72
2.01584 -4.83135 6.97095e+28 3.73
2.0409 -4.82104 6.96981e+28 3.74
2.0659 -4.8106 6.96868e+28 3.75
2.09085 -4.80003 6.96755e+28 3.76
2.11574 -4.78933 6.96642e+28 3.77
2.14057 -4.7785 6.96529e+28 3.78
2.16535 -4.76755 6.96416e+28 3.79
2.19007 -4.75647 6.96304e+28 3.8
2.21472 -4.74526 6.96191e+28 3.81
2.23932 -4.73393 6.96079e+28 3.82
2.26386 -4.72247 6.95967e+28 3.83
2.28833 -4.71088 6.95855e+28 3.84
2.31274 -4.69917 6.95743e+28 3.85
2.33709 -4.68734 6.95632e+28 3.86
2.36138 -4.67538 6.9552e+28 3.87
2.3856 -4.66329 6.95409e+28 3.88
2.40975 -4.65108 6.95298e+28 3.89
2.43385 -4.63875 6.95187e+28 3.9
2.45787 -4.62629 6.95076e+28 3.91
2.48183 -4.61371 6.94965e+28 3.92
2.50572 -4.60101 6.94855e+28 3.93
2.52955 -4.58819 6.94745e+28 3.94
2.5533 -4.57524 6.94635e+28 3.95
2.57699 -4.56218 6.94525e+28 3.96
2.60061 -4.54899 6.94415e+28 3.97
2.62415 -4.53568 6.94305e+28 3.98
2.64763 -4.52225 6.94196e+28 3.99
2.67103 -4.5087 6.94087e+28 4
2.69437 -4.49503 6.93978e+28 4.01
2.71763 -4.48125 6.93869e+28 4.02
2.74081 -4.46734 6.9376e+28 4.03
2.76392 -4.45332 6.93652e+28 4.04
2.78696 -4.43917 6.93544e+28 4.05
2.80993 -4.42491 6.93436e+28 4.06
2.83281 -4.41054 6.93328e+28 4.07
2.85562 -4.39604 6.9322e+28 4.08
2.87836 -4.38143 6.93113e+28 4.09
2.90101 -4.3667 6.93005e+28 4.1
2.92359 -4.35186 6.92898e+28 4.11
2.94609 -4.33691 6.92791e+28 4.12
2.96851 -4.32183 6.92685e+28 4.13
2.99086 -4.30665 6.92578e+28 4.14
3.01312 -4.29135 6.92472e+28 4.15
3.0353 -4.27594 6.92366e+28 4.16
3.0574 -4.26041 6.9226e+28 4.17
3.07941 -4.24477 6.92154e+28 4.18
3.10135 -4.22902 6.92049e+28 4.19
3.1232 -4.21316 6.91944e+28 4.2
3.14497 -4.19718 6.91839e+28 4.21
3.16665 -4.1811 6.91734e+28 4.22
3.18825 -4.16491 6.91629e+28 4.23
3.20976 -4.1486 6.91525e+28 4.24
3.23119 -4.13219 6.91421e+28 4.25
3.25253 -4.11567 6.91317e+28 4.26
3.27378 -4.09903 6.91213e+28 4.27
3.29495 -4.0823 6.9111e+28 4.28
3.31602 -4.06545 6.91007e+28 4.29
3.33701 -4.04849 6.90904e+28 4.3
3.35791 -4.03143 6.90801e+28 4.31
3.37873 -4.01427 6.90699e+28 4.32
3.39945 -3.997 6.90596e+28 4.33
3.42008 -3.97962 6.90494e+28 4.34
3.44061 -3.96214 6.90393e+28 4.35
3.46106 -3.94455 6.90291e+28 4.36
3.48141 -3.92686 6.9019e+28 4.37
3.50168 -3.90907 6.90089e+28 4.38
3.52184 -3.89117 6.89989e+28 4.39
3.54192 -3.87317 6.89888e+28 4.4
3.5619 -3.85507 6.89788e+28 4.41
3.58178 -3.83687 6.89688e+28 4.42
3.60157 -3.81857 6.89589e+28 4.43
3.62127 -3.80017 6.8949e+28 4.44
3.64087 -3.78167 6.89391e+28 4.45
3.66037 -3.76307 6.89292e+28 4.46
3.67977 -3.74437 6.89194e+28 4.47
3.69908 -3.72557 6.89096e+28 4.48
3.71828 -3.70667 6.88998e+28 4.49
3.73739 -3.68768 6.889e+28 4.5
3.7564 -3.66859 6.88803e+28 4.51
3.77531 -3.6494 6.88706e+28 4.52
3.79412 -3.63012 6.8861e+28 4.53
3.81283 -3.61074 6.88514e+28 4.54
3.83144 -3.59127 6.88418e+28 4.55
3.84994 -3.57171 6.88322e+28 4.56
3.86835 -3.55205 6.88227e+28 4.57
3.88665 -3.5323 6.88132e+28 4.58
3.90484 -3.51245 6.88038e+28 4.59
3.92294 -3.49252 6.87943e+28 4.6
3.94093 -3.47249 6.8785e+28 4.61
3.95882 -3.45237 6.87756e+28 4.62
3.9766 -3.43216 6.87663e+28 4.63
3.99427 -3.41186 6.8757e+28 4.64
4.01184 -3.39148 6.87478e+28 4.65
4.02931 -3.371 6.87386e+28 4.66
4.04667 -3.35044 6.87294e+28 4.67
4.06392 -3.32978 6.87203e+28 4.68
4.08106 -3.30905 6.87112e+28 4.69
4.09809 -3.28822 6.87021e+28 4.7
4.11502 -3.26731 6.86931e+28 4.71
4.13184 -3.24631 6.86841e+28 4.72
4.14855 -3.22523 6.86752e+28 4.73
4.16515 -3.20407 6.86663e+28 4.74
4.18164 -3.18282 6.86574e+28 4.75
4.19802 -3.16148 6.86486e+28 4.76
4.21428 -3.14007 6.86398e+28 4.77
4.23044 -3.11857 6.86311e+28 4.78
4.24649 -3.097 6.86224e+28 4.79
4.26242 -3.07534 6.86137e+28 4.8
4.27824 -3.0536 6.86051e+28 4.81
4.29395 -3.03178 6.85965e+28 4.82
4.30954 -3.00988 6.8588e+28 4.83
4.32503 -2.98791 6.85795e+28 4.84
4.34039 -2.96585 6.85711e+28 4.85
4.35565 -2.94372 6.85626e+28 4.86
4.37079 -2.92152 6.85543e+28 4.87
4.38581 -2.89923 6.8546e+28 4.88
4.40072 -2.87687 6.85377e+28 4.89
4.41551 -2.85444 6.85295e+28 4.9
4.43018 -2.83193 6.85213e+28 4.91
4.44474 -2.80935 6.85131e+28 4.92
4.45919 -2.7867 6.8505e+28 4.93
4.47351 -2.76397 6.8497e+28 4.94
4.48772 -2.74117 6.8489e+28 4.95
4.50181 -2.7183 6.8481e+28 4.96
4.51578 -2.69536 6.84731e+28 4.97
4.52963 -2.67235 6.84652e+28 4.98
4.54336 -2.64927 6.84574e+28 4.99
4.55698 -2.62612 6.84496e+28 5
4.57047 -2.6029 6.84419e+28 5.01
4.58385 -2.57962 6.84342e+28 5.02
4.5971 -2.55626 6.84265e+28 5.03
4.61023 -2.53285 6.84189e+28 5.04
4.62325 -2.50936 6.84114e+28 5.05
4.63614 -2.48581 6.84039e+28 5.06
4.64891 -2.4622 6.83965e+28 5.07
4.66155 -2.43852 6.83891e+28 5.08
4.67408 -2.41478 6.83817e+28 5.09
4.68648 -2.39098 6.83744e+28 5.1
4.69876 -2.36711 6.83671e+28 5.11
4.71092 -2.34318 6.83599e+28 5.12
4.72295 -2.31919 6.83528e+28 5.13
4.73486 -2.29515 6.83457e+28 5.14
4.74665 -2.27104 6.83386e+28 5.15
4.75831 -2.24687 6.83316e+28 5.16
4.76984 -2.22265 6.83246e+28 5.17
4.78126 -2.19837 6.83177e+28 5.18
4.79254 -2.17403 6.83109e+28 5.19
4.8037 -2.14963 6.8304e+28 5.2
4.81474 -2.12518 6.82973e+28 5.21
4.82565 -2.10067 6.82906e+28 5.22
4.83643 -2.07611 6.82839e+28 5.23
4.84709 -2.0515 6.82773e+28 5.24
4.85762 -2.02683 6.82707e+28 5.25
4.86802 -2.00211 6.82642e+28 5.26
4.87829 -1.97734 6.82578e+28 5.27
4.88844 -1.95252 6.82514e+28 5.28
4.89846 -1.92765 6.8245e+28 5.29
4.90835 -1.90272 6.82387e+28 5.3
4.91812 -1.87775 6.82325e+28 5.31
4.92775 -1.85273 6.82263e+28 5.32
4.93726 -1.82766 6.82201e+28 5.33
4.94664 -1.80255 6.82141e+28 5.34
4.95588 -1.77738 6.8208e+28 5.35
4.965 -1.75217 6.8202e+28 5.36
4.97399 -1.72692 6.81961e+28 5.37
4.98285 -1.70162 6.81902e+28 5.38
4.99158 -1.67628 6.81844e+28 5.39
5.00018 -1.65089 6.81786e+28 5.4
5.00865 -1.62547 6.81729e+28 5.41
5.01699 -1.6 6.81672e+28 5.42
5.0252 -1.57448 6.81616e+28 5.43
5.03327 -1.54893 6.81561e+28 5.44
5.04122 -1.52334 6.81506e+28 5.45
5.04903 -1.49771 6.81451e+28 5.46
5.05671 -1.47204 6.81397e+28 5.47
5.06426 -1.44633 6.81344e+28 5.48
5.07168 -1.42058 6.81291e+28 5.49
5.07896 -1.3948 6.81239e+28 5.5
5.08612 -1.36898 6.81187e+28 5.51
5.09314 -1.34313 6.81136e+28 5.52
5.10003 -1.31724 6.81085e+28 5.53
5.10678 -1.29132 6.81035e+28 5.54
5.1134 -1.26536 6.80985e+28 5.55
5.11989 -1.23938 6.80936e+28 5.56
5.12625 -1.21336 6.80888e+28 5.57
5.13247 -1.18731 6.8084e+28 5.58
5.13856 -1.16122 6.80792e+28 5.59
5.14451 -1.13511 6.80745e+28 5.6
5.15034 -1.10897 6.80699e+28 5.61
5.15602 -1.0828 6.80653e+28 5.62
5.16158 -1.0566 6.80608e+28 5.63
5.16699 -1.03038 6.80564e+28 5.64
5.17228 -1.00413 6.8052e+28 5.65
5.17743 -0.977852 6.80476e+28 5.66
5.18244 -0.95155 6.80433e+28 5.67
5.18732 -0.925223 6.80391e+28 5.68
5.19207 -0.898873 6.80349e+28 5.69
5.19668 -0.872499 6.80308e+28 5.7
5.20115 -0.846103 6.80267e+28 5.71
5.20549 -0.819685 6.80227e+28 5.72
5.20969 -0.793246 6.80188e+28 5.73
5.21376 -0.766787 6.80149e+28 5.74
5.2177 -0.740308 6.80111e+28 5.75
5.22149 -0.71381 6.80073e+28 5.76
5.22516 -0.687293 6.80036e+28 5.77
5.22868 -0.660759 6.79999e+28 5.78
5.23207 -0.634208 6.79963e+28 5.79
5.23533 -0.60764 6.79927e+28 5.8
5.23844 -0.581057 6.79892e+28 5.81
5.24143 -0.554459 6.79858e+28 5.82
5.24427 -0.527847 6.79824e+28 5.83
5.24698 -0.501221 6.79791e+28 5.84
5.24956 -0.474583 6.79758e+28 5.85
5.25199 -0.447932 6.79726e+28 5.86
5.25429 -0.42127 6.79695e+28 5.87
5.25646 -0.394596 6.79664e+28 5.88
5.25849 -0.367913 6.79634e+28 5.89
5.26038 -0.34122 6.79604e+28 5.9
5.26213 -0.314519 6.79575e+28 5.91
5.26375 -0.287809 6.79546e+28 5.92
5.26523 -0.261093 6.79518e+28 5.93
5.26658 -0.234369 6.79491e+28 5.94
5.26778 -0.207639 6.79464e+28 5.95
5.26885 -0.180904 6.79438e+28 5.96
5.26979 -0.154165 6.79412e+28 5.97
5.27059 -0.127421 6.79387e+28 5.98
5.27125 -0.100675 6.79363e+28 5.99
5.27177 -0.0739255 6.79339e+28 6
5.27216 -0.0471744 6.79316e+28 6.01
5.27241 -0.020422 6.79293e+28 6.02
5.27252 0.00633078 6.79271e+28 6.03
5.2725 0.0330834 6.79249e+28 6.04
5.27234 0.0598352 6.79228e+28 6.05
5.27204 0.0865853 6.79208e+28 6.06
5.27161 0.113333 6.79188e+28 6.07
5.27104 0.140078 6.79169e+28 6.08
5.27033 0.16682 6.7915e+28 6.09
5.26949 0.193557 6.79132e+28 6.1
5.26851 0.220289 6.79115e+28 6.11
5.26739 0.247015 6.79098e+28 6.12
5.26614 0.273735 6.79082e+28 6.13
5.26475 0.300448 6.79066e+28 6.14
5.26322 0.327153 6.79051e+28 6.15
5.26156 0.35385 6.79037e+28 6.16
5.25976 0.380537 6.79023e+28 6.17
5.25782 0.407215 6.7901e+28 6.18
5.25575 0.433882 6.78997e+28 6.19
5.25354 0.460538 6.78985e+28 6.2
5.2512 0.487182 6.78974e+28 6.21
5.24871 0.513814 6.78963e+28 6.22
5.2461 0.540433 6.78952e+28 6.23
5.24334 0.567037 6.78943e+28 6.24
5.24045 0.593627 6.78934e+28 6.25
5.23743 0.620202 6.78925e+28 6.26
5.23427 0.64676 6.78917e+28 6.27
5.23097 0.673302 6.7891e+28 6.28
5.22754 0.699827 6.78903e+28 6.29
5.22397 0.726333 6.78897e+28 6.3
5.22027 0.752821 6.78891e+28 6.31
5.21643 0.77929 6.78886e+28 6.32
5.21245 0.805738 6.78882e+28 6.33
5.20835 0.832166 6.78878e+28 6.34
5.2041 0.858573 6.78875e+28 6.35
5.19972 0.884957 6.78873e+28 6.36
5.19521 0.911318 6.78871e+28 6.37
5.19056 0.937656 6.78869e+28 6.38
5.18578 0.96397 6.78869e+28 6.39
5.18086 0.990259 6.78868e+28 6.4
5.17581 1.01652 6.78869e+28 6.41
5.17062 1.04276 6.7887e+28 6.42
5.1653 1.06897 6.78871e+28 6.43
5.15984 1.09515 6.78874e+28 6.44
5.15426 1.12131 6.78876e+28 6.45
5.14853 1.14744 6.7888e+28 6.46
5.14268 1.17353 6.78884e+28 6.47
5.13669 1.1996 6.78888e+28 6.48
5.13057 1.22563 6.78894e+28 6.49
5.12431 1.25164 6.78899e+28 6.5
5.11792 1.27761 6.78906e+28 6.51
5.1114 1.30355 6.78913e+28 6.52
5.10475 1.32945 6.7892e+28 6.53
5.09797 1.35533 6.78928e+28 6.54
5.09105 1.38116 6.78937e+28 6.55
5.084 1.40696 6.78946e+28 6.56
5.07682 1.43273 6.78956e+28 6.57
5.0695 1.45845 6.78967e+28 6.58
5.06206 1.48415 6.78978e+28 6.59
5.05448 1.5098 6.7899e+28 6.6
5.04677 1.53541 6.79002e+28 6.61
5.03893 1.56098 6.79015e+28 6.62
5.03096 1.58652 6.79028e+28 6.63
5.02286 1.61201 6.79042e+28 6.64
5.01463 1.63746 6.79057e+28 6.65
5.00627 1.66287 6.79072e+28 6.66
4.99778 1.68824 6.79088e+28 6.67
4.98916 1.71356 6.79105e+28 6.68
4.98041 1.73884 6.79122e+28 6.69
4.97154 1.76407 6.79139e+28 6.7
4.96253 1.78926 6.79158e+28 6.71
4.95339 1.8144 6.79176e+28 6.72
4.94413 1.8395 6.79196e+28 6.73
4.93473 1.86455 6.79216e+28 6.74
4.92521 1.88955 6.79236e+28 6.75
4.91556 1.9145 6.79257e+28 6.76
4.90578 1.9394 6.79279e+28 6.77
4.89588 1.96426 6.79301e+28 6.78
4.88585 1.98906 6.79324e+28 6.79
4.87569 2.01381 6.79348e+28 6.8
4.8654 2.03851 6.79372e+28 6.81
4.85499 2.06315 6.79396e+28 6.82
4.84445 2.08775 6.79422e+28 6.83
4.83379 2.11229 6.79447e+28 6.84
4.823 2.13677 6.79474e+28 6.85
4.81209 2.1612 6.79501e+28 6.86
4.80105 2.18558 6.79528e+28 6.87
4.78988 2.2099 6.79557e+28 6.88
4.77859 2.23416 6.79585e+28 6.89
4.76718 2.25836 6.79615e+28 6.9
4.75564 2.28251 6.79644e+28 6.91
4.74398 2.30659 6.79675e+28 6.92
4.7322 2.33062 6.79706e+28 6.93
4.72029 2.35459 6.79737e+28 6.94
4.70826 2.3785 6.7977e+28 6.95
4.69611 2.40234 6.79802e+28 6.96
4.68383 2.42612 6.79836e+28 6.97
4.67144 2.44985 6.7987e+28 6.98
4.65892 2.4735 6.79904e+28 6.99
4.64628 2.4971 6.79939e+28 7
4.63352 2.52063 6.79975e+28 7.01
4.62064 2.54409 6.80011e+28 7.02
4.60764 2.56749 6.80048e+28 7.03
4.59452 2.59082 6.80085e+28 7.04
4.58128 2.61409 6.80123e+28 7.05
4.56792 2.63729 6.80161e+28 7.06
4.55444 2.66042 6.802e+28 7.07
4.54084 2.68348 6.8024e+28 7.08
4.52712 2.70647 6.8028e+28 7.09
4.51329 2.7294 6.80321e+28 7.1
4.49934 2.75225 6.80362e+28 7.11
4.48527 2.77503 6.80404e+28 7.12
4.47109 2.79774 6.80446e+28 7.13
4.45678 2.82038 6.80489e+28 7.14
4.44237 2.84294 6.80532e+28 7.15
4.42783 2.86544 6.80577e+28 7.16
4.41318 2.88785 6.80621e+28 7.17
4.39842 2.9102 6.80666e+28 7.18
4.38354 2.93246 6.80712e+28 7.19
4.36855 2.95466 6.80758e+28 7.2
4.35344 2.97677 6.80805e+28 7.21
4.33822 2.99881 6.80852e+28 7.22
4.32288 3.02077 6.809e+28 7.23
4.30744 3.04266 6.80949e+28 7.24
4.29188 3.06446 6.80998e+28 7.25
4.27621 3.08619 6.81047e+28 7.26
4.26042 3.10783 6.81098e+28 7.27
4.24453 3.1294 6.81148e+28 7.28
4.22852 3.15088 6.81199e+28 7.29
4.21241 3.17229 6.81251e+28 7.3
4.19618 3.19361 6.81303e+28 7.31
4.17985 3.21485 6.81356e+28 7.32
4.1634 3.236 6.8141e+28 7.33
4.14685 3.25708 6.81463e+28 7.34
4.13019 3.27806 6.81518e+28 7.35
4.11342 3.29897 6.81573e+28 7.36
4.09654 3.31978 6.81628e+28 7.37
4.07956 3.34052 6.81684e+28 7.38
4.06247 3.36116 6.81741e+28 7.39
4.04527 3.38172 6.81798e+28 7.4
4.02797 3.40219 6.81856e+28 7.41
4.01056 3.42257 6.81914e+28 7.42
3.99305 3.44287 6.81972e+28 7.43
3.97543 3.46307 6.82032e+28 7.44
3.95771 3.48319 6.82091e+28 7.45
3.93988 3.50321 6.82151e+28 7.46
3.92195 3.52315 6.82212e+28 7.47
3.90392 3.54299 6.82273e+28 7.48
3.88578 3.56274 6.82335e+28 7.49
3.86755 3.5824 6.82398e+28 7.5
3.84921 3.60197 6.8246e+28 7.51
3.83077 3.62144 6.82524e+28 7.52
3.81223 3.64082 6.82588e+28 7.53
3.7936 3.6601 6.82652e+28 7.54
3.77486 3.67929 6.82717e+28 7.55
3.75602 3.69838 6.82782e+28 7.56
3.73708 3.71738 6.82848e+28 7.57
3.71805 3.73628 6.82914e+28 7.58
3.69892 3.75509 6.82981e+28 7.59
3.67969 3.7738 6.83049e+28 7.6
3.66037 3.79241 6.83117e+28 7.61
3.64094 3.81092 6.83185e+28 7.62
3.62143 3.82933 6.83254e+28 7.63
3.60181 3.84764 6.83323e+28 7.64
3.58211 3.86585 6.83393e+28 7.65
3.56231 3.88397 6.83463e+28 7.66
3.54241 3.90198 6.83534e+28 7.67
3.52242 3.91989 6.83605e+28 7.68
3.50234 3.9377 6.83677e+28 7.69
3.48217 3.9554 6.8375e+28 7.7
3.4619 3.97301 6.83822e+28 7.71
3.44155 3.99051 6.83896e+28 7.72
3.4211 4.0079 6.83969e+28 7.73
3.40057 4.02519 6.84044e+28 7.74
3.37994 4.04238 6.84118e+28 7.75
3.35922 4.05946 6.84193e+28 7.76
3.33842 4.07644 6.84269e+28 7.77
3.31753 4.09331 6.84345e+28 7.78
3.29655 4.11007 6.84422e+28 7.79
3.27548 4.12673 6.84499e+28 7.8
3.25433 4.14328 6.84576e+28 7.81
3.23309 4.15972 6.84654e+28 7.82
3.21177 4.17605 6.84733e+28 7.83
3.19036 4.19228 6.84812e+28 7.84
3.16887 4.20839 6.84891e+28 7.85
3.14729 4.2244 6.84971e+28 7.86
3.12563 4.24029 6.85051e+28 7.87
3.10389 4.25608 6.85132e+28 7.88
3.08206 4.27175 6.85213e+28 7.89
3.06016 4.28731 6.85295e+28 7.9
3.03817 4.30276 6.85377e+28 7.91
3.0161 4.3181 6.85459e+28 7.92
2.99395 4.33333 6.85542e+28 7.93
2.97173 4.34844 6.85626e+28 7.94
2.94942 4.36344 6.8571e+28 7.95
2.92704 4.37833 6.85794e+28 7.96
2.90458 4.3931 6.85879e+28 7.97
2.88204 4.40775 6.85964e+28 7.98
2.85942 4.42229 6.86049e+28 7.99
2.83673 4.43672 6.86135e+28 8
2.81397 4.45103 6.86222e+28 8.01
2.79113 4.46522 6.86309e+28 8.02
2.76821 4.4793 6.86396e+28 8.03
2.74522 4.49326 6.86484e+28 8.04
2.72216 4.5071 6.86572e+28 8.05
2.69903 4.52083 6.8666e+28 8.06
2.67582 4.53443 6.86749e+28 8.07
2.65255 4.54792 6.86839e+28 8.08
2.6292 4.56129 6.86928e+28 8.09
2.60578 4.57454 6.87019e+28 8.1
2.5823 4.58767 6.87109e+28 8.11
2.55874 4.60067 6.872e+28 8.12
2.53512 4.61356 6.87292e+28 8.13
2.51143 4.62633 6.87383e+28 8.14
2.48767 4.63898 6.87476e+28 8.15
2.46385 4.6515 6.87568e+28 8.16
2.43996 4.66391 6.87661e+28 8.17
2.416 4.67619 6.87755e+28 8.18
2.39198 4.68834 6.87848e+28 8.19
2.3679 4.70038 6.87943e+28 8.2
2.34375 4.71229 6.88037e+28 8.21
2.31954 4.72408 6.88132e+28 8.22
2.29527 4.73574 6.88227e+28 8.23
2.27094 4.74729 6.88323e+28 8.24
2.24654 4.7587 6.88419e+28 8.25
2.22209 4.76999 6.88516e+28 8.26
2.19758 4.78116 6.88612e+28 8.27
2.173 4.7922 6.8871e+28 8.28
2.14837 4.80311 6.88807e+28 8.29
2.12369 4.8139 6.88905e+28 8.3
2.09894 4.82456 6.89003e+28 8.31
2.07414 4.83509 6.89102e+28 8.32
2.04928 4.8455 6.89201e+28 8.33
2.02437 4.85578 6.893e+28 8.34
1.9994 4.86593 6.894e+28 8.35
1.97438 4.87596 6.895e+28 8.36
1.94931 4.88585 6.896e+28 8.37
1.92418 4.89562 6.89701e+28 8.38
1.899 4.90526 6.89802e+28 8.39
1.87377 4.91477 6.89904e+28 8.4
1.8485 4.92415 6.90005e+28 8.41
1.82317 4.9334 6.90108e+28 8.42
1.79779 4.94252 6.9021e+28 8.43
1.77236 4.95151 6.90313e+28 8.44
1.74688 4.96036 6.90416e+28 8.45
1.72136 4.96909 6.90519e+28 8.46
1.69579 4.97769 6.90623e+28 8.47
1.67018 4.98616 6.90727e+28 8.48
1.64452 4.99449 6.90831e+28 8.49
1.61881 5.00269 6.90936e+28 8.5
1.59306 5.01076 6.91041e+28 8.51
1.56727 5.0187 6.91146e+28 8.52
1.54144 5.02651 6.91252e+28 8.53
1.51556 5.03418 6.91358e+28 8.54
1.48964 5.04172 6.91464e+28 8.55
1.46369 5.04913 6.91571e+28 8.56
1.43769 5.0564 6.91677e+28 8.57
1.41165 5.06354 6.91785e+28 8.58
1.38557 5.07054 6.91892e+28 8.59
1.35946 5.07741 6.92e+28 8.6
1.33331 5.08415 6.92108e+28 8.61
1.30712 5.09075 6.92216e+28 8.62
1.2809 5.09722 6.92325e+28 8.63
1.25464 5.10355 6.92433e+28 8.64
1.22835 5.10975 6.92542e+28 8.65
1.20202 5.11581 6.92652e+28 8.66
1.17566 5.12174 6.92761e+28 8.67
1.14927 5.12753 6.92871e+28 8.68
1.12285 5.13319 6.92982e+28 8.69
1.09639 5.13871 6.93092e+28 8.7
1.06991 5.14409 6.93203e+28 8.71
1.04339 5.14934 6.93314e+28 8.72
1.01685 5.15444 6.93425e+28 8.73
0.990281 5.15942 6.93536e+28 8.74
0.963682 5.16425 6.93648e+28 8.75
0.937057 5.16895 6.9376e+28 8.76
0.910405 5.17351 6.93872e+28 8.77
0.883728 5.17794 6.93985e+28 8.78
0.857027 5.18222 6.94097e+28 8.79
0.830301 5.18637 6.9421e+28 8.8
0.803552 5.19038 6.94323e+28 8.81
0.776781 5.19426 6.94437e+28 8.82
0.749988 5.19799 6.9455e+28 8.83
0.723173 5.20159 6.94664e+28 8.84
0.696338 5.20505 6.94778e+28 8.85
0.669484 5.20837 6.94892e+28 8.86
0.64261 5.21155 6.95007e+28 8.87
0.615718 5.21459 6.95121e+28 8.88
0.588809 5.21749 6.95236e+28 8.89
0.561883 5.22026 6.95351e+28 8.9
0.53494 5.22288 6.95467e+28 8.91
0.507982 5.22537 6.95582e+28 8.92
0.481009 5.22771 6.95698e+28 8.93
0.454022 5.22992 6.95814e+28 8.94
0.427022 5.23199 6.9593e+28 8.95
0.40001 5.23392 6.96046e+28 8.96
0.372985 5.2357 6.96162e+28 8.97
0.345949 5.23735 6.96279e+28 8.98
0.318903 5.23886 6.96396e+28 8.99
0.291847 5.24023 6.96513e+28 9
0.264783 5.24146 6.9663e+28 9.01
0.237709 5.24255 6.96747e+28 9.02
0.210629 5.2435 6.96865e+28 9.03
0.183541 5.24431 6.96982e+28 9.04
0.156448 5.24497 6.971e+28 9.05
0.129349 5.2455 6.97218e+28 9.06
0.102245 5.24589 6.97336e+28 9.07
0.0751372 5.24614 6.97455e+28 9.08
0.0480263 5.24624 6.97573e+28 9.09
0.0209129 5.24621 6.97692e+28 9.1
-0.00620222 5.24604 6.9781e+28 9.11
-0.0333184 5.24572 6.97929e+28 9.12
-0.0604349 5.24527 6.98048e+28 9.13
-0.087551 5.24467 6.98167e+28 9.14
-0.114666 5.24394 6.98287e+28 9.15
-0.141779 5.24306 6.98406e+28 9.16
-0.16889 5.24204 6.98525e+28 9.17
-0.195997 5.24088 6.98645e+28 9.18
-0.2231 5.23958 6.98765e+28 9.19
-0.250198 5.23814 6.98885e+28 9.2
-0.277291 5.23656 6.99005e+28 9.21
-0.304378 5.23484 6.99125e+28 9.22
-0.331457 5.23298 6.99245e+28 9.23
-0.358529 5.23098 6.99365e+28 9.24
-0.385593 5.22884 6.99486e+28 9.25
-0.412647 5.22656 6.99606e+28 9.26
-0.439692 5.22413 6.99727e+28 9.27
-0.466726 5.22157 6.99847e+28 9.28
-0.493748 5.21886 6.99968e+28 9.29
-0.520759 5.21602 7.00089e+28 9.3
-0.547756 5.21303 7.0021e+28 9.31
-0.574741 5.20991 7.00331e+28 9.32
-0.601711 5.20664 7.00452e+28 9.33
-0.628665 5.20323 7.00573e+28 9.34
-0.655605 5.19969 7.00694e+28 9.35
-0.682527 5.196 7.00815e+28 9.36
-0.709433 5.19217 7.00937e+28 9.37
-0.736321 5.18821 7.01058e+28 9.38
-0.76319 5.1841 7.01179e+28 9.39
-0.79004 5.17985 7.01301e+28 9.4
-0.816869 5.17547 7.01422e+28 9.41
-0.843678 5.17094 7.01544e+28 9.42
-0.870465 5.16628 7.01666e+28 9.43
-0.89723 5.16147 7.01787e+28 9.44
-0.923972 5.15653 7.01909e+28 9.45
-0.95069 5.15144 7.02031e+28 9.46
-0.977384 5.14622 7.02152e+28 9.47
-1.00405 5.14086 7.02274e+28 9.48
-1.0307 5.13536 7.02396e+28 9.49
-1.05731 5.12972 7.02518e+28 9.5
-1.0839 5.12394 7.0264e+28 9.51
-1.11046 5.11802 7.02761e+28 9.52
-1.13699 5.11196 7.02883e+28 9.53
-1.16349 5.10577 7.03005e+28 9.54
-1.18997 5.09944 7.03127e+28 9.55
-1.21641 5.09297 7.03249e+28 9.56
-1.24282 5.08636 7.03371e+28 9.57
-1.26919 5.07961 7.03492e+28 9.58
-1.29554 5.07272 7.03614e+28 9.59
-1.32185 5.0657 7.03736e+28 9.6
-1.34812 5.05854 7.03858e+28 9.61
-1.37436 5.05125 7.0398e+28 9.62
-1.40056 5.04381 7.04101e+28 9.63
-1.42673 5.03624 7.04223e+28 9.64
-1.45286 5.02853 7.04345e+28 9.65
-1.47895 5.02069 7.04466e+28 9.66
-1.505 5.01271 7.04588e+28 9.67
-1.53102 5.00459 7.0471e+28 9.68
-1.55699 4.99634 7.04831e+28 9.69
-1.58292 4.98795 7.04953e+28 9.7
-1.60881 4.97943 7.05074e+28 9.71
-1.63465 4.97077 7.05195e+28 9.72
-1.66046 4.96197 7.05317e+28 9.73
-1.68622 4.95304 7.05438e+28 9.74
-1.71193 4.94398 7.05559e+28 9.75
-1.7376 4.93478 7.0568e+28 9.76
-1.76323 4.92545 7.05801e+28 9.77
-1.7888 4.91598 7.05922e+28 9.78
-1.81433 4.90638 7.06043e+28 9.79
-1.83981 4.89664 7.06164e+28 9.8
-1.86524 4.88677 7.06285e+28 9.81
-1.89063 4.87677 7.06405e+28 9.82
-1.91596 4.86663 7.06526e+28 9.83
-1.94124 4.85636 7.06646e+28 9.84
-1.96647 4.84596 7.06767e+28 9.85
-1.99165 4.83543 7.06887e+28 9.86
-2.01677 4.82476 7.07007e+28 9.87
-2.04184 4.81397 7.07127e+28 9.88
-2.06686 4.80304 7.07247e+28 9.89
-2.09182 4.79198 7.07367e+28 9.9
-2.11672 4.78079 7.07487e+28 9.91
-2.14157 4.76947 7.07606e+28 9.92
-2.16636 4.75802 7.07726e+28 9.93
-2.19109 4.74643 7.07845e+28 9.94
-2.21576 4.73472 7.07964e+28 9.95
-2.24038 4.72288 7.08083e+28 9.96
-2.26493 4.71091 7.08202e+28 9.97
-2.28943 4.69881 7.08321e+28 9.98
-2.31386 4.68658 0 9.99
