-5.2 0 7.24731e+30 0
-5.19985 -0.0276338 7.24752e+30 0.01
-5.19956 -0.0552661 7.24733e+30 0.02
-5.19912 -0.0828953 7.24675e+30 0.03
-5.19854 -0.11052 7.24578e+30 0.04
-5.19781 -0.138139 7.24442e+30 0.05
-5.19694 -0.16575 7.24267e+30 0.06
-5.19592 -0.193352 7.24053e+30 0.07
-5.19475 -0.220943 7.23801e+30 0.08
-5.19344 -0.248523 7.2351e+30 0.09
-5.19199 -0.276088 7.2318e+30 0.1
-5.19039 -0.303639 7.22813e+30 0.11
-5.18864 -0.331174 7.22407e+30 0.12
-5.18676 -0.35869 7.21963e+30 0.13
-5.18472 -0.386187 7.21482e+30 0.14
-5.18255 -0.413663 7.20963e+30 0.15
-5.18023 -0.441116 7.20408e+30 0.16
-5.17778 -0.468546 7.19815e+30 0.17
-5.17518 -0.495951 7.19186e+30 0.18
-5.17243 -0.523329 7.18521e+30 0.19
-5.16955 -0.55068 7.1782e+30 0.2
-5.16653 -0.578001 7.17083e+30 0.21
-5.16337 -0.605291 7.16312e+30 0.22
-5.16007 -0.632549 7.15505e+30 0.23
-5.15663 -0.659774 7.14665e+30 0.24
-5.15306 -0.686965 7.1379e+30 0.25
-5.14934 -0.714119 7.12882e+30 0.26
-5.14549 -0.741236 7.11941e+30 0.27
-5.14151 -0.768315 7.10967e+30 0.28
-5.13739 -0.795354 7.09961e+30 0.29
-5.13314 -0.822351 7.08923e+30 0.3
-5.12875 -0.849307 7.07854e+30 0.31
-5.12424 -0.87622 7.06755e+30 0.32
-5.11959 -0.903088 7.05625e+30 0.33
-5.11481 -0.92991 7.04465e+30 0.34
-5.1099 -0.956685 7.03277e+30 0.35
-5.10486 -0.983413 7.0206e+30 0.36
-5.0997 -1.01009 7.00814e+30 0.37
-5.09441 -1.03672 6.99542e+30 0.38
-5.08899 -1.0633 6.98242e+30 0.39
-5.08344 -1.08982 6.96916e+30 0.4
-5.07778 -1.11629 6.95563e+30 0.41
-5.07199 -1.14271 6.94186e+30 0.42
-5.06608 -1.16908 6.92784e+30 0.43
-5.06004 -1.19538 6.91358e+30 0.44
-5.05389 -1.22163 6.89908e+30 0.45
-5.04762 -1.24783 6.88435e+30 0.46
-5.04123 -1.27396 6.86939e+30 0.47
-5.03472 -1.30003 6.85422e+30 0.48
-5.0281 -1.32605 6.83884e+30 0.49
-5.02137 -1.352 6.82325e+30 0.5
-5.01452 -1.37789 6.80745e+30 0.51
-5.00755 -1.40372 6.79147e+30 0.52
-5.00048 -1.42949 6.77529e+30 0.53
-4.9933 -1.45519 6.75892e+30 0.54
-4.986 -1.48083 6.74238e+30 0.55
-4.9786 -1.5064 6.72567e+30 0.56
-4.97109 -1.5319 6.70879e+30 0.57
-4.96348 -1.55734 6.69175e+30 0.58
-4.95576 -1.58271 6.67455e+30 0.59
-4.94794 -1.60801 6.65721e+30 0.6
-4.94001 -1.63325 6.63971e+30 0.61
-4.93199 -1.65842 6.62208e+30 0.62
-4.92386 -1.68351 6.60432e+30 0.63
-4.91564 -1.70854 6.58643e+30 0.64
-4.90731 -1.7335 6.56841e+30 0.65
-4.89889 -1.75838 6.55028e+30 0.66
-4.89038 -1.7832 6.53203e+30 0.67
-4.88177 -1.80794 6.51367e+30 0.68
-4.87306 -1.83261 6.49522e+30 0.69
-4.86427 -1.85721 6.47666e+30 0.7
-4.85538 -1.88173 6.45801e+30 0.71
-4.84641 -1.90618 6.43928e+30 0.72
-4.83734 -1.93056 6.42046e+30 0.73
-4.82819 -1.95487 6.40156e+30 0.74
-4.81895 -1.9791 6.38259e+30 0.75
-4.80962 -2.00325 6.36354e+30 0.76
-4.80021 -2.02734 6.34444e+30 0.77
-4.79072 -2.05134 6.32527e+30 0.78
-4.78114 -2.07528 6.30605e+30 0.79
-4.77148 -2.09913 6.28677e+30 0.8
-4.76175 -2.12291 6.26745e+30 0.81
-4.75193 -2.14662 6.24808e+30 0.82
-4.74204 -2.17025 6.22868e+30 0.83
-4.73206 -2.19381 6.20923e+30 0.84
-4.72202 -2.21728 6.18976e+30 0.85
-4.71189 -2.24069 6.17025e+30 0.86
-4.7017 -2.26401 6.15073e+30 0.87
-4.69143 -2.28726 6.13118e+30 0.88
-4.68109 -2.31044 6.11161e+30 0.89
-4.67068 -2.33354 6.09203e+30 0.9
-4.6602 -2.35656 6.07243e+30 0.91
-4.64965 -2.3795 6.05283e+30 0.92
-4.63903 -2.40237 6.03323e+30 0.93
-4.62835 -2.42516 6.01362e+30 0.94
-4.6176 -2.44788 5.99402e+30 0.95
-4.60678 -2.47052 5.97442e+30 0.96
-4.5959 -2.49308 5.95482e+30 0.97
-4.58496 -2.51557 5.93524e+30 0.98
-4.57396 -2.53798 5.91567e+30 0.99
-4.56289 -2.56031 5.89612e+30 1
-4.55177 -2.58257 5.87658e+30 1.01
-4.54058 -2.60475 5.85706e+30 1.02
-4.52934 -2.62686 5.83757e+30 1.03
-4.51804 -2.64889 5.8181e+30 1.04
-4.50669 -2.67085 5.79866e+30 1.05
-4.49527 -2.69273 5.77925e+30 1.06
-4.48381 -2.71453 5.75987e+30 1.07
-4.47229 -2.73626 5.74053e+30 1.08
-4.46071 -2.75791 5.72122e+30 1.09
-4.44909 -2.77949 5.70195e+30 1.1
-4.43741 -2.80099 5.68272e+30 1.11
-4.42568 -2.82242 5.66353e+30 1.12
-4.4139 -2.84378 5.64439e+30 1.13
-4.40208 -2.86506 5.62529e+30 1.14
-4.3902 -2.88626 5.60624e+30 1.15
-4.37828 -2.9074 5.58723e+30 1.16
-4.36631 -2.92845 5.56828e+30 1.17
-4.35429 -2.94944 5.54938e+30 1.18
-4.34223 -2.97035 5.53053e+30 1.19
-4.33013 -2.99119 5.51173e+30 1.2
-4.31798 -3.01195 5.49299e+30 1.21
-4.30579 -3.03265 5.47431e+30 1.22
-4.29356 -3.05327 5.45568e+30 1.23
-4.28128 -3.07381 5.43712e+30 1.24
-4.26897 -3.09429 5.41861e+30 1.25
-4.25661 -3.11469 5.40017e+30 1.26
-4.24422 -3.13503 5.38179e+30 1.27
-4.23178 -3.15529 5.36347e+30 1.28
-4.21931 -3.17548 5.34522e+30 1.29
-4.2068 -3.1956 5.32703e+30 1.3
-4.19425 -3.21565 5.30891e+30 1.31
-4.18167 -3.23563 5.29085e+30 1.32
-4.16905 -3.25554 5.27286e+30 1.33
-4.1564 -3.27538 5.25495e+30 1.34
-4.14371 -3.29515 5.2371e+30 1.35
-4.13099 -3.31485 5.21932e+30 1.36
-4.11824 -3.33448 5.20161e+30 1.37
-4.10545 -3.35404 5.18397e+30 1.38
-4.09263 -3.37354 5.1664e+30 1.39
-4.07979 -3.39296 5.14891e+30 1.4
-4.0669 -3.41232 5.13149e+30 1.41
-4.05399 -3.43162 5.11414e+30 1.42
-4.04105 -3.45084 5.09686e+30 1.43
-4.02809 -3.47 5.07966e+30 1.44
-4.01509 -3.48909 5.06254e+30 1.45
-4.00206 -3.50812 5.04549e+30 1.46
-3.98901 -3.52707 5.02851e+30 1.47
-3.97593 -3.54597 5.01161e+30 1.48
-3.96282 -3.5648 4.99478e+30 1.49
-3.94969 -3.58356 4.97803e+30 1.5
-3.93653 -3.60226 4.96136e+30 1.51
-3.92335 -3.62089 4.94476e+30 1.52
-3.91014 -3.63946 4.92824e+30 1.53
-3.89691 -3.65797 4.9118e+30 1.54
-3.88365 -3.67641 4.89543e+30 1.55
-3.87037 -3.69479 4.87914e+30 1.56
-3.85707 -3.7131 4.86293e+30 1.57
-3.84375 -3.73136 4.84679e+30 1.58
-3.8304 -3.74955 4.83073e+30 1.59
-3.81704 -3.76767 4.81475e+30 1.6
-3.80365 -3.78574 4.79885e+30 1.61
-3.79024 -3.80375 4.78302e+30 1.62
-3.77681 -3.82169 4.76727e+30 1.63
-3.76336 -3.83957 4.7516e+30 1.64
-3.74989 -3.8574 4.736e+30 1.65
-3.73641 -3.87516 4.72048e+30 1.66
-3.7229 -3.89286 4.70504e+30 1.67
-3.70938 -3.9105 4.68967e+30 1.68
-3.69584 -3.92809 4.67439e+30 1.69
-3.68228 -3.94561 4.65918e+30 1.7
-3.66871 -3.96308 4.64404e+30 1.71
-3.65511 -3.98048 4.62898e+30 1.72
-3.6415 -3.99783 4.614e+30 1.73
-3.62788 -4.01512 4.59909e+30 1.74
-3.61424 -4.03236 4.58426e+30 1.75
-3.60059 -4.04953 4.56951e+30 1.76
-3.58692 -4.06665 4.55483e+30 1.77
-3.57323 -4.08371 4.54023e+30 1.78
-3.55953 -4.10072 4.5257e+30 1.79
-3.54582 -4.11767 4.51125e+30 1.8
-3.53209 -4.13456 4.49687e+30 1.81
-3.51835 -4.1514 4.48257e+30 1.82
-3.5046 -4.16818 4.46834e+30 1.83
-3.49083 -4.18491 4.45419e+30 1.84
-3.47705 -4.20158 4.44011e+30 1.85
-3.46326 -4.2182 4.4261e+30 1.86
-3.44946 -4.23477 4.41216e+30 1.87
-3.43565 -4.25128 4.3983e+30 1.88
-3.42182 -4.26774 4.38452e+30 1.89
-3.40799 -4.28414 4.3708e+30 1.9
-3.39414 -4.30049 4.35716e+30 1.91
-3.38028 -4.31679 4.34359e+30 1.92
-3.36641 -4.33304 4.33009e+30 1.93
-3.35254 -4.34923 4.31666e+30 1.94
-3.33865 -4.36537 4.3033e+30 1.95
-3.32475 -4.38146 4.29002e+30 1.96
-3.31085 -4.3975 4.2768e+30 1.97
-3.29693 -4.41349 4.26366e+30 1.98
-3.28301 -4.42943 4.25058e+30 1.99
-3.26908 -4.44531 4.23757e+30 2
-3.25514 -4.46115 4.22464e+30 2.01
-3.24119 -4.47694 4.21177e+30 2.02
-3.22723 -4.49267 4.19897e+30 2.03
-3.21327 -4.50836 4.18624e+30 2.04
-3.1993 -4.524 4.17357e+30 2.05
-3.18532 -4.53959 4.16098e+30 2.06
-3.17133 -4.55513 4.14845e+30 2.07
-3.15734 -4.57062 4.13598e+30 2.08
-3.14334 -4.58607 4.12359e+30 2.09
-3.12934 -4.60147 4.11126e+30 2.1
-3.11533 -4.61681 4.099e+30 2.11
-3.10131 -4.63212 4.0868e+30 2.12
-3.08729 -4.64737 4.07466e+30 2.13
-3.07326 -4.66258 4.0626e+30 2.14
-3.05923 -4.67774 4.05059e+30 2.15
-3.04519 -4.69286 4.03865e+30 2.16
-3.03114 -4.70792 4.02677e+30 2.17
-3.0171 -4.72295 4.01496e+30 2.18
-3.00304 -4.73792 4.00321e+30 2.19
-2.98899 -4.75286 3.99152e+30 2.2
-2.97492 -4.76774 3.9799e+30 2.21
-2.96086 -4.78259 3.96834e+30 2.22
-2.94679 -4.79738 3.95683e+30 2.23
-2.93272 -4.81214 3.94539e+30 2.24
-2.91864 -4.82684 3.93401e+30 2.25
-2.90456 -4.84151 3.92269e+30 2.26
-2.89047 -4.85613 3.91144e+30 2.27
-2.87639 -4.87071 3.90024e+30 2.28
-2.8623 -4.88524 3.8891e+30 2.29
-2.8482 -4.89973 3.87802e+30 2.3
-2.83411 -4.91418 3.867e+30 2.31
-2.82001 -4.92859 3.85603e+30 2.32
-2.80591 -4.94295 3.84513e+30 2.33
-2.79181 -4.95728 3.83428e+30 2.34
-2.7777 -4.97156 3.82349e+30 2.35
-2.76359 -4.98579 3.81276e+30 2.36
-2.74949 -4.99999 3.80208e+30 2.37
-2.73538 -5.01415 3.79146e+30 2.38
-2.72126 -5.02826 3.78089e+30 2.39
-2.70715 -5.04234 3.77039e+30 2.4
-2.69303 -5.05637 3.75993e+30 2.41
-2.67892 -5.07036 3.74953e+30 2.42
-2.6648 -5.08431 3.73919e+30 2.43
-2.65068 -5.09823 3.7289e+30 2.44
-2.63656 -5.1121 3.71867e+30 2.45
-2.62244 -5.12594 3.70848e+30 2.46
-2.60832 -5.13973 3.69835e+30 2.47
-2.5942 -5.15349 3.68828e+30 2.48
-2.58008 -5.1672 3.67826e+30 2.49
-2.56596 -5.18088 3.66828e+30 2.5
-2.55184 -5.19452 3.65837e+30 2.51
-2.53771 -5.20812 3.6485e+30 2.52
-2.52359 -5.22168 3.63868e+30 2.53
-2.50947 -5.23521 3.62892e+30 2.54
-2.49535 -5.2487 3.6192e+30 2.55
-2.48123 -5.26215 3.60954e+30 2.56
-2.4671 -5.27556 3.59992e+30 2.57
-2.45298 -5.28893 3.59036e+30 2.58
-2.43886 -5.30227 3.58084e+30 2.59
-2.42474 -5.31558 3.57138e+30 2.6
-2.41062 -5.32884 3.56196e+30 2.61
-2.39651 -5.34207 3.55259e+30 2.62
-2.38239 -5.35526 3.54327e+30 2.63
-2.36827 -5.36842 3.534e+30 2.64
-2.35416 -5.38154 3.52477e+30 2.65
-2.34005 -5.39463 3.51559e+30 2.66
-2.32593 -5.40768 3.50646e+30 2.67
-2.31182 -5.42069 3.49737e+30 2.68
-2.29771 -5.43367 3.48833e+30 2.69
-2.28361 -5.44662 3.47934e+30 2.7
-2.2695 -5.45953 3.47039e+30 2.71
-2.25539 -5.4724 3.46149e+30 2.72
-2.24129 -5.48525 3.45263e+30 2.73
-2.22719 -5.49805 3.44382e+30 2.74
-2.21309 -5.51083 3.43505e+30 2.75
-2.199 -5.52357 3.42633e+30 2.76
-2.1849 -5.53627 3.41765e+30 2.77
-2.17081 -5.54894 3.40901e+30 2.78
-2.15672 -5.56158 3.40042e+30 2.79
-2.14263 -5.57419 3.39187e+30 2.8
-2.12854 -5.58676 3.38336e+30 2.81
-2.11446 -5.5993 3.3749e+30 2.82
-2.10038 -5.61181 3.36648e+30 2.83
-2.0863 -5.62428 3.3581e+30 2.84
-2.07222 -5.63673 3.34976e+30 2.85
-2.05815 -5.64914 3.34146e+30 2.86
-2.04408 -5.66152 3.33321e+30 2.87
-2.03001 -5.67386 3.32499e+30 2.88
-2.01595 -5.68618 3.31681e+30 2.89
-2.00188 -5.69846 3.30868e+30 2.9
-1.98782 -5.71071 3.30059e+30 2.91
-1.97377 -5.72293 3.29253e+30 2.92
-1.95972 -5.73512 3.28452e+30 2.93
-1.94567 -5.74728 3.27654e+30 2.94
-1.93162 -5.75941 3.2686e+30 2.95
-1.91757 -5.77151 3.26071e+30 2.96
-1.90353 -5.78357 3.25285e+30 2.97
-1.8895 -5.79561 3.24502e+30 2.98
-1.87546 -5.80762 3.23724e+30 2.99
-1.86143 -5.81959 3.2295e+30 3
-1.84741 -5.83154 3.22179e+30 3.01
-1.83338 -5.84346 3.21412e+30 3.02
-1.81936 -5.85534 3.20648e+30 3.03
-1.80535 -5.8672 3.19889e+30 3.04
-1.79133 -5.87903 3.19133e+30 3.05
-1.77733 -5.89083 3.1838e+30 3.06
-1.76332 -5.9026 3.17631e+30 3.07
-1.74932 -5.91434 3.16886e+30 3.08
-1.73532 -5.92605 3.16145e+30 3.09
-1.72133 -5.93774 3.15407e+30 3.1
-1.70734 -5.94939 3.14672e+30 3.11
-1.69335 -5.96102 3.13941e+30 3.12
-1.67937 -5.97262 3.13213e+30 3.13
-1.66539 -5.98419 3.12489e+30 3.14
-1.65142 -5.99573 3.11768e+30 3.15
-1.63745 -6.00725 3.11051e+30 3.16
-1.62348 -6.01873 3.10337e+30 3.17
-1.60952 -6.03019 3.09626e+30 3.18
-1.59557 -6.04163 3.08919e+30 3.19
-1.58161 -6.05303 3.08215e+30 3.2
-1.56766 -6.06441 3.07515e+30 3.21
-1.55372 -6.07576 3.06817e+30 3.22
-1.53978 -6.08708 3.06123e+30 3.23
-1.52585 -6.09838 3.05432e+30 3.24
-1.51191 -6.10965 3.04744e+30 3.25
-1.49799 -6.1209 3.0406e+30 3.26
-1.48407 -6.13211 3.03379e+30 3.27
-1.47015 -6.1433 3.027e+30 3.28
-1.45623 -6.15447 3.02025e+30 3.29
-1.44233 -6.16561 3.01354e+30 3.3
-1.42842 -6.17672 3.00685e+30 3.31
-1.41452 -6.18781 3.00019e+30 3.32
-1.40063 -6.19887 2.99356e+30 3.33
-1.38674 -6.20991 2.98697e+30 3.34
-1.37285 -6.22092 2.9804e+30 3.35
-1.35897 -6.2319 2.97386e+30 3.36
-1.3451 -6.24286 2.96735e+30 3.37
-1.33123 -6.2538 2.96088e+30 3.38
-1.31736 -6.26471 2.95443e+30 3.39
-1.3035 -6.27559 2.94801e+30 3.4
-1.28964 -6.28645 2.94162e+30 3.41
-1.27579 -6.29729 2.93526e+30 3.42
-1.26194 -6.3081 2.92893e+30 3.43
-1.2481 -6.31889 2.92262e+30 3.44
-1.23426 -6.32965 2.91635e+30 3.45
-1.22043 -6.34039 2.9101e+30 3.46
-1.20661 -6.3511 2.90388e+30 3.47
-1.19278 -6.36179 2.89769e+30 3.48
-1.17897 -6.37246 2.89153e+30 3.49
-1.16516 -6.3831 2.88539e+30 3.5
-1.15135 -6.39372 2.87928e+30 3.51
-1.13755 -6.40431 2.8732e+30 3.52
-1.12375 -6.41489 2.86714e+30 3.53
-1.10996 -6.42543 2.86111e+30 3.54
-1.09617 -6.43596 2.85511e+30 3.55
-1.08239 -6.44646 2.84913e+30 3.56
-1.06862 -6.45694 2.84318e+30 3.57
-1.05485 -6.46739 2.83726e+30 3.58
-1.04108 -6.47783 2.83136e+30 3.59
-1.02732 -6.48824 2.82549e+30 3.6
-1.01357 -6.49863 2.81965e+30 3.61
-0.999816 -6.50899 2.81382e+30 3.62
-0.986071 -6.51933 2.80803e+30 3.63
-0.972332 -6.52965 2.80226e+30 3.64
-0.958599 -6.53995 2.79651e+30 3.65
-0.94487 -6.55023 2.79079e+30 3.66
-0.931147 -6.56048 2.7851e+30 3.67
-0.917429 -6.57071 2.77943e+30 3.68
-0.903717 -6.58092 2.77378e+30 3.69
-0.89001 -6.59111 2.76816e+30 3.7
-0.876309 -6.60128 2.76256e+30 3.71
-0.862613 -6.61142 2.75698e+30 3.72
-0.848922 -6.62154 2.75143e+30 3.73
-0.835237 -6.63164 2.74591e+30 3.74
-0.821557 -6.64173 2.7404e+30 3.75
-0.807883 -6.65178 2.73492e+30 3.76
-0.794214 -6.66182 2.72946e+30 3.77
-0.780551 -6.67184 2.72403e+30 3.78
-0.766893 -6.68183 2.71862e+30 3.79
-0.753241 -6.69181 2.71323e+30 3.8
-0.739594 -6.70176 2.70787e+30 3.81
-0.725953 -6.7117 2.70252e+30 3.82
-0.712317 -6.72161 2.6972e+30 3.83
-0.698687 -6.7315 2.6919e+30 3.84
-0.685063 -6.74137 2.68663e+30 3.85
-0.671444 -6.75123 2.68137e+30 3.86
-0.65783 -6.76106 2.67614e+30 3.87
-0.644222 -6.77087 2.67093e+30 3.88
-0.63062 -6.78066 2.66574e+30 3.89
-0.617024 -6.79043 2.66058e+30 3.9
-0.603433 -6.80018 2.65543e+30 3.91
-0.589847 -6.80991 2.65031e+30 3.92
-0.576267 -6.81962 2.6452e+30 3.93
-0.562693 -6.82931 2.64012e+30 3.94
-0.549125 -6.83899 2.63506e+30 3.95
-0.535562 -6.84864 2.63002e+30 3.96
-0.522005 -6.85827 2.625e+30 3.97
-0.508454 -6.86788 2.62e+30 3.98
-0.494908 -6.87748 2.61502e+30 3.99
-0.481368 -6.88705 2.61006e+30 4
-0.467833 -6.89661 2.60512e+30 4.01
-0.454305 -6.90615 2.6002e+30 4.02
-0.440782 -6.91566 2.5953e+30 4.03
-0.427264 -6.92516 2.59042e+30 4.04
-0.413753 -6.93464 2.58557e+30 4.05
-0.400247 -6.9441 2.58073e+30 4.06
-0.386747 -6.95355 2.57591e+30 4.07
-0.373252 -6.96297 2.57111e+30 4.08
-0.359764 -6.97238 2.56632e+30 4.09
-0.346281 -6.98176 2.56156e+30 4.1
-0.332803 -6.99113 2.55682e+30 4.11
-0.319332 -7.00048 2.5521e+30 4.12
-0.305866 -7.00981 2.54739e+30 4.13
-0.292406 -7.01913 2.5427e+30 4.14
-0.278952 -7.02842 2.53804e+30 4.15
-0.265504 -7.0377 2.53339e+30 4.16
-0.252061 -7.04696 2.52876e+30 4.17
-0.238624 -7.0562 2.52414e+30 4.18
-0.225193 -7.06543 2.51955e+30 4.19
-0.211767 -7.07463 2.51497e+30 4.2
-0.198348 -7.08382 2.51041e+30 4.21
-0.184934 -7.09299 2.50587e+30 4.22
-0.171526 -7.10214 2.50135e+30 4.23
-0.158123 -7.11128 2.49685e+30 4.24
-0.144727 -7.1204 2.49236e+30 4.25
-0.131336 -7.1295 2.48789e+30 4.26
-0.117951 -7.13858 2.48344e+30 4.27
-0.104572 -7.14765 2.47901e+30 4.28
-0.0911988 -7.1567 2.47459e+30 4.29
-0.0778312 -7.16573 2.47019e+30 4.3
-0.0644694 -7.17475 2.46581e+30 4.31
-0.0511134 -7.18375 2.46144e+30 4.32
-0.0377632 -7.19273 2.45709e+30 4.33
-0.0244188 -7.20169 2.45276e+30 4.34
-0.0110802 -7.21064 2.44845e+30 4.35
0.0022526 -7.21957 2.44415e+30 4.36
0.0155796 -7.22849 2.43987e+30 4.37
0.0289008 -7.23738 2.4356e+30 4.38
0.0422163 -7.24627 2.43135e+30 4.39
0.0555259 -7.25513 2.42712e+30 4.4
0.0688297 -7.26398 2.4229e+30 4.41
0.0821278 -7.27281 2.41871e+30 4.42
0.09542 -7.28163 2.41452e+30 4.43
0.108706 -7.29043 2.41035e+30 4.44
0.121987 -7.29921 2.4062e+30 4.45
0.135262 -7.30798 2.40207e+30 4.46
0.148531 -7.31673 2.39795e+30 4.47
0.161794 -7.32547 2.39384e+30 4.48
0.175052 -7.33419 2.38976e+30 4.49
0.188304 -7.34289 2.38568e+30 4.5
0.20155 -7.35158 2.38163e+30 4.51
0.21479 -7.36025 2.37759e+30 4.52
0.228024 -7.36891 2.37356e+30 4.53
0.241253 -7.37755 2.36955e+30 4.54
0.254475 -7.38618 2.36555e+30 4.55
0.267693 -7.39479 2.36157e+30 4.56
0.280904 -7.40338 2.35761e+30 4.57
0.294109 -7.41196 2.35366e+30 4.58
0.307309 -7.42053 2.34973e+30 4.59
0.320503 -7.42908 2.34581e+30 4.6
0.333691 -7.43761 2.3419e+30 4.61
0.346874 -7.44613 2.33802e+30 4.62
0.360051 -7.45463 2.33414e+30 4.63
0.373222 -7.46312 2.33028e+30 4.64
0.386387 -7.4716 2.32644e+30 4.65
0.399546 -7.48006 2.32261e+30 4.66
0.4127 -7.4885 2.3188e+30 4.67
0.425848 -7.49693 2.315e+30 4.68
0.43899 -7.50534 2.31121e+30 4.69
0.452127 -7.51374 2.30744e+30 4.7
0.465258 -7.52213 2.30369e+30 4.71
0.478383 -7.5305 2.29995e+30 4.72
0.491503 -7.53886 2.29622e+30 4.73
0.504616 -7.5472 2.29251e+30 4.74
0.517725 -7.55552 2.28882e+30 4.75
0.530827 -7.56384 2.28514e+30 4.76
0.543924 -7.57214 2.28147e+30 4.77
0.557015 -7.58042 2.27782e+30 4.78
0.5701 -7.58869 2.27419e+30 4.79
0.58318 -7.59695 2.27057e+30 4.8
0.596254 -7.60519 2.26696e+30 4.81
0.609323 -7.61342 2.26338e+30 4.82
0.622386 -7.62163 2.2598e+30 4.83
0.635443 -7.62983 2.25624e+30 4.84
0.648495 -7.63802 2.2527e+30 4.85
0.661541 -7.64619 2.24918e+30 4.86
0.674582 -7.65435 2.24567e+30 4.87
0.687617 -7.66249 2.24218e+30 4.88
0.700647 -7.67062 2.2387e+30 4.89
0.713671 -7.67874 2.23524e+30 4.9
0.726689 -7.68684 2.2318e+30 4.91
0.739702 -7.69494 2.22838e+30 4.92
0.75271 -7.70301 2.22498e+30 4.93
0.765712 -7.71108 2.2216e+30 4.94
0.778709 -7.71913 2.21824e+30 4.95
0.7917 -7.72716 2.2149e+30 4.96
0.804686 -7.73519 2.21159e+30 4.97
0.817667 -7.7432 2.2083e+30 4.98
0.830642 -7.7512 2.20504e+30 4.99
0.843613 -7.75918 2.2018e+30 5
0.856578 -7.76716 2.1986e+30 5.01
0.869538 -7.77512 2.19544e+30 5.02
0.882492 -7.78307 2.19231e+30 5.03
0.895442 -7.791 2.18923e+30 5.04
0.908387 -7.79892 2.18619e+30 5.05
0.921327 -7.80684 2.18322e+30 5.06
0.934262 -7.81474 2.18031e+30 5.07
0.947192 -7.82263 2.17747e+30 5.08
0.960117 -7.83051 2.1747e+30 5.09
0.973037 -7.83837 2.17199e+30 5.1
0.985952 -7.84624 2.16929e+30 5.11
0.998859 -7.85409 2.16646e+30 5.12
1.01176 -7.86193 2.16324e+30 5.13
1.02464 -7.86977 2.1593e+30 5.14
1.03752 -7.8776 2.15459e+30 5.15
1.05038 -7.88542 2.14953e+30 5.16
1.06323 -7.89322 2.1446e+30 5.17
1.07607 -7.90101 2.14001e+30 5.18
1.0889 -7.90878 2.13576e+30 5.19
1.10172 -7.91653 2.13178e+30 5.2
1.11454 -7.92427 2.128e+30 5.21
1.12735 -7.932 2.12437e+30 5.22
1.14016 -7.93971 2.12085e+30 5.23
1.15296 -7.94741 2.11741e+30 5.24
1.16575 -7.9551 2.11403e+30 5.25
1.17854 -7.96278 2.11071e+30 5.26
1.19132 -7.97044 2.10742e+30 5.27
1.2041 -7.97808 2.10417e+30 5.28
1.21687 -7.98572 2.10096e+30 5.29
1.22963 -7.99334 2.09776e+30 5.3
1.24239 -8.00095 2.09459e+30 5.31
1.25514 -8.00855 2.09144e+30 5.32
1.26789 -8.01613 2.08831e+30 5.33
1.28063 -8.0237 2.0852e+30 5.34
1.29337 -8.03126 2.0821e+30 5.35
1.3061 -8.03881 2.07902e+30 5.36
1.31883 -8.04635 2.07595e+30 5.37
1.33155 -8.05387 2.0729e+30 5.38
1.34426 -8.06138 2.06985e+30 5.39
1.35697 -8.06888 2.06682e+30 5.4
1.36968 -8.07637 2.06381e+30 5.41
1.38237 -8.08385 2.0608e+30 5.42
1.39507 -8.09131 2.05781e+30 5.43
1.40775 -8.09876 2.05482e+30 5.44
1.42044 -8.1062 2.05185e+30 5.45
1.43311 -8.11363 2.04889e+30 5.46
1.44578 -8.12105 2.04594e+30 5.47
1.45845 -8.12846 2.043e+30 5.48
1.47111 -8.13585 2.04007e+30 5.49
1.48376 -8.14324 2.03715e+30 5.5
1.49641 -8.15061 2.03424e+30 5.51
1.50906 -8.15797 2.03134e+30 5.52
1.52169 -8.16532 2.02844e+30 5.53
1.53433 -8.17266 2.02556e+30 5.54
1.54695 -8.17998 2.02269e+30 5.55
1.55957 -8.1873 2.01983e+30 5.56
1.57219 -8.1946 2.01697e+30 5.57
1.5848 -8.2019 2.01413e+30 5.58
1.59741 -8.20918 2.01129e+30 5.59
1.61001 -8.21645 2.00847e+30 5.6
1.6226 -8.22371 2.00565e+30 5.61
1.63519 -8.23096 2.00284e+30 5.62
1.64777 -8.2382 2.00004e+30 5.63
1.66035 -8.24543 1.99725e+30 5.64
1.67292 -8.25264 1.99447e+30 5.65
1.68549 -8.25985 1.9917e+30 5.66
1.69805 -8.26705 1.98893e+30 5.67
1.71061 -8.27423 1.98618e+30 5.68
1.72316 -8.2814 1.98343e+30 5.69
1.7357 -8.28857 1.98069e+30 5.7
1.74824 -8.29572 1.97796e+30 5.71
1.76078 -8.30286 1.97524e+30 5.72
1.77331 -8.30999 1.97253e+30 5.73
1.78583 -8.31711 1.96982e+30 5.74
1.79835 -8.32422 1.96712e+30 5.75
1.81086 -8.33132 1.96444e+30 5.76
1.82337 -8.33841 1.96175e+30 5.77
1.83588 -8.34549 1.95908e+30 5.78
1.84837 -8.35256 1.95642e+30 5.79
1.86086 -8.35962 1.95376e+30 5.8
1.87335 -8.36667 1.95111e+30 5.81
1.88583 -8.3737 1.94847e+30 5.82
1.89831 -8.38073 1.94584e+30 5.83
1.91078 -8.38775 1.94321e+30 5.84
1.92324 -8.39475 1.9406e+30 5.85
1.9357 -8.40175 1.93799e+30 5.86
1.94816 -8.40874 1.93539e+30 5.87
1.96061 -8.41571 1.93279e+30 5.88
1.97305 -8.42268 1.93021e+30 5.89
1.98549 -8.42964 1.92763e+30 5.9
1.99792 -8.43658 1.92506e+30 5.91
2.01035 -8.44352 1.9225e+30 5.92
2.02277 -8.45045 1.91994e+30 5.93
2.03519 -8.45736 1.91739e+30 5.94
2.0476 -8.46427 1.91485e+30 5.95
2.06001 -8.47117 1.91232e+30 5.96
2.07241 -8.47806 1.90979e+30 5.97
2.0848 -8.48493 1.90727e+30 5.98
2.0972 -8.4918 1.90476e+30 5.99
2.10958 -8.49866 1.90226e+30 6
2.12196 -8.50551 1.89976e+30 6.01
2.13434 -8.51234 1.89727e+30 6.02
2.14671 -8.51917 1.89479e+30 6.03
2.15907 -8.52599 1.89232e+30 6.04
2.17143 -8.5328 1.88985e+30 6.05
2.18379 -8.5396 1.88739e+30 6.06
2.19613 -8.54639 1.88493e+30 6.07
2.20848 -8.55317 1.88249e+30 6.08
2.22082 -8.55995 1.88005e+30 6.09
2.23315 -8.56671 1.87761e+30 6.1
2.24548 -8.57346 1.87519e+30 6.11
2.2578 -8.5802 1.87277e+30 6.12
2.27012 -8.58694 1.87036e+30 6.13
2.28243 -8.59366 1.86795e+30 6.14
2.29474 -8.60038 1.86555e+30 6.15
2.30704 -8.60708 1.86316e+30 6.16
2.31934 -8.61378 1.86078e+30 6.17
2.33163 -8.62047 1.8584e+30 6.18
2.34392 -8.62715 1.85603e+30 6.19
2.3562 -8.63382 1.85366e+30 6.2
2.36847 -8.64048 1.85131e+30 6.21
2.38075 -8.64713 1.84895e+30 6.22
2.39301 -8.65377 1.84661e+30 6.23
2.40527 -8.6604 1.84427e+30 6.24
2.41753 -8.66703 1.84194e+30 6.25
2.42978 -8.67364 1.83962e+30 6.26
2.44202 -8.68025 1.8373e+30 6.27
2.45426 -8.68684 1.83498e+30 6.28
2.4665 -8.69343 1.83268e+30 6.29
2.47873 -8.70001 1.83038e+30 6.3
2.49096 -8.70658 1.82809e+30 6.31
2.50318 -8.71314 1.8258e+30 6.32
2.51539 -8.71969 1.82352e+30 6.33
2.5276 -8.72624 1.82124e+30 6.34
2.53981 -8.73277 1.81898e+30 6.35
2.55201 -8.7393 1.81671e+30 6.36
2.5642 -8.74581 1.81446e+30 6.37
2.57639 -8.75232 1.81221e+30 6.38
2.58857 -8.75882 1.80997e+30 6.39
2.60075 -8.76531 1.80773e+30 6.4
2.61293 -8.7718 1.8055e+30 6.41
2.6251 -8.77827 1.80327e+30 6.42
2.63726 -8.78473 1.80106e+30 6.43
2.64942 -8.79119 1.79884e+30 6.44
2.66158 -8.79764 1.79664e+30 6.45
2.67373 -8.80408 1.79443e+30 6.46
2.68587 -8.81051 1.79224e+30 6.47
2.69801 -8.81693 1.79005e+30 6.48
2.71014 -8.82335 1.78787e+30 6.49
2.72227 -8.82975 1.78569e+30 6.5
2.7344 -8.83615 1.78352e+30 6.51
2.74652 -8.84254 1.78135e+30 6.52
2.75863 -8.84892 1.77919e+30 6.53
2.77074 -8.85529 1.77704e+30 6.54
2.78285 -8.86165 1.77489e+30 6.55
2.79494 -8.86801 1.77275e+30 6.56
2.80704 -8.87436 1.77061e+30 6.57
2.81913 -8.88069 1.76848e+30 6.58
2.83121 -8.88702 1.76636e+30 6.59
2.84329 -8.89335 1.76424e+30 6.6
2.85537 -8.89966 1.76212e+30 6.61
2.86744 -8.90597 1.76001e+30 6.62
2.8795 -8.91227 1.75791e+30 6.63
2.89156 -8.91855 1.75581e+30 6.64
2.90362 -8.92484 1.75372e+30 6.65
2.91567 -8.93111 1.75164e+30 6.66
2.92771 -8.93738 1.74955e+30 6.67
2.93975 -8.94363 1.74748e+30 6.68
2.95179 -8.94988 1.74541e+30 6.69
2.96382 -8.95612 1.74334e+30 6.7
2.97585 -8.96236 1.74129e+30 6.71
2.98787 -8.96858 1.73923e+30 6.72
2.99988 -8.9748 1.73718e+30 6.73
3.01189 -8.98101 1.73514e+30 6.74
3.0239 -8.98721 1.7331e+30 6.75
3.0359 -8.9934 1.73107e+30 6.76
3.0479 -8.99959 1.72904e+30 6.77
3.05989 -9.00577 1.72702e+30 6.78
3.07188 -9.01194 1.725e+30 6.79
3.08386 -9.0181 1.72299e+30 6.8
3.09584 -9.02426 1.72099e+30 6.81
3.10781 -9.0304 1.71898e+30 6.82
3.11978 -9.03654 1.71699e+30 6.83
3.13174 -9.04267 1.715e+30 6.84
3.1437 -9.0488 1.71301e+30 6.85
3.15565 -9.05491 1.71103e+30 6.86
3.1676 -9.06102 1.70906e+30 6.87
3.17954 -9.06712 1.70708e+30 6.88
3.19148 -9.07322 1.70512e+30 6.89
3.20342 -9.0793 1.70316e+30 6.9
3.21534 -9.08538 1.7012e+30 6.91
3.22727 -9.09145 1.69925e+30 6.92
3.23919 -9.09751 1.69731e+30 6.93
3.2511 -9.10357 1.69537e+30 6.94
3.26301 -9.10962 1.69343e+30 6.95
3.27492 -9.11566 1.6915e+30 6.96
3.28682 -9.12169 1.68957e+30 6.97
3.29872 -9.12772 1.68765e+30 6.98
3.31061 -9.13373 1.68573e+30 6.99
3.32249 -9.13974 1.68382e+30 7
3.33438 -9.14575 1.68192e+30 7.01
3.34625 -9.15174 1.68001e+30 7.02
3.35813 -9.15773 1.67812e+30 7.03
3.36999 -9.16371 1.67622e+30 7.04
3.38186 -9.16969 1.67434e+30 7.05
3.39372 -9.17565 1.67245e+30 7.06
3.40557 -9.18161 1.67057e+30 7.07
3.41742 -9.18757 1.6687e+30 7.08
3.42926 -9.19351 1.66683e+30 7.09
3.4411 -9.19945 1.66497e+30 7.1
3.45294 -9.20538 1.66311e+30 7.11
3.46477 -9.2113 1.66125e+30 7.12
3.47659 -9.21722 1.6594e+30 7.13
3.48841 -9.22313 1.65755e+30 7.14
3.50023 -9.22903 1.65571e+30 7.15
3.51204 -9.23492 1.65388e+30 7.16
3.52385 -9.24081 1.65204e+30 7.17
3.53565 -9.24669 1.65021e+30 7.18
3.54745 -9.25256 1.64839e+30 7.19
3.55924 -9.25843 1.64657e+30 7.2
3.57103 -9.26429 1.64476e+30 7.21
3.58281 -9.27014 1.64295e+30 7.22
3.59459 -9.27599 1.64114e+30 7.23
3.60637 -9.28183 1.63934e+30 7.24
3.61814 -9.28766 1.63754e+30 7.25
3.6299 -9.29348 1.63575e+30 7.26
3.64167 -9.2993 1.63396e+30 7.27
3.65342 -9.30511 1.63218e+30 7.28
3.66517 -9.31091 1.6304e+30 7.29
3.67692 -9.31671 1.62862e+30 7.3
3.68866 -9.3225 1.62685e+30 7.31
3.7004 -9.32828 1.62508e+30 7.32
3.71214 -9.33406 1.62332e+30 7.33
3.72387 -9.33983 1.62156e+30 7.34
3.73559 -9.34559 1.61981e+30 7.35
3.74731 -9.35135 1.61806e+30 7.36
3.75903 -9.3571 1.61631e+30 7.37
3.77074 -9.36284 1.61457e+30 7.38
3.78244 -9.36858 1.61283e+30 7.39
3.79414 -9.3743 1.6111e+30 7.4
3.80584 -9.38003 1.60937e+30 7.41
3.81753 -9.38574 1.60764e+30 7.42
3.82922 -9.39145 1.60592e+30 7.43
3.84091 -9.39715 1.60421e+30 7.44
3.85259 -9.40285 1.60249e+30 7.45
3.86426 -9.40854 1.60078e+30 7.46
3.87593 -9.41422 1.59908e+30 7.47
3.8876 -9.4199 1.59738e+30 7.48
3.89926 -9.42557 1.59568e+30 7.49
3.91092 -9.43123 1.59399e+30 7.5
3.92257 -9.43689 1.5923e+30 7.51
3.93422 -9.44253 1.59061e+30 7.52
3.94586 -9.44818 1.58893e+30 7.53
3.9575 -9.45381 1.58726e+30 7.54
3.96913 -9.45944 1.58558e+30 7.55
3.98077 -9.46507 1.58391e+30 7.56
3.99239 -9.47069 1.58225e+30 7.57
4.00401 -9.4763 1.58059e+30 7.58
4.01563 -9.4819 1.57893e+30 7.59
4.02724 -9.4875 1.57728e+30 7.6
4.03885 -9.49309 1.57563e+30 7.61
4.05045 -9.49868 1.57398e+30 7.62
4.06205 -9.50426 1.57234e+30 7.63
4.07365 -9.50983 1.5707e+30 7.64
4.08524 -9.51539 1.56907e+30 7.65
4.09683 -9.52095 1.56743e+30 7.66
4.10841 -9.52651 1.56581e+30 7.67
4.11999 -9.53205 1.56418e+30 7.68
4.13156 -9.5376 1.56256e+30 7.69
4.14313 -9.54313 1.56095e+30 7.7
4.15469 -9.54866 1.55934e+30 7.71
4.16625 -9.55418 1.55773e+30 7.72
4.17781 -9.5597 1.55612e+30 7.73
4.18936 -9.56521 1.55452e+30 7.74
4.20091 -9.57071 1.55292e+30 7.75
4.21245 -9.57621 1.55133e+30 7.76
4.22399 -9.5817 1.54974e+30 7.77
4.23552 -9.58719 1.54815e+30 7.78
4.24705 -9.59266 1.54657e+30 7.79
4.25858 -9.59814 1.54499e+30 7.8
4.2701 -9.6036 1.54341e+30 7.81
4.28162 -9.60907 1.54184e+30 7.82
4.29313 -9.61452 1.54027e+30 7.83
4.30464 -9.61997 1.53871e+30 7.84
4.31614 -9.62541 1.53715e+30 7.85
4.32764 -9.63085 1.53559e+30 7.86
4.33914 -9.63628 1.53403e+30 7.87
4.35063 -9.6417 1.53248e+30 7.88
4.36211 -9.64712 1.53093e+30 7.89
4.3736 -9.65253 1.52939e+30 7.9
4.38507 -9.65794 1.52785e+30 7.91
4.39655 -9.66334 1.52631e+30 7.92
4.40802 -9.66874 1.52478e+30 7.93
4.41948 -9.67413 1.52325e+30 7.94
4.43095 -9.67951 1.52172e+30 7.95
4.4424 -9.68489 1.5202e+30 7.96
4.45386 -9.69026 1.51868e+30 7.97
4.4653 -9.69562 1.51716e+30 7.98
4.47675 -9.70098 1.51564e+30 7.99
4.48819 -9.70634 1.51413e+30 8
4.49962 -9.71168 1.51263e+30 8.01
4.51106 -9.71703 1.51112e+30 8.02
4.52248 -9.72236 1.50962e+30 8.03
4.53391 -9.72769 1.50813e+30 8.04
4.54533 -9.73302 1.50663e+30 8.05
4.55674 -9.73833 1.50514e+30 8.06
4.56815 -9.74365 1.50366e+30 8.07
4.57956 -9.74896 1.50217e+30 8.08
4.59096 -9.75426 1.50069e+30 8.09
4.60236 -9.75955 1.49921e+30 8.1
4.61375 -9.76484 1.49774e+30 8.11
4.62514 -9.77013 1.49627e+30 8.12
4.63653 -9.77541 1.4948e+30 8.13
4.64791 -9.78068 1.49334e+30 8.14
4.65929 -9.78595 1.49187e+30 8.15
4.67066 -9.79121 1.49042e+30 8.16
4.68203 -9.79646 1.48896e+30 8.17
4.6934 -9.80171 1.48751e+30 8.18
4.70476 -9.80696 1.48606e+30 8.19
4.71611 -9.8122 1.48461e+30 8.2
4.72747 -9.81743 1.48317e+30 8.21
4.73882 -9.82266 1.48173e+30 8.22
4.75016 -9.82788 1.4803e+30 8.23
4.7615 -9.8331 1.47886e+30 8.24
4.77284 -9.83831 1.47743e+30 8.25
4.78417 -9.84352 1.47601e+30 8.26
4.7955 -9.84872 1.47458e+30 8.27
4.80682 -9.85391 1.47316e+30 8.28
4.81814 -9.8591 1.47174e+30 8.29
4.82946 -9.86429 1.47033e+30 8.3
4.84077 -9.86947 1.46891e+30 8.31
4.85208 -9.87464 1.46751e+30 8.32
4.86338 -9.87981 1.4661e+30 8.33
4.87468 -9.88497 1.4647e+30 8.34
4.88598 -9.89013 1.4633e+30 8.35
4.89727 -9.89528 1.4619e+30 8.36
4.90856 -9.90042 1.46051e+30 8.37
4.91984 -9.90556 1.45911e+30 8.38
4.93112 -9.9107 1.45773e+30 8.39
4.94239 -9.91583 1.45634e+30 8.4
4.95366 -9.92095 1.45496e+30 8.41
4.96493 -9.92607 1.45358e+30 8.42
4.9762 -9.93119 1.4522e+30 8.43
4.98745 -9.9363 1.45083e+30 8.44
4.99871 -9.9414 1.44946e+30 8.45
5.00996 -9.9465 1.44809e+30 8.46
5.02121 -9.95159 1.44673e+30 8.47
5.03245 -9.95668 1.44536e+30 8.48
5.04369 -9.96176 1.444e+30 8.49
5.05493 -9.96684 1.44265e+30 8.5
5.06616 -9.97191 1.44129e+30 8.51
5.07739 -9.97697 1.43994e+30 8.52
5.08861 -9.98204 1.4386e+30 8.53
5.09983 -9.98709 1.43725e+30 8.54
5.11104 -9.99214 1.43591e+30 8.55
5.12225 -9.99719 1.43457e+30 8.56
5.13346 -10.0022 1.43323e+30 8.57
5.14467 -10.0073 1.4319e+30 8.58
5.15587 -10.0123 1.43057e+30 8.59
5.16706 -10.0173 1.42924e+30 8.6
5.17825 -10.0223 1.42791e+30 8.61
5.18944 -10.0274 1.42659e+30 8.62
5.20062 -10.0324 1.42527e+30 8.63
5.2118 -10.0374 1.42395e+30 8.64
5.22298 -10.0424 1.42264e+30 8.65
5.23415 -10.0474 1.42132e+30 8.66
5.24532 -10.0524 1.42001e+30 8.67
5.25649 -10.0573 1.41871e+30 8.68
5.26765 -10.0623 1.4174e+30 8.69
5.2788 -10.0673 1.4161e+30 8.7
5.28995 -10.0723 1.4148e+30 8.71
5.3011 -10.0772 1.4135e+30 8.72
5.31225 -10.0822 1.41221e+30 8.73
5.32339 -10.0871 1.41092e+30 8.74
5.33453 -10.0921 1.40963e+30 8.75
5.34566 -10.097 1.40835e+30 8.76
5.35679 -10.102 1.40706e+30 8.77
5.36791 -10.1069 1.40578e+30 8.78
5.37904 -10.1118 1.4045e+30 8.79
5.39015 -10.1168 1.40323e+30 8.8
5.40127 -10.1217 1.40196e+30 8.81
5.41238 -10.1266 1.40069e+30 8.82
5.42348 -10.1315 1.39942e+30 8.83
5.43459 -10.1364 1.39815e+30 8.84
5.44568 -10.1413 1.39689e+30 8.85
5.45678 -10.1462 1.39563e+30 8.86
5.46787 -10.1511 1.39437e+30 8.87
5.47896 -10.156 1.39312e+30 8.88
5.49004 -10.1609 1.39186e+30 8.89
5.50112 -10.1657 1.39061e+30 8.9
5.5122 -10.1706 1.38937e+30 8.91
5.52327 -10.1755 1.38812e+30 8.92
5.53434 -10.1803 1.38688e+30 8.93
5.5454 -10.1852 1.38564e+30 8.94
5.55646 -10.19 1.3844e+30 8.95
5.56752 -10.1949 1.38316e+30 8.96
5.57857 -10.1997 1.38193e+30 8.97
5.58962 -10.2046 1.3807e+30 8.98
5.60066 -10.2094 1.37947e+30 8.99
5.6117 -10.2142 1.37825e+30 9
5.62274 -10.219 1.37702e+30 9.01
5.63378 -10.2239 1.3758e+30 9.02
5.64481 -10.2287 1.37459e+30 9.03
5.65583 -10.2335 1.37337e+30 9.04
5.66686 -10.2383 1.37216e+30 9.05
5.67787 -10.2431 1.37094e+30 9.06
5.68889 -10.2479 1.36974e+30 9.07
5.6999 -10.2527 1.36853e+30 9.08
5.71091 -10.2575 1.36733e+30 9.09
5.72191 -10.2622 1.36612e+30 9.1
5.73291 -10.267 1.36492e+30 9.11
5.74391 -10.2718 1.36373e+30 9.12
5.7549 -10.2766 1.36253e+30 9.13
5.76589 -10.2813 1.36134e+30 9.14
5.77688 -10.2861 1.36015e+30 9.15
5.78786 -10.2908 1.35896e+30 9.16
5.79884 -10.2956 1.35778e+30 9.17
5.80981 -10.3003 1.35659e+30 9.18
5.82078 -10.3051 1.35541e+30 9.19
5.83175 -10.3098 1.35423e+30 9.2
5.84271 -10.3145 1.35306e+30 9.21
5.85367 -10.3193 1.35188e+30 9.22
5.86463 -10.324 1.35071e+30 9.23
5.87558 -10.3287 1.34954e+30 9.24
5.88653 -10.3334 1.34837e+30 9.25
5.89747 -10.3381 1.34721e+30 9.26
5.90841 -10.3428 1.34605e+30 9.27
5.91935 -10.3475 1.34489e+30 9.28
5.93028 -10.3522 1.34373e+30 9.29
5.94122 -10.3569 1.34257e+30 9.3
5.95214 -10.3616 1.34142e+30 9.31
5.96306 -10.3663 1.34026e+30 9.32
5.97398 -10.3709 1.33912e+30 9.33
5.9849 -10.3756 1.33797e+30 9.34
5.99581 -10.3803 1.33682e+30 9.35
6.00672 -10.3849 1.33568e+30 9.36
6.01762 -10.3896 1.33454e+30 9.37
6.02853 -10.3943 1.3334e+30 9.38
6.03942 -10.3989 1.33226e+30 9.39
6.05032 -10.4035 1.33113e+30 9.4
6.06121 -10.4082 1.33e+30 9.41
6.07209 -10.4128 1.32887e+30 9.42
6.08298 -10.4175 1.32774e+30 9.43
6.09386 -10.4221 1.32661e+30 9.44
6.10473 -10.4267 1.32549e+30 9.45
6.1156 -10.4313 1.32437e+30 9.46
6.12647 -10.4359 1.32325e+30 9.47
6.13734 -10.4406 1.32213e+30 9.48
6.1482 -10.4452 1.32101e+30 9.49
6.15906 -10.4498 1.3199e+30 9.5
6.16991 -10.4544 1.31879e+30 9.51
6.18076 -10.459 1.31768e+30 9.52
6.19161 -10.4635 1.31657e+30 9.53
6.20245 -10.4681 1.31547e+30 9.54
6.21329 -10.4727 1.31437e+30 9.55
6.22413 -10.4773 1.31326e+30 9.56
6.23496 -10.4819 1.31217e+30 9.57
6.24579 -10.4864 1.31107e+30 9.58
6.25662 -10.491 1.30997e+30 9.59
6.26744 -10.4956 1.30888e+30 9.6
6.27826 -10.5001 1.30779e+30 9.61
6.28908 -10.5047 1.3067e+30 9.62
6.29989 -10.5092 1.30562e+30 9.63
6.3107 -10.5137 1.30453e+30 9.64
6.3215 -10.5183 1.30345e+30 9.65
6.3323 -10.5228 1.30237e+30 9.66
6.3431 -10.5273 1.30129e+30 9.67
6.35389 -10.5319 1.30021e+30 9.68
6.36468 -10.5364 1.29914e+30 9.69
6.37547 -10.5409 1.29806e+30 9.7
6.38625 -10.5454 1.29699e+30 9.71
6.39704 -10.5499 1.29592e+30 9.72
6.40781 -10.5544 1.29486e+30 9.73
6.41859 -10.5589 1.29379e+30 9.74
6.42936 -10.5634 1.29273e+30 9.75
6.44012 -10.5679 1.29167e+30 9.76
6.45088 -10.5724 1.29061e+30 9.77
6.46164 -10.5769 1.28955e+30 9.78
6.4724 -10.5814 1.2885e+30 9.79
6.48315 -10.5859 1.28744e+30 9.8
6.4939 -10.5903 1.28639e+30 9.81
6.50465 -10.5948 1.28534e+30 9.82
6.51539 -10.5993 1.28429e+30 9.83
6.52613 -10.6037 1.28325e+30 9.84
6.53686 -10.6082 1.2822e+30 9.85
6.54759 -10.6126 1.28116e+30 9.86
6.55832 -10.6171 1.28012e+30 9.87
6.56905 -10.6215 1.27908e+30 9.88
6.57977 -10.626 1.27805e+30 9.89
6.59049 -10.6304 1.27701e+30 9.9
6.6012 -10.6348 1.27598e+30 9.91
6.61191 -10.6393 1.27495e+30 9.92
6.62262 -10.6437 1.27392e+30 9.93
6.63332 -10.6481 1.27289e+30 9.94
6.64402 -10.6525 1.27187e+30 9.95
6.65472 -10.6569 1.27085e+30 9.96
6.66542 -10.6613 1.26982e+30 9.97
6.67611 -10.6658 1.2688e+30 9.98
6.68679 -10.6702 0 9.99
