-5.2 0 7.24731e+29 0
-5.19985 -0.0276338 7.24752e+29 0.01
-5.19956 -0.0552667 7.24768e+29 0.02
-5.19912 -0.082898 7.2478e+29 0.03
-5.19854 -0.110527 7.24787e+29 0.04
-5.19781 -0.138152 7.24791e+29 0.05
-5.19694 -0.165773 7.2479e+29 0.06
-5.19591 -0.193389 7.24786e+29 0.07
-5.19475 -0.220999 7.24777e+29 0.08
-5.19343 -0.248602 7.24764e+29 0.09
-5.19198 -0.276198 7.24747e+29 0.1
-5.19037 -0.303785 7.24726e+29 0.11
-5.18862 -0.331363 7.247e+29 0.12
-5.18673 -0.35893 7.24671e+29 0.13
-5.18469 -0.386487 7.24637e+29 0.14
-5.1825 -0.414031 7.24599e+29 0.15
-5.18017 -0.441563 7.24558e+29 0.16
-5.17769 -0.469082 7.24512e+29 0.17
-5.17507 -0.496586 7.24461e+29 0.18
-5.1723 -0.524074 7.24407e+29 0.19
-5.16939 -0.551547 7.24349e+29 0.2
-5.16633 -0.579003 7.24286e+29 0.21
-5.16313 -0.606441 7.2422e+29 0.22
-5.15979 -0.63386 7.24149e+29 0.23
-5.1563 -0.66126 7.24074e+29 0.24
-5.15266 -0.688639 7.23995e+29 0.25
-5.14888 -0.715998 7.23912e+29 0.26
-5.14496 -0.743334 7.23825e+29 0.27
-5.14089 -0.770648 7.23734e+29 0.28
-5.13668 -0.797938 7.23638e+29 0.29
-5.13233 -0.825203 7.23539e+29 0.3
-5.12783 -0.852443 7.23436e+29 0.31
-5.12319 -0.879658 7.23328e+29 0.32
-5.1184 -0.906845 7.23217e+29 0.33
-5.11348 -0.934004 7.23101e+29 0.34
-5.10841 -0.961135 7.22981e+29 0.35
-5.10319 -0.988236 7.22858e+29 0.36
-5.09784 -1.01531 7.2273e+29 0.37
-5.09234 -1.04235 7.22598e+29 0.38
-5.0867 -1.06936 7.22462e+29 0.39
-5.08092 -1.09633 7.22323e+29 0.4
-5.075 -1.12327 7.22179e+29 0.41
-5.06894 -1.15018 7.22031e+29 0.42
-5.06274 -1.17705 7.21879e+29 0.43
-5.05639 -1.20389 7.21724e+29 0.44
-5.04991 -1.23069 7.21564e+29 0.45
-5.04328 -1.25745 7.214e+29 0.46
-5.03652 -1.28418 7.21233e+29 0.47
-5.02961 -1.31086 7.21061e+29 0.48
-5.02257 -1.33751 7.20886e+29 0.49
-5.01538 -1.36411 7.20707e+29 0.5
-5.00806 -1.39067 7.20523e+29 0.51
-5.0006 -1.41719 7.20336e+29 0.52
-4.993 -1.44367 7.20145e+29 0.53
-4.98526 -1.4701 7.1995e+29 0.54
-4.97738 -1.49649 7.19752e+29 0.55
-4.96937 -1.52283 7.19549e+29 0.56
-4.96122 -1.54913 7.19343e+29 0.57
-4.95293 -1.57538 7.19132e+29 0.58
-4.94451 -1.60158 7.18918e+29 0.59
-4.93595 -1.62774 7.187e+29 0.6
-4.92726 -1.65384 7.18479e+29 0.61
-4.91842 -1.6799 7.18253e+29 0.62
-4.90946 -1.7059 7.18024e+29 0.63
-4.90036 -1.73185 7.17791e+29 0.64
-4.89112 -1.75775 7.17554e+29 0.65
-4.88175 -1.7836 7.17314e+29 0.66
-4.87225 -1.80939 7.1707e+29 0.67
-4.86261 -1.83512 7.16822e+29 0.68
-4.85284 -1.86081 7.1657e+29 0.69
-4.84294 -1.88643 7.16315e+29 0.7
-4.8329 -1.912 7.16056e+29 0.71
-4.82274 -1.93751 7.15794e+29 0.72
-4.81244 -1.96297 7.15528e+29 0.73
-4.80201 -1.98836 7.15258e+29 0.74
-4.79145 -2.0137 7.14985e+29 0.75
-4.78076 -2.03897 7.14708e+29 0.76
-4.76994 -2.06418 7.14428e+29 0.77
-4.75898 -2.08933 7.14144e+29 0.78
-4.74791 -2.11442 7.13856e+29 0.79
-4.7367 -2.13945 7.13565e+29 0.8
-4.72536 -2.16441 7.1327e+29 0.81
-4.7139 -2.1893 7.12972e+29 0.82
-4.7023 -2.21413 7.12671e+29 0.83
-4.69058 -2.2389 7.12366e+29 0.84
-4.67874 -2.26359 7.12057e+29 0.85
-4.66677 -2.28822 7.11746e+29 0.86
-4.65467 -2.31278 7.1143e+29 0.87
-4.64245 -2.33728 7.11112e+29 0.88
-4.6301 -2.3617 7.1079e+29 0.89
-4.61763 -2.38605 7.10464e+29 0.9
-4.60503 -2.41033 7.10136e+29 0.91
-4.59231 -2.43454 7.09804e+29 0.92
-4.57947 -2.45868 7.09468e+29 0.93
-4.56651 -2.48275 7.0913e+29 0.94
-4.55342 -2.50674 7.08788e+29 0.95
-4.54022 -2.53066 7.08443e+29 0.96
-4.52689 -2.5545 7.08095e+29 0.97
-4.51344 -2.57826 7.07743e+29 0.98
-4.49987 -2.60196 7.07388e+29 0.99
-4.48618 -2.62557 7.07031e+29 1
-4.47237 -2.64911 7.06669e+29 1.01
-4.45845 -2.67256 7.06305e+29 1.02
-4.4444 -2.69594 7.05938e+29 1.03
-4.43024 -2.71924 7.05568e+29 1.04
-4.41596 -2.74246 7.05194e+29 1.05
-4.40157 -2.7656 7.04818e+29 1.06
-4.38706 -2.78866 7.04438e+29 1.07
-4.37243 -2.81164 7.04056e+29 1.08
-4.35769 -2.83453 7.0367e+29 1.09
-4.34284 -2.85734 7.03282e+29 1.1
-4.32787 -2.88007 7.0289e+29 1.11
-4.31279 -2.90271 7.02496e+29 1.12
-4.29759 -2.92527 7.02098e+29 1.13
-4.28229 -2.94775 7.01698e+29 1.14
-4.26687 -2.97013 7.01295e+29 1.15
-4.25134 -2.99244 7.00889e+29 1.16
-4.2357 -3.01465 7.0048e+29 1.17
-4.21995 -3.03678 7.00068e+29 1.18
-4.20409 -3.05882 6.99654e+29 1.19
-4.18812 -3.08077 6.99237e+29 1.2
-4.17205 -3.10263 6.98817e+29 1.21
-4.15586 -3.1244 6.98394e+29 1.22
-4.13957 -3.14608 6.97969e+29 1.23
-4.12317 -3.16767 6.9754e+29 1.24
-4.10667 -3.18916 6.9711e+29 1.25
-4.09006 -3.21057 6.96676e+29 1.26
-4.07335 -3.23188 6.9624e+29 1.27
-4.05653 -3.25311 6.95802e+29 1.28
-4.03961 -3.27423 6.9536e+29 1.29
-4.02259 -3.29527 6.94916e+29 1.3
-4.00546 -3.31621 6.9447e+29 1.31
-3.98823 -3.33705 6.94021e+29 1.32
-3.97091 -3.3578 6.9357e+29 1.33
-3.95348 -3.37845 6.93116e+29 1.34
-3.93595 -3.39901 6.9266e+29 1.35
-3.91832 -3.41947 6.92201e+29 1.36
-3.90059 -3.43983 6.9174e+29 1.37
-3.88276 -3.46009 6.91276e+29 1.38
-3.86484 -3.48026 6.9081e+29 1.39
-3.84682 -3.50032 6.90342e+29 1.4
-3.8287 -3.52029 6.89871e+29 1.41
-3.81049 -3.54016 6.89398e+29 1.42
-3.79218 -3.55992 6.88923e+29 1.43
-3.77378 -3.57959 6.88445e+29 1.44
-3.75529 -3.59916 6.87966e+29 1.45
-3.7367 -3.61862 6.87484e+29 1.46
-3.71802 -3.63798 6.87e+29 1.47
-3.69924 -3.65724 6.86513e+29 1.48
-3.68038 -3.6764 6.86025e+29 1.49
-3.66143 -3.69545 6.85534e+29 1.5
-3.64238 -3.7144 6.85041e+29 1.51
-3.62325 -3.73325 6.84547e+29 1.52
-3.60402 -3.75199 6.8405e+29 1.53
-3.58471 -3.77062 6.83551e+29 1.54
-3.56531 -3.78916 6.8305e+29 1.55
-3.54583 -3.80758 6.82547e+29 1.56
-3.52626 -3.8259 6.82042e+29 1.57
-3.5066 -3.84411 6.81535e+29 1.58
-3.48686 -3.86222 6.81027e+29 1.59
-3.46703 -3.88022 6.80516e+29 1.6
-3.44712 -3.89811 6.80003e+29 1.61
-3.42713 -3.91589 6.79489e+29 1.62
-3.40705 -3.93357 6.78972e+29 1.63
-3.3869 -3.95114 6.78454e+29 1.64
-3.36666 -3.96859 6.77934e+29 1.65
-3.34634 -3.98594 6.77413e+29 1.66
-3.32595 -4.00318 6.76889e+29 1.67
-3.30547 -4.02031 6.76364e+29 1.68
-3.28492 -4.03733 6.75837e+29 1.69
-3.26428 -4.05423 6.75309e+29 1.7
-3.24357 -4.07103 6.74778e+29 1.71
-3.22279 -4.08772 6.74246e+29 1.72
-3.20193 -4.10429 6.73713e+29 1.73
-3.18099 -4.12075 6.73178e+29 1.74
-3.15998 -4.1371 6.72641e+29 1.75
-3.1389 -4.15334 6.72103e+29 1.76
-3.11774 -4.16946 6.71563e+29 1.77
-3.09651 -4.18547 6.71022e+29 1.78
-3.07521 -4.20137 6.70479e+29 1.79
-3.05384 -4.21715 6.69934e+29 1.8
-3.0324 -4.23282 6.69389e+29 1.81
-3.01088 -4.24838 6.68842e+29 1.82
-2.9893 -4.26382 6.68293e+29 1.83
-2.96765 -4.27915 6.67743e+29 1.84
-2.94594 -4.29436 6.67192e+29 1.85
-2.92415 -4.30945 6.66639e+29 1.86
-2.9023 -4.32443 6.66085e+29 1.87
-2.88039 -4.3393 6.6553e+29 1.88
-2.85841 -4.35405 6.64973e+29 1.89
-2.83636 -4.36868 6.64415e+29 1.9
-2.81425 -4.38319 6.63856e+29 1.91
-2.79208 -4.39759 6.63296e+29 1.92
-2.76985 -4.41187 6.62734e+29 1.93
-2.74755 -4.42604 6.62172e+29 1.94
-2.7252 -4.44009 6.61608e+29 1.95
-2.70278 -4.45402 6.61043e+29 1.96
-2.6803 -4.46783 6.60477e+29 1.97
-2.65777 -4.48152 6.5991e+29 1.98
-2.63518 -4.4951 6.59342e+29 1.99
-2.61253 -4.50855 6.58773e+29 2
-2.58982 -4.52189 6.58202e+29 2.01
-2.56706 -4.53511 6.57631e+29 2.02
-2.54424 -4.54821 6.57059e+29 2.03
-2.52136 -4.56119 6.56486e+29 2.04
-2.49844 -4.57405 6.55911e+29 2.05
-2.47545 -4.5868 6.55336e+29 2.06
-2.45242 -4.59942 6.5476e+29 2.07
-2.42933 -4.61192 6.54183e+29 2.08
-2.4062 -4.6243 6.53606e+29 2.09
-2.38301 -4.63657 6.53027e+29 2.1
-2.35977 -4.64871 6.52448e+29 2.11
-2.33648 -4.66073 6.51868e+29 2.12
-2.31314 -4.67263 6.51287e+29 2.13
-2.28976 -4.68441 6.50705e+29 2.14
-2.26633 -4.69607 6.50122e+29 2.15
-2.24285 -4.70761 6.49539e+29 2.16
-2.21932 -4.71903 6.48955e+29 2.17
-2.19575 -4.73032 6.48371e+29 2.18
-2.17214 -4.7415 6.47785e+29 2.19
-2.14848 -4.75255 6.47199e+29 2.2
-2.12477 -4.76348 6.46613e+29 2.21
-2.10103 -4.77429 6.46026e+29 2.22
-2.07724 -4.78498 6.45438e+29 2.23
-2.05341 -4.79554 6.4485e+29 2.24
-2.02954 -4.80599 6.44261e+29 2.25
-2.00563 -4.81631 6.43671e+29 2.26
-1.98168 -4.82651 6.43082e+29 2.27
-1.9577 -4.83659 6.42491e+29 2.28
-1.93367 -4.84654 6.419e+29 2.29
-1.90961 -4.85637 6.41309e+29 2.3
-1.88551 -4.86608 6.40717e+29 2.31
-1.86137 -4.87567 6.40125e+29 2.32
-1.8372 -4.88514 6.39533e+29 2.33
-1.81299 -4.89448 6.3894e+29 2.34
-1.78875 -4.9037 6.38346e+29 2.35
-1.76448 -4.91279 6.37753e+29 2.36
-1.74017 -4.92177 6.37159e+29 2.37
-1.71583 -4.93062 6.36564e+29 2.38
-1.69146 -4.93935 6.3597e+29 2.39
-1.66706 -4.94795 6.35375e+29 2.4
-1.64263 -4.95643 6.3478e+29 2.41
-1.61817 -4.96479 6.34185e+29 2.42
-1.59368 -4.97303 6.33589e+29 2.43
-1.56916 -4.98114 6.32993e+29 2.44
-1.54461 -4.98913 6.32397e+29 2.45
-1.52004 -4.997 6.31801e+29 2.46
-1.49544 -5.00474 6.31205e+29 2.47
-1.47081 -5.01236 6.30608e+29 2.48
-1.44616 -5.01986 6.30012e+29 2.49
-1.42149 -5.02723 6.29415e+29 2.5
-1.39679 -5.03448 6.28819e+29 2.51
-1.37207 -5.04161 6.28222e+29 2.52
-1.34733 -5.04861 6.27625e+29 2.53
-1.32256 -5.05549 6.27028e+29 2.54
-1.29777 -5.06225 6.26431e+29 2.55
-1.27297 -5.06889 6.25834e+29 2.56
-1.24814 -5.0754 6.25238e+29 2.57
-1.22329 -5.08179 6.24641e+29 2.58
-1.19843 -5.08805 6.24044e+29 2.59
-1.17355 -5.0942 6.23447e+29 2.6
-1.14864 -5.10021 6.22851e+29 2.61
-1.12373 -5.10611 6.22254e+29 2.62
-1.09879 -5.11189 6.21658e+29 2.63
-1.07384 -5.11754 6.21061e+29 2.64
-1.04888 -5.12306 6.20465e+29 2.65
-1.0239 -5.12847 6.19869e+29 2.66
-0.99891 -5.13375 6.19273e+29 2.67
-0.973905 -5.13891 6.18678e+29 2.68
-0.948887 -5.14395 6.18082e+29 2.69
-0.923858 -5.14886 6.17487e+29 2.7
-0.898817 -5.15366 6.16892e+29 2.71
-0.873766 -5.15833 6.16297e+29 2.72
-0.848705 -5.16287 6.15703e+29 2.73
-0.823634 -5.1673 6.15109e+29 2.74
-0.798555 -5.1716 6.14515e+29 2.75
-0.773467 -5.17578 6.13921e+29 2.76
-0.748372 -5.17984 6.13328e+29 2.77
-0.72327 -5.18378 6.12735e+29 2.78
-0.698161 -5.1876 6.12142e+29 2.79
-0.673047 -5.19129 6.1155e+29 2.8
-0.647927 -5.19486 6.10958e+29 2.81
-0.622803 -5.19831 6.10367e+29 2.82
-0.597675 -5.20164 6.09776e+29 2.83
-0.572544 -5.20485 6.09185e+29 2.84
-0.547409 -5.20793 6.08595e+29 2.85
-0.522273 -5.2109 6.08005e+29 2.86
-0.497135 -5.21374 6.07416e+29 2.87
-0.471995 -5.21647 6.06827e+29 2.88
-0.446856 -5.21907 6.06239e+29 2.89
-0.421716 -5.22155 6.05651e+29 2.9
-0.396577 -5.22391 6.05063e+29 2.91
-0.37144 -5.22615 6.04477e+29 2.92
-0.346304 -5.22827 6.0389e+29 2.93
-0.321171 -5.23027 6.03305e+29 2.94
-0.29604 -5.23215 6.0272e+29 2.95
-0.270914 -5.23391 6.02135e+29 2.96
-0.245791 -5.23555 6.01551e+29 2.97
-0.220673 -5.23707 6.00968e+29 2.98
-0.19556 -5.23847 6.00385e+29 2.99
-0.170454 -5.23975 5.99803e+29 3
-0.145353 -5.24091 5.99221e+29 3.01
-0.12026 -5.24196 5.9864e+29 3.02
-0.0951738 -5.24288 5.9806e+29 3.03
-0.070096 -5.24369 5.97481e+29 3.04
-0.0450268 -5.24437 5.96902e+29 3.05
-0.0199668 -5.24494 5.96324e+29 3.06
0.00508353 -5.24539 5.95746e+29 3.07
0.0301235 -5.24572 5.9517e+29 3.08
0.0551527 -5.24594 5.94594e+29 3.09
0.0801705 -5.24603 5.94019e+29 3.1
0.105176 -5.24601 5.93444e+29 3.11
0.13017 -5.24587 5.92871e+29 3.12
0.15515 -5.24562 5.92298e+29 3.13
0.180117 -5.24524 5.91726e+29 3.14
0.20507 -5.24475 5.91154e+29 3.15
0.230008 -5.24415 5.90584e+29 3.16
0.254931 -5.24342 5.90014e+29 3.17
0.279838 -5.24258 5.89445e+29 3.18
0.304729 -5.24163 5.88877e+29 3.19
0.329604 -5.24055 5.8831e+29 3.2
0.354461 -5.23937 5.87744e+29 3.21
0.3793 -5.23806 5.87178e+29 3.22
0.404121 -5.23664 5.86614e+29 3.23
0.428923 -5.23511 5.8605e+29 3.24
0.453706 -5.23346 5.85488e+29 3.25
0.478469 -5.2317 5.84926e+29 3.26
0.503212 -5.22982 5.84365e+29 3.27
0.527933 -5.22782 5.83805e+29 3.28
0.552634 -5.22572 5.83246e+29 3.29
0.577312 -5.22349 5.82688e+29 3.3
0.601968 -5.22116 5.82131e+29 3.31
0.626601 -5.21871 5.81575e+29 3.32
0.651211 -5.21615 5.8102e+29 3.33
0.675797 -5.21347 5.80465e+29 3.34
0.700358 -5.21068 5.79912e+29 3.35
0.724894 -5.20778 5.7936e+29 3.36
0.749405 -5.20477 5.78809e+29 3.37
0.773891 -5.20164 5.78259e+29 3.38
0.798349 -5.1984 5.7771e+29 3.39
0.822781 -5.19505 5.77162e+29 3.4
0.847186 -5.19159 5.76615e+29 3.41
0.871562 -5.18802 5.76069e+29 3.42
0.895911 -5.18434 5.75524e+29 3.43
0.92023 -5.18054 5.74981e+29 3.44
0.944521 -5.17664 5.74438e+29 3.45
0.968781 -5.17262 5.73897e+29 3.46
0.993011 -5.16849 5.73356e+29 3.47
1.01721 -5.16426 5.72817e+29 3.48
1.04138 -5.15991 5.72279e+29 3.49
1.06552 -5.15546 5.71742e+29 3.5
1.08962 -5.15089 5.71206e+29 3.51
1.11369 -5.14622 5.70671e+29 3.52
1.13773 -5.14144 5.70137e+29 3.53
1.16174 -5.13655 5.69605e+29 3.54
1.18571 -5.13155 5.69073e+29 3.55
1.20964 -5.12644 5.68543e+29 3.56
1.23355 -5.12123 5.68014e+29 3.57
1.25741 -5.11591 5.67487e+29 3.58
1.28124 -5.11048 5.6696e+29 3.59
1.30504 -5.10494 5.66435e+29 3.6
1.3288 -5.0993 5.65911e+29 3.61
1.35252 -5.09355 5.65388e+29 3.62
1.3762 -5.0877 5.64866e+29 3.63
1.39985 -5.08174 5.64346e+29 3.64
1.42345 -5.07567 5.63826e+29 3.65
1.44702 -5.0695 5.63308e+29 3.66
1.47055 -5.06322 5.62792e+29 3.67
1.49404 -5.05684 5.62276e+29 3.68
1.51749 -5.05036 5.61762e+29 3.69
1.5409 -5.04377 5.61249e+29 3.7
1.56426 -5.03707 5.60737e+29 3.71
1.58759 -5.03027 5.60227e+29 3.72
1.61087 -5.02337 5.59718e+29 3.73
1.63411 -5.01637 5.5921e+29 3.74
1.65731 -5.00926 5.58704e+29 3.75
1.68047 -5.00205 5.58198e+29 3.76
1.70358 -4.99474 5.57695e+29 3.77
1.72665 -4.98733 5.57192e+29 3.78
1.74967 -4.97981 5.56691e+29 3.79
1.77265 -4.97219 5.56191e+29 3.8
1.79558 -4.96448 5.55692e+29 3.81
1.81847 -4.95666 5.55195e+29 3.82
1.84131 -4.94874 5.54699e+29 3.83
1.86411 -4.94072 5.54205e+29 3.84
1.88686 -4.9326 5.53712e+29 3.85
1.90956 -4.92438 5.5322e+29 3.86
1.93221 -4.91606 5.5273e+29 3.87
1.95482 -4.90764 5.5224e+29 3.88
1.97738 -4.89913 5.51753e+29 3.89
1.99989 -4.89051 5.51266e+29 3.9
2.02234 -4.8818 5.50782e+29 3.91
2.04475 -4.87299 5.50298e+29 3.92
2.06711 -4.86408 5.49816e+29 3.93
2.08942 -4.85507 5.49335e+29 3.94
2.11168 -4.84597 5.48856e+29 3.95
2.13389 -4.83677 5.48378e+29 3.96
2.15605 -4.82747 5.47901e+29 3.97
2.17815 -4.81808 5.47426e+29 3.98
2.2002 -4.80859 5.46953e+29 3.99
2.2222 -4.79901 5.4648e+29 4
2.24415 -4.78933 5.4601e+29 4.01
2.26604 -4.77956 5.4554e+29 4.02
2.28788 -4.76969 5.45072e+29 4.03
2.30967 -4.75973 5.44606e+29 4.04
2.3314 -4.74967 5.44141e+29 4.05
2.35307 -4.73952 5.43677e+29 4.06
2.37469 -4.72928 5.43215e+29 4.07
2.39626 -4.71894 5.42754e+29 4.08
2.41777 -4.70852 5.42295e+29 4.09
2.43922 -4.698 5.41837e+29 4.1
2.46062 -4.68738 5.41381e+29 4.11
2.48196 -4.67668 5.40926e+29 4.12
2.50324 -4.66588 5.40472e+29 4.13
2.52446 -4.655 5.40021e+29 4.14
2.54563 -4.64402 5.3957e+29 4.15
2.56674 -4.63295 5.39121e+29 4.16
2.58779 -4.6218 5.38674e+29 4.17
2.60878 -4.61055 5.38228e+29 4.18
2.62971 -4.59921 5.37783e+29 4.19
2.65058 -4.58779 5.3734e+29 4.2
2.67139 -4.57627 5.36899e+29 4.21
2.69215 -4.56467 5.36459e+29 4.22
2.71284 -4.55298 5.3602e+29 4.23
2.73347 -4.5412 5.35583e+29 4.24
2.75403 -4.52933 5.35147e+29 4.25
2.77454 -4.51738 5.34713e+29 4.26
2.79499 -4.50534 5.34281e+29 4.27
2.81537 -4.49321 5.3385e+29 4.28
2.83569 -4.481 5.33421e+29 4.29
2.85595 -4.4687 5.32993e+29 4.3
2.87614 -4.45632 5.32566e+29 4.31
2.89627 -4.44385 5.32141e+29 4.32
2.91634 -4.43129 5.31718e+29 4.33
2.93634 -4.41866 5.31296e+29 4.34
2.95628 -4.40593 5.30876e+29 4.35
2.97615 -4.39313 5.30457e+29 4.36
2.99596 -4.38024 5.3004e+29 4.37
3.0157 -4.36727 5.29624e+29 4.38
3.03537 -4.35421 5.2921e+29 4.39
3.05499 -4.34107 5.28798e+29 4.4
3.07453 -4.32785 5.28387e+29 4.41
3.09401 -4.31455 5.27977e+29 4.42
3.11342 -4.30117 5.27569e+29 4.43
3.13276 -4.2877 5.27163e+29 4.44
3.15204 -4.27416 5.26758e+29 4.45
3.17125 -4.26053 5.26355e+29 4.46
3.19039 -4.24683 5.25953e+29 4.47
3.20946 -4.23304 5.25553e+29 4.48
3.22846 -4.21918 5.25155e+29 4.49
3.2474 -4.20524 5.24758e+29 4.5
3.26626 -4.19121 5.24363e+29 4.51
3.28506 -4.17711 5.23969e+29 4.52
3.30378 -4.16294 5.23577e+29 4.53
3.32244 -4.14868 5.23186e+29 4.54
3.34102 -4.13435 5.22797e+29 4.55
3.35954 -4.11994 5.2241e+29 4.56
3.37798 -4.10545 5.22024e+29 4.57
3.39636 -4.09089 5.2164e+29 4.58
3.41466 -4.07625 5.21258e+29 4.59
3.43289 -4.06154 5.20877e+29 4.6
3.45105 -4.04675 5.20498e+29 4.61
3.46913 -4.03188 5.2012e+29 4.62
3.48714 -4.01694 5.19744e+29 4.63
3.50509 -4.00193 5.1937e+29 4.64
3.52295 -3.98685 5.18997e+29 4.65
3.54075 -3.97169 5.18626e+29 4.66
3.55847 -3.95645 5.18256e+29 4.67
3.57612 -3.94115 5.17889e+29 4.68
3.59369 -3.92577 5.17522e+29 4.69
3.61119 -3.91032 5.17158e+29 4.7
3.62861 -3.8948 5.16795e+29 4.71
3.64596 -3.87921 5.16434e+29 4.72
3.66324 -3.86354 5.16074e+29 4.73
3.68044 -3.84781 5.15716e+29 4.74
3.69756 -3.832 5.1536e+29 4.75
3.71461 -3.81613 5.15006e+29 4.76
3.73158 -3.80019 5.14653e+29 4.77
3.74848 -3.78417 5.14301e+29 4.78
3.7653 -3.76809 5.13952e+29 4.79
3.78204 -3.75194 5.13604e+29 4.8
3.79871 -3.73572 5.13258e+29 4.81
3.8153 -3.71944 5.12913e+29 4.82
3.83181 -3.70308 5.12571e+29 4.83
3.84824 -3.68666 5.12229e+29 4.84
3.8646 -3.67017 5.1189e+29 4.85
3.88088 -3.65362 5.11552e+29 4.86
3.89708 -3.637 5.11216e+29 4.87
3.9132 -3.62032 5.10882e+29 4.88
3.92924 -3.60357 5.10549e+29 4.89
3.94521 -3.58675 5.10218e+29 4.9
3.96109 -3.56987 5.09889e+29 4.91
3.9769 -3.55293 5.09562e+29 4.92
3.99262 -3.53592 5.09236e+29 4.93
4.00827 -3.51885 5.08912e+29 4.94
4.02384 -3.50172 5.0859e+29 4.95
4.03932 -3.48452 5.08269e+29 4.96
4.05473 -3.46726 5.0795e+29 4.97
4.07005 -3.44994 5.07633e+29 4.98
4.0853 -3.43256 5.07318e+29 4.99
4.10046 -3.41511 5.07004e+29 5
4.11554 -3.39761 5.06692e+29 5.01
4.13055 -3.38004 5.06382e+29 5.02
4.14546 -3.36242 5.06073e+29 5.03
4.1603 -3.34473 5.05767e+29 5.04
4.17506 -3.32699 5.05462e+29 5.05
4.18973 -3.30918 5.05159e+29 5.06
4.20432 -3.29132 5.04857e+29 5.07
4.21883 -3.2734 5.04557e+29 5.08
4.23325 -3.25542 5.04259e+29 5.09
4.2476 -3.23739 5.03963e+29 5.1
4.26186 -3.21929 5.03669e+29 5.11
4.27603 -3.20114 5.03376e+29 5.12
4.29012 -3.18294 5.03085e+29 5.13
4.30413 -3.16467 5.02796e+29 5.14
4.31806 -3.14635 5.02508e+29 5.15
4.3319 -3.12798 5.02223e+29 5.16
4.34565 -3.10955 5.01939e+29 5.17
4.35933 -3.09107 5.01657e+29 5.18
4.37291 -3.07253 5.01376e+29 5.19
4.38642 -3.05394 5.01098e+29 5.2
4.39983 -3.03529 5.00821e+29 5.21
4.41317 -3.01659 5.00546e+29 5.22
4.42641 -2.99784 5.00273e+29 5.23
4.43958 -2.97904 5.00001e+29 5.24
4.45265 -2.96018 4.99732e+29 5.25
4.46564 -2.94127 4.99464e+29 5.26
4.47855 -2.92231 4.99197e+29 5.27
4.49137 -2.9033 4.98933e+29 5.28
4.5041 -2.88424 4.9867e+29 5.29
4.51674 -2.86513 4.9841e+29 5.3
4.5293 -2.84597 4.98151e+29 5.31
4.54177 -2.82676 4.97893e+29 5.32
4.55416 -2.8075 4.97638e+29 5.33
4.56646 -2.78819 4.97384e+29 5.34
4.57867 -2.76883 4.97132e+29 5.35
4.59079 -2.74942 4.96882e+29 5.36
4.60283 -2.72997 4.96634e+29 5.37
4.61478 -2.71047 4.96388e+29 5.38
4.62664 -2.69092 4.96143e+29 5.39
4.63841 -2.67133 4.959e+29 5.4
4.65009 -2.65169 4.95659e+29 5.41
4.66169 -2.632 4.95419e+29 5.42
4.6732 -2.61227 4.95182e+29 5.43
4.68462 -2.5925 4.94946e+29 5.44
4.69595 -2.57267 4.94712e+29 5.45
4.70719 -2.55281 4.9448e+29 5.46
4.71834 -2.5329 4.9425e+29 5.47
4.72941 -2.51295 4.94021e+29 5.48
4.74038 -2.49295 4.93795e+29 5.49
4.75127 -2.47291 4.9357e+29 5.5
4.76206 -2.45283 4.93346e+29 5.51
4.77277 -2.4327 4.93125e+29 5.52
4.78338 -2.41254 4.92906e+29 5.53
4.79391 -2.39233 4.92688e+29 5.54
4.80435 -2.37208 4.92472e+29 5.55
4.81469 -2.3518 4.92258e+29 5.56
4.82495 -2.33147 4.92046e+29 5.57
4.83511 -2.3111 4.91835e+29 5.58
4.84519 -2.29069 4.91626e+29 5.59
4.85517 -2.27024 4.9142e+29 5.6
4.86507 -2.24975 4.91214e+29 5.61
4.87487 -2.22923 4.91011e+29 5.62
4.88458 -2.20867 4.9081e+29 5.63
4.8942 -2.18807 4.9061e+29 5.64
4.90373 -2.16743 4.90412e+29 5.65
4.91317 -2.14675 4.90216e+29 5.66
4.92252 -2.12604 4.90022e+29 5.67
4.93177 -2.10529 4.8983e+29 5.68
4.94094 -2.08451 4.89639e+29 5.69
4.95001 -2.06369 4.8945e+29 5.7
4.95899 -2.04284 4.89263e+29 5.71
4.96787 -2.02195 4.89078e+29 5.72
4.97667 -2.00103 4.88895e+29 5.73
4.98537 -1.98007 4.88714e+29 5.74
4.99398 -1.95908 4.88534e+29 5.75
5.0025 -1.93806 4.88356e+29 5.76
5.01093 -1.917 4.8818e+29 5.77
5.01926 -1.89591 4.88006e+29 5.78
5.0275 -1.87479 4.87833e+29 5.79
5.03565 -1.85364 4.87663e+29 5.8
5.04371 -1.83245 4.87494e+29 5.81
5.05167 -1.81124 4.87327e+29 5.82
5.05954 -1.78999 4.87162e+29 5.83
5.06732 -1.76872 4.86999e+29 5.84
5.075 -1.74741 4.86837e+29 5.85
5.08259 -1.72607 4.86677e+29 5.86
5.09008 -1.70471 4.86519e+29 5.87
5.09749 -1.68332 4.86363e+29 5.88
5.1048 -1.6619 4.86209e+29 5.89
5.11201 -1.64045 4.86057e+29 5.9
5.11913 -1.61897 4.85906e+29 5.91
5.12616 -1.59746 4.85757e+29 5.92
5.1331 -1.57593 4.85611e+29 5.93
5.13994 -1.55438 4.85465e+29 5.94
5.14668 -1.53279 4.85322e+29 5.95
5.15333 -1.51118 4.85181e+29 5.96
5.15989 -1.48955 4.85041e+29 5.97
5.16635 -1.46789 4.84903e+29 5.98
5.17272 -1.4462 4.84767e+29 5.99
5.179 -1.42449 4.84633e+29 6
5.18518 -1.40276 4.84501e+29 6.01
5.19126 -1.381 4.8437e+29 6.02
5.19725 -1.35922 4.84242e+29 6.03
5.20315 -1.33742 4.84115e+29 6.04
5.20895 -1.3156 4.8399e+29 6.05
5.21465 -1.29375 4.83866e+29 6.06
5.22027 -1.27188 4.83745e+29 6.07
5.22578 -1.24999 4.83625e+29 6.08
5.2312 -1.22808 4.83508e+29 6.09
5.23653 -1.20615 4.83392e+29 6.1
5.24176 -1.1842 4.83278e+29 6.11
5.2469 -1.16223 4.83165e+29 6.12
5.25194 -1.14024 4.83055e+29 6.13
5.25688 -1.11823 4.82946e+29 6.14
5.26173 -1.0962 4.8284e+29 6.15
5.26649 -1.07416 4.82735e+29 6.16
5.27114 -1.05209 4.82631e+29 6.17
5.27571 -1.03001 4.8253e+29 6.18
5.28018 -1.00791 4.82431e+29 6.19
5.28455 -0.985796 4.82333e+29 6.2
5.28882 -0.963664 4.82237e+29 6.21
5.293 -0.941515 4.82143e+29 6.22
5.29709 -0.919352 4.82051e+29 6.23
5.30108 -0.897173 4.81961e+29 6.24
5.30497 -0.874978 4.81872e+29 6.25
5.30877 -0.85277 4.81785e+29 6.26
5.31247 -0.830547 4.81701e+29 6.27
5.31608 -0.80831 4.81617e+29 6.28
5.31958 -0.78606 4.81536e+29 6.29
5.323 -0.763797 4.81457e+29 6.3
5.32632 -0.741521 4.81379e+29 6.31
5.32954 -0.719233 4.81304e+29 6.32
5.33266 -0.696933 4.8123e+29 6.33
5.33569 -0.674622 4.81158e+29 6.34
5.33862 -0.652299 4.81087e+29 6.35
5.34146 -0.629965 4.81019e+29 6.36
5.3442 -0.607621 4.80952e+29 6.37
5.34684 -0.585267 4.80888e+29 6.38
5.34939 -0.562903 4.80825e+29 6.39
5.35184 -0.54053 4.80764e+29 6.4
5.35419 -0.518148 4.80704e+29 6.41
5.35645 -0.495757 4.80647e+29 6.42
5.35861 -0.473358 4.80591e+29 6.43
5.36068 -0.450952 4.80538e+29 6.44
5.36265 -0.428537 4.80486e+29 6.45
5.36452 -0.406116 4.80436e+29 6.46
5.3663 -0.383688 4.80387e+29 6.47
5.36797 -0.361254 4.80341e+29 6.48
5.36956 -0.338813 4.80296e+29 6.49
5.37104 -0.316367 4.80253e+29 6.5
5.37243 -0.293916 4.80212e+29 6.51
5.37373 -0.27146 4.80173e+29 6.52
5.37492 -0.249 4.80136e+29 6.53
5.37602 -0.226535 4.801e+29 6.54
5.37702 -0.204067 4.80067e+29 6.55
5.37793 -0.181595 4.80035e+29 6.56
5.37874 -0.159121 4.80005e+29 6.57
5.37945 -0.136643 4.79977e+29 6.58
5.38007 -0.114164 4.7995e+29 6.59
5.38059 -0.0916823 4.79926e+29 6.6
5.38101 -0.0691994 4.79903e+29 6.61
5.38134 -0.0467154 4.79882e+29 6.62
5.38157 -0.0242307 4.79863e+29 6.63
5.3817 -0.00174554 4.79846e+29 6.64
5.38174 0.0207396 4.79831e+29 6.65
5.38168 0.0432244 4.79817e+29 6.66
5.38152 0.0657084 4.79806e+29 6.67
5.38127 0.0881913 4.79796e+29 6.68
5.38092 0.110673 4.79788e+29 6.69
5.38047 0.133152 4.79782e+29 6.7
5.37993 0.15563 4.79777e+29 6.71
5.37929 0.178104 4.79775e+29 6.72
5.37855 0.200576 4.79774e+29 6.73
5.37772 0.223045 4.79775e+29 6.74
5.37679 0.245509 4.79778e+29 6.75
5.37576 0.26797 4.79783e+29 6.76
5.37464 0.290426 4.79789e+29 6.77
5.37342 0.312877 4.79798e+29 6.78
5.3721 0.335323 4.79808e+29 6.79
5.37069 0.357764 4.7982e+29 6.8
5.36918 0.380198 4.79834e+29 6.81
5.36758 0.402627 4.7985e+29 6.82
5.36587 0.425048 4.79867e+29 6.83
5.36408 0.447463 4.79887e+29 6.84
5.36218 0.46987 4.79908e+29 6.85
5.36019 0.492269 4.79931e+29 6.86
5.3581 0.51466 4.79956e+29 6.87
5.35592 0.537042 4.79983e+29 6.88
5.35364 0.559416 4.80011e+29 6.89
5.35126 0.58178 4.80042e+29 6.9
5.34879 0.604135 4.80074e+29 6.91
5.34622 0.626479 4.80108e+29 6.92
5.34356 0.648813 4.80144e+29 6.93
5.3408 0.671137 4.80182e+29 6.94
5.33794 0.693449 4.80221e+29 6.95
5.33499 0.715749 4.80262e+29 6.96
5.33194 0.738038 4.80306e+29 6.97
5.32879 0.760315 4.80351e+29 6.98
5.32555 0.782578 4.80398e+29 6.99
5.32222 0.804829 4.80446e+29 7
5.31878 0.827067 4.80497e+29 7.01
5.31526 0.84929 4.80549e+29 7.02
5.31163 0.8715 4.80603e+29 7.03
5.30791 0.893695 4.80659e+29 7.04
5.3041 0.915875 4.80717e+29 7.05
5.30019 0.93804 4.80777e+29 7.06
5.29618 0.960189 4.80838e+29 7.07
5.29208 0.982322 4.80901e+29 7.08
5.28788 1.00444 4.80967e+29 7.09
5.28359 1.02654 4.81034e+29 7.1
5.2792 1.04862 4.81102e+29 7.11
5.27471 1.07069 4.81173e+29 7.12
5.27013 1.09274 4.81245e+29 7.13
5.26546 1.11477 4.8132e+29 7.14
5.26069 1.13678 4.81396e+29 7.15
5.25583 1.15877 4.81474e+29 7.16
5.25087 1.18074 4.81553e+29 7.17
5.24581 1.20269 4.81635e+29 7.18
5.24066 1.22463 4.81718e+29 7.19
5.23542 1.24654 4.81804e+29 7.2
5.23008 1.26843 4.81891e+29 7.21
5.22465 1.2903 4.8198e+29 7.22
5.21912 1.31215 4.8207e+29 7.23
5.21349 1.33398 4.82163e+29 7.24
5.20778 1.35578 4.82257e+29 7.25
5.20196 1.37757 4.82353e+29 7.26
5.19606 1.39932 4.82451e+29 7.27
5.19006 1.42106 4.82551e+29 7.28
5.18396 1.44277 4.82653e+29 7.29
5.17777 1.46446 4.82756e+29 7.3
5.17149 1.48612 4.82862e+29 7.31
5.16511 1.50776 4.82969e+29 7.32
5.15864 1.52938 4.83078e+29 7.33
5.15208 1.55096 4.83189e+29 7.34
5.14542 1.57252 4.83301e+29 7.35
5.13867 1.59406 4.83416e+29 7.36
5.13182 1.61557 4.83532e+29 7.37
5.12488 1.63705 4.8365e+29 7.38
5.11785 1.6585 4.8377e+29 7.39
5.11072 1.67993 4.83892e+29 7.4
5.1035 1.70133 4.84015e+29 7.41
5.09619 1.7227 4.84141e+29 7.42
5.08879 1.74404 4.84268e+29 7.43
5.08129 1.76535 4.84397e+29 7.44
5.0737 1.78663 4.84528e+29 7.45
5.06601 1.80788 4.8466e+29 7.46
5.05824 1.8291 4.84795e+29 7.47
5.05037 1.85029 4.84931e+29 7.48
5.0424 1.87145 4.85069e+29 7.49
5.03435 1.89258 4.85209e+29 7.5
5.0262 1.91368 4.85351e+29 7.51
5.01796 1.93474 4.85495e+29 7.52
5.00963 1.95577 4.8564e+29 7.53
5.00121 1.97677 4.85787e+29 7.54
4.9927 1.99773 4.85936e+29 7.55
4.98409 2.01866 4.86087e+29 7.56
4.97539 2.03956 4.8624e+29 7.57
4.9666 2.06042 4.86394e+29 7.58
4.95772 2.08125 4.86551e+29 7.59
4.94875 2.10204 4.86709e+29 7.6
4.93968 2.1228 4.86869e+29 7.61
4.93053 2.14352 4.87031e+29 7.62
4.92128 2.1642 4.87194e+29 7.63
4.91194 2.18485 4.8736e+29 7.64
4.90252 2.20546 4.87527e+29 7.65
4.893 2.22604 4.87696e+29 7.66
4.88339 2.24657 4.87867e+29 7.67
4.87369 2.26707 4.88039e+29 7.68
4.8639 2.28753 4.88214e+29 7.69
4.85402 2.30795 4.8839e+29 7.7
4.84405 2.32833 4.88568e+29 7.71
4.83399 2.34867 4.88748e+29 7.72
4.82384 2.36897 4.8893e+29 7.73
4.8136 2.38923 4.89114e+29 7.74
4.80327 2.40945 4.89299e+29 7.75
4.79285 2.42963 4.89486e+29 7.76
4.78234 2.44977 4.89675e+29 7.77
4.77174 2.46987 4.89866e+29 7.78
4.76106 2.48992 4.90059e+29 7.79
4.75028 2.50993 4.90253e+29 7.8
4.73942 2.5299 4.90449e+29 7.81
4.72847 2.54983 4.90647e+29 7.82
4.71742 2.56971 4.90847e+29 7.83
4.7063 2.58955 4.91049e+29 7.84
4.69508 2.60934 4.91252e+29 7.85
4.68377 2.62909 4.91458e+29 7.86
4.67238 2.64879 4.91665e+29 7.87
4.6609 2.66845 4.91874e+29 7.88
4.64933 2.68806 4.92084e+29 7.89
4.63767 2.70763 4.92297e+29 7.9
4.62593 2.72715 4.92511e+29 7.91
4.6141 2.74662 4.92727e+29 7.92
4.60218 2.76605 4.92945e+29 7.93
4.59017 2.78543 4.93165e+29 7.94
4.57808 2.80476 4.93386e+29 7.95
4.5659 2.82404 4.9361e+29 7.96
4.55364 2.84327 4.93835e+29 7.97
4.54129 2.86245 4.94062e+29 7.98
4.52885 2.88159 4.94291e+29 7.99
4.51633 2.90067 4.94521e+29 8
4.50372 2.91971 4.94753e+29 8.01
4.49102 2.93869 4.94988e+29 8.02
4.47824 2.95763 4.95223e+29 8.03
4.46538 2.97651 4.95461e+29 8.04
4.45243 2.99534 4.95701e+29 8.05
4.43939 3.01412 4.95942e+29 8.06
4.42627 3.03284 4.96185e+29 8.07
4.41306 3.05152 4.9643e+29 8.08
4.39978 3.07014 4.96677e+29 8.09
4.3864 3.0887 4.96925e+29 8.1
4.37294 3.10722 4.97175e+29 8.11
4.3594 3.12568 4.97427e+29 8.12
4.34578 3.14408 4.97681e+29 8.13
4.33207 3.16243 4.97937e+29 8.14
4.31827 3.18073 4.98194e+29 8.15
4.3044 3.19897 4.98454e+29 8.16
4.29044 3.21715 4.98715e+29 8.17
4.2764 3.23528 4.98977e+29 8.18
4.26227 3.25335 4.99242e+29 8.19
4.24807 3.27136 4.99508e+29 8.2
4.23378 3.28932 4.99776e+29 8.21
4.21941 3.30721 5.00046e+29 8.22
4.20495 3.32505 5.00318e+29 8.23
4.19042 3.34284 5.00591e+29 8.24
4.1758 3.36056 5.00867e+29 8.25
4.16111 3.37822 5.01144e+29 8.26
4.14633 3.39583 5.01422e+29 8.27
4.13147 3.41337 5.01703e+29 8.28
4.11653 3.43086 5.01985e+29 8.29
4.10151 3.44828 5.0227e+29 8.3
4.0864 3.46564 5.02555e+29 8.31
4.07122 3.48295 5.02843e+29 8.32
4.05596 3.50019 5.03133e+29 8.33
4.04062 3.51737 5.03424e+29 8.34
4.0252 3.53448 5.03717e+29 8.35
4.0097 3.55153 5.04011e+29 8.36
3.99412 3.56852 5.04308e+29 8.37
3.97846 3.58545 5.04606e+29 8.38
3.96273 3.60232 5.04906e+29 8.39
3.94691 3.61911 5.05208e+29 8.4
3.93102 3.63585 5.05511e+29 8.41
3.91505 3.65252 5.05817e+29 8.42
3.899 3.66912 5.06124e+29 8.43
3.88287 3.68566 5.06433e+29 8.44
3.86667 3.70214 5.06743e+29 8.45
3.85039 3.71854 5.07056e+29 8.46
3.83403 3.73488 5.0737e+29 8.47
3.81759 3.75116 5.07685e+29 8.48
3.80108 3.76736 5.08003e+29 8.49
3.7845 3.7835 5.08322e+29 8.5
3.76783 3.79957 5.08643e+29 8.51
3.75109 3.81558 5.08966e+29 8.52
3.73428 3.83151 5.09291e+29 8.53
3.71739 3.84738 5.09617e+29 8.54
3.70043 3.86317 5.09945e+29 8.55
3.68339 3.8789 5.10275e+29 8.56
3.66627 3.89455 5.10606e+29 8.57
3.64908 3.91014 5.1094e+29 8.58
3.63182 3.92566 5.11275e+29 8.59
3.61448 3.9411 5.11611e+29 8.6
3.59707 3.95647 5.1195e+29 8.61
3.57959 3.97177 5.1229e+29 8.62
3.56203 3.987 5.12632e+29 8.63
3.5444 4.00216 5.12975e+29 8.64
3.5267 4.01724 5.13321e+29 8.65
3.50893 4.03225 5.13668e+29 8.66
3.49108 4.04719 5.14016e+29 8.67
3.47316 4.06205 5.14367e+29 8.68
3.45517 4.07684 5.14719e+29 8.69
3.43711 4.09155 5.15073e+29 8.7
3.41898 4.10619 5.15429e+29 8.71
3.40078 4.12076 5.15786e+29 8.72
3.3825 4.13525 5.16145e+29 8.73
3.36416 4.14966 5.16506e+29 8.74
3.34575 4.164 5.16868e+29 8.75
3.32726 4.17826 5.17232e+29 8.76
3.30871 4.19244 5.17598e+29 8.77
3.29009 4.20655 5.17966e+29 8.78
3.2714 4.22058 5.18335e+29 8.79
3.25264 4.23453 5.18706e+29 8.8
3.23381 4.2484 5.19079e+29 8.81
3.21491 4.26219 5.19453e+29 8.82
3.19595 4.27591 5.19829e+29 8.83
3.17692 4.28954 5.20206e+29 8.84
3.15782 4.3031 5.20586e+29 8.85
3.13866 4.31658 5.20967e+29 8.86
3.11942 4.32997 5.2135e+29 8.87
3.10013 4.34329 5.21734e+29 8.88
3.08076 4.35652 5.2212e+29 8.89
3.06133 4.36968 5.22508e+29 8.9
3.04184 4.38275 5.22897e+29 8.91
3.02227 4.39574 5.23288e+29 8.92
3.00265 4.40865 5.23681e+29 8.93
2.98296 4.42147 5.24075e+29 8.94
2.9632 4.43422 5.24471e+29 8.95
2.94338 4.44687 5.24869e+29 8.96
2.9235 4.45945 5.25268e+29 8.97
2.90356 4.47194 5.25669e+29 8.98
2.88355 4.48435 5.26072e+29 8.99
2.86348 4.49667 5.26476e+29 9
2.84334 4.50891 5.26882e+29 9.01
2.82315 4.52107 5.27289e+29 9.02
2.80289 4.53313 5.27698e+29 9.03
2.78257 4.54512 5.28109e+29 9.04
2.76219 4.55701 5.28522e+29 9.05
2.74175 4.56882 5.28936e+29 9.06
2.72124 4.58054 5.29351e+29 9.07
2.70068 4.59218 5.29768e+29 9.08
2.68006 4.60373 5.30187e+29 9.09
2.65938 4.61519 5.30608e+29 9.1
2.63864 4.62656 5.3103e+29 9.11
2.61784 4.63785 5.31454e+29 9.12
2.59698 4.64904 5.31879e+29 9.13
2.57606 4.66015 5.32306e+29 9.14
2.55509 4.67117 5.32734e+29 9.15
2.53405 4.68209 5.33164e+29 9.16
2.51296 4.69293 5.33596e+29 9.17
2.49182 4.70368 5.34029e+29 9.18
2.47062 4.71434 5.34464e+29 9.19
2.44936 4.7249 5.349e+29 9.2
2.42804 4.73538 5.35338e+29 9.21
2.40667 4.74576 5.35778e+29 9.22
2.38524 4.75605 5.36219e+29 9.23
2.36376 4.76625 5.36661e+29 9.24
2.34223 4.77636 5.37106e+29 9.25
2.32064 4.78637 5.37551e+29 9.26
2.29899 4.7963 5.37999e+29 9.27
2.2773 4.80612 5.38447e+29 9.28
2.25555 4.81586 5.38898e+29 9.29
2.23375 4.8255 5.3935e+29 9.3
2.21189 4.83505 5.39803e+29 9.31
2.18998 4.8445 5.40258e+29 9.32
2.16803 4.85386 5.40715e+29 9.33
2.14602 4.86312 5.41173e+29 9.34
2.12396 4.87229 5.41632e+29 9.35
2.10184 4.88136 5.42093e+29 9.36
2.07968 4.89033 5.42556e+29 9.37
2.05747 4.89921 5.4302e+29 9.38
2.03521 4.90799 5.43485e+29 9.39
2.0129 4.91668 5.43952e+29 9.4
1.99054 4.92527 5.44421e+29 9.41
1.96814 4.93376 5.44891e+29 9.42
1.94568 4.94215 5.45362e+29 9.43
1.92318 4.95045 5.45835e+29 9.44
1.90063 4.95864 5.4631e+29 9.45
1.87804 4.96674 5.46785e+29 9.46
1.8554 4.97474 5.47263e+29 9.47
1.83271 4.98264 5.47742e+29 9.48
1.80998 4.99044 5.48222e+29 9.49
1.7872 4.99814 5.48703e+29 9.5
1.76437 5.00574 5.49187e+29 9.51
1.74151 5.01324 5.49671e+29 9.52
1.7186 5.02064 5.50157e+29 9.53
1.69564 5.02794 5.50644e+29 9.54
1.67264 5.03514 5.51133e+29 9.55
1.6496 5.04224 5.51623e+29 9.56
1.62652 5.04923 5.52115e+29 9.57
1.6034 5.05612 5.52608e+29 9.58
1.58023 5.06291 5.53103e+29 9.59
1.55702 5.0696 5.53598e+29 9.6
1.53377 5.07619 5.54095e+29 9.61
1.51049 5.08267 5.54594e+29 9.62
1.48716 5.08905 5.55094e+29 9.63
1.46379 5.09533 5.55595e+29 9.64
1.44038 5.1015 5.56098e+29 9.65
1.41694 5.10756 5.56602e+29 9.66
1.39346 5.11353 5.57107e+29 9.67
1.36994 5.11939 5.57614e+29 9.68
1.34638 5.12514 5.58122e+29 9.69
1.32278 5.13079 5.58631e+29 9.7
1.29915 5.13633 5.59142e+29 9.71
1.27549 5.14177 5.59654e+29 9.72
1.25178 5.1471 5.60167e+29 9.73
1.22805 5.15233 5.60682e+29 9.74
1.20427 5.15745 5.61198e+29 9.75
1.18047 5.16246 5.61715e+29 9.76
1.15663 5.16737 5.62233e+29 9.77
1.13275 5.17216 5.62753e+29 9.78
1.10885 5.17685 5.63274e+29 9.79
1.08491 5.18144 5.63796e+29 9.8
1.06094 5.18591 5.6432e+29 9.81
1.03694 5.19028 5.64845e+29 9.82
1.01291 5.19454 5.65371e+29 9.83
0.988842 5.19869 5.65898e+29 9.84
0.964749 5.20273 5.66426e+29 9.85
0.940626 5.20667 5.66956e+29 9.86
0.916474 5.21049 5.67487e+29 9.87
0.892293 5.2142 5.68019e+29 9.88
0.868084 5.21781 5.68552e+29 9.89
0.843847 5.2213 5.69087e+29 9.9
0.819583 5.22469 5.69622e+29 9.91
0.795292 5.22796 5.70159e+29 9.92
0.770975 5.23112 5.70697e+29 9.93
0.746632 5.23418 5.71236e+29 9.94
0.722264 5.23712 5.71777e+29 9.95
0.697871 5.23995 5.72318e+29 9.96
0.673453 5.24266 5.72861e+29 9.97
0.649012 5.24527 5.73404e+29 9.98
0.624547 5.24777 0 9.99
