5.2 0 0
5.2 0 0.01
10.4 0 0.02
20.8 0 0.03
41.6 0 0.04
83.2 0 0.05
166.4 0 0.06
332.8 0 0.07
665.6 0 0.08
1331.2 0 0.09
2662.4 0 0.1
5324.8 0 0.11
10649.6 0 0.12
21299.2 0 0.13
42598.4 0 0.14
85196.8 0 0.15
170394 0 0.16
340787 0 0.17
681574 0 0.18
1.36315e+06 0 0.19
2.7263e+06 0 0.2
5.4526e+06 0 0.21
1.09052e+07 0 0.22
2.18104e+07 0 0.23
4.36208e+07 0 0.24
8.72415e+07 0 0.25
1.74483e+08 0 0.26
3.48966e+08 0 0.27
6.97932e+08 0 0.28
1.39586e+09 0 0.29
2.79173e+09 0 0.3
5.58346e+09 0 0.31
1.11669e+10 0 0.32
2.23338e+10 0 0.33
4.46677e+10 0 0.34
8.93353e+10 0 0.35
1.78671e+11 0 0.36
3.57341e+11 0 0.37
7.14683e+11 0 0.38
1.42937e+12 0 0.39
2.85873e+12 0 0.4
5.71746e+12 0 0.41
1.14349e+13 0 0.42
2.28698e+13 0 0.43
4.57397e+13 0 0.44
9.14794e+13 0 0.45
1.82959e+14 0 0.46
3.65917e+14 0 0.47
7.31835e+14 0 0.48
1.46367e+15 0 0.49
2.92734e+15 0 0.5
5.85468e+15 0 0.51
1.17094e+16 0 0.52
2.34187e+16 0 0.53
4.68374e+16 0 0.54
9.36749e+16 0 0.55
1.8735e+17 0 0.56
3.74699e+17 0 0.57
7.49399e+17 0 0.58
1.4988e+18 0 0.59
2.9976e+18 0 0.6
5.99519e+18 0 0.61
1.19904e+19 0 0.62
2.39808e+19 0 0.63
4.79615e+19 0 0.64
9.59231e+19 0 0.65
1.91846e+20 0 0.66
3.83692e+20 0 0.67
7.67385e+20 0 0.68
1.53477e+21 0 0.69
3.06954e+21 0 0.7
6.13908e+21 0 0.71
1.22782e+22 0 0.72
2.45563e+22 0 0.73
4.91126e+22 0 0.74
9.82252e+22 0 0.75
1.9645e+23 0 0.76
3.92901e+23 0 0.77
7.85802e+23 0 0.78
1.5716e+24 0 0.79
3.14321e+24 0 0.8
6.28641e+24 0 0.81
1.25728e+25 0 0.82
2.51457e+25 0 0.83
5.02913e+25 0 0.84
1.00583e+26 0 0.85
2.01165e+26 0 0.86
4.02331e+26 0 0.87
8.04661e+26 0 0.88
1.60932e+27 0 0.89
3.21864e+27 0 0.9
6.43729e+27 0 0.91
1.28746e+28 0 0.92
2.57492e+28 0 0.93
5.14983e+28 0 0.94
1.02997e+29 0 0.95
2.05993e+29 0 0.96
4.11986e+29 0 0.97
8.23973e+29 0 0.98
1.64795e+30 0 0.99
3.29589e+30 0 1
6.59178e+30 0 1.01
1.31836e+31 0 1.02
2.63671e+31 0 1.03
5.27343e+31 0 1.04
1.05469e+32 0 1.05
2.10937e+32 0 1.06
4.21874e+32 0 1.07
8.43748e+32 0 1.08
1.6875e+33 0 1.09
3.37499e+33 0 1.1
6.74999e+33 0 1.11
1.35e+34 0 1.12
2.69999e+34 0 1.13
5.39999e+34 0 1.14
1.08e+35 0 1.15
2.16e+35 0 1.16
4.31999e+35 0 1.17
8.63998e+35 0 1.18
1.728e+36 0 1.19
3.45599e+36 0 1.2
6.91199e+36 0 1.21
1.3824e+37 0 1.22
2.76479e+37 0 1.23
5.52959e+37 0 1.24
1.10592e+38 0 1.25
2.21184e+38 0 1.26
4.42367e+38 0 1.27
8.84734e+38 0 1.28
1.76947e+39 0 1.29
3.53894e+39 0 1.3
7.07787e+39 0 1.31
1.41557e+40 0 1.32
2.83115e+40 0 1.33
5.6623e+40 0 1.34
1.13246e+41 0 1.35
2.26492e+41 0 1.36
4.52984e+41 0 1.37
9.05968e+41 0 1.38
1.81194e+42 0 1.39
3.62387e+42 0 1.4
7.24774e+42 0 1.41
1.44955e+43 0 1.42
2.8991e+43 0 1.43
5.79819e+43 0 1.44
1.15964e+44 0 1.45
2.31928e+44 0 1.46
4.63856e+44 0 1.47
9.27711e+44 0 1.48
1.85542e+45 0 1.49
3.71084e+45 0 1.5
7.42169e+45 0 1.51
1.48434e+46 0 1.52
2.96868e+46 0 1.53
5.93735e+46 0 1.54
1.18747e+47 0 1.55
2.37494e+47 0 1.56
4.74988e+47 0 1.57
9.49976e+47 0 1.58
1.89995e+48 0 1.59
3.7999e+48 0 1.6
7.59981e+48 0 1.61
1.51996e+49 0 1.62
3.03992e+49 0 1.63
6.07985e+49 0 1.64
1.21597e+50 0 1.65
2.43194e+50 0 1.66
4.86388e+50 0 1.67
9.72775e+50 0 1.68
1.94555e+51 0 1.69
3.8911e+51 0 1.7
7.7822e+51 0 1.71
1.55644e+52 0 1.72
3.11288e+52 0 1.73
6.22576e+52 0 1.74
1.24515e+53 0 1.75
2.49031e+53 0 1.76
4.98061e+53 0 1.77
9.96122e+53 0 1.78
1.99224e+54 0 1.79
3.98449e+54 0 1.8
7.96898e+54 0 1.81
1.5938e+55 0 1.82
3.18759e+55 0 1.83
6.37518e+55 0 1.84
1.27504e+56 0 1.85
2.55007e+56 0 1.86
5.10015e+56 0 1.87
1.02003e+57 0 1.88
2.04006e+57 0 1.89
4.08012e+57 0 1.9
8.16023e+57 0 1.91
1.63205e+58 0 1.92
3.26409e+58 0 1.93
6.52819e+58 0 1.94
1.30564e+59 0 1.95
2.61127e+59 0 1.96
5.22255e+59 0 1.97
1.04451e+60 0 1.98
2.08902e+60 0 1.99
4.17804e+60 0 2
8.35608e+60 0 2.01
1.67122e+61 0 2.02
3.34243e+61 0 2.03
6.68486e+61 0 2.04
1.33697e+62 0 2.05
2.67394e+62 0 2.06
5.34789e+62 0 2.07
1.06958e+63 0 2.08
2.13916e+63 0 2.09
4.27831e+63 0 2.1
8.55662e+63 0 2.11
1.71132e+64 0 2.12
3.42265e+64 0 2.13
6.8453e+64 0 2.14
1.36906e+65 0 2.15
2.73812e+65 0 2.16
5.47624e+65 0 2.17
1.09525e+66 0 2.18
2.1905e+66 0 2.19
4.38099e+66 0 2.2
8.76198e+66 0 2.21
1.7524e+67 0 2.22
3.50479e+67 0 2.23
7.00959e+67 0 2.24
1.40192e+68 0 2.25
2.80383e+68 0 2.26
5.60767e+68 0 2.27
1.12153e+69 0 2.28
2.24307e+69 0 2.29
4.48614e+69 0 2.3
8.97227e+69 0 2.31
1.79445e+70 0 2.32
3.58891e+70 0 2.33
7.17782e+70 0 2.34
1.43556e+71 0 2.35
2.87113e+71 0 2.36
5.74225e+71 0 2.37
1.14845e+72 0 2.38
2.2969e+72 0 2.39
4.5938e+72 0 2.4
9.1876e+72 0 2.41
1.83752e+73 0 2.42
3.67504e+73 0 2.43
7.35008e+73 0 2.44
1.47002e+74 0 2.45
2.94003e+74 0 2.46
5.88007e+74 0 2.47
1.17601e+75 0 2.48
2.35203e+75 0 2.49
4.70405e+75 0 2.5
9.40811e+75 0 2.51
1.88162e+76 0 2.52
3.76324e+76 0 2.53
7.52649e+76 0 2.54
1.5053e+77 0 2.55
3.01059e+77 0 2.56
6.02119e+77 0 2.57
1.20424e+78 0 2.58
2.40848e+78 0 2.59
4.81695e+78 0 2.6
9.6339e+78 0 2.61
1.92678e+79 0 2.62
3.85356e+79 0 2.63
7.70712e+79 0 2.64
1.54142e+80 0 2.65
3.08285e+80 0 2.66
6.1657e+80 0 2.67
1.23314e+81 0 2.68
2.46628e+81 0 2.69
4.93256e+81 0 2.7
9.86512e+81 0 2.71
1.97302e+82 0 2.72
3.94605e+82 0 2.73
7.89209e+82 0 2.74
1.57842e+83 0 2.75
3.15684e+83 0 2.76
6.31367e+83 0 2.77
1.26273e+84 0 2.78
2.52547e+84 0 2.79
5.05094e+84 0 2.8
1.01019e+85 0 2.81
2.02038e+85 0 2.82
4.04075e+85 0 2.83
8.0815e+85 0 2.84
1.6163e+86 0 2.85
3.2326e+86 0 2.86
6.4652e+86 0 2.87
1.29304e+87 0 2.88
2.58608e+87 0 2.89
5.17216e+87 0 2.9
1.03443e+88 0 2.91
2.06886e+88 0 2.92
4.13773e+88 0 2.93
8.27546e+88 0 2.94
1.65509e+89 0 2.95
3.31018e+89 0 2.96
6.62037e+89 0 2.97
1.32407e+90 0 2.98
2.64815e+90 0 2.99
5.29629e+90 0 3
1.05926e+91 0 3.01
2.11852e+91 0 3.02
4.23703e+91 0 3.03
8.47407e+91 0 3.04
1.69481e+92 0 3.05
3.38963e+92 0 3.06
6.77926e+92 0 3.07
1.35585e+93 0 3.08
2.7117e+93 0 3.09
5.4234e+93 0 3.1
1.08468e+94 0 3.11
2.16936e+94 0 3.12
4.33872e+94 0 3.13
8.67745e+94 0 3.14
1.73549e+95 0 3.15
3.47098e+95 0 3.16
6.94196e+95 0 3.17
1.38839e+96 0 3.18
2.77678e+96 0 3.19
5.55357e+96 0 3.2
1.11071e+97 0 3.21
2.22143e+97 0 3.22
4.44285e+97 0 3.23
8.88571e+97 0 3.24
1.77714e+98 0 3.25
3.55428e+98 0 3.26
7.10856e+98 0 3.27
1.42171e+99 0 3.28
2.84343e+99 0 3.29
5.68685e+99 0 3.3
1.13737e+100 0 3.31
2.27474e+100 0 3.32
4.54948e+100 0 3.33
9.09896e+100 0 3.34
1.81979e+101 0 3.35
3.63959e+101 0 3.36
7.27917e+101 0 3.37
1.45583e+102 0 3.38
2.91167e+102 0 3.39
5.82334e+102 0 3.4
1.16467e+103 0 3.41
2.32933e+103 0 3.42
4.65867e+103 0 3.43
9.31734e+103 0 3.44
1.86347e+104 0 3.45
3.72694e+104 0 3.46
7.45387e+104 0 3.47
1.49077e+105 0 3.48
2.98155e+105 0 3.49
5.9631e+105 0 3.5
1.19262e+106 0 3.51
2.38524e+106 0 3.52
4.77048e+106 0 3.53
9.54095e+106 0 3.54
1.90819e+107 0 3.55
3.81638e+107 0 3.56
7.63276e+107 0 3.57
1.52655e+108 0 3.58
3.05311e+108 0 3.59
6.10621e+108 0 3.6
1.22124e+109 0 3.61
2.44248e+109 0 3.62
4.88497e+109 0 3.63
9.76994e+109 0 3.64
1.95399e+110 0 3.65
3.90797e+110 0 3.66
7.81595e+110 0 3.67
1.56319e+111 0 3.68
3.12638e+111 0 3.69
6.25276e+111 0 3.7
1.25055e+112 0 3.71
2.5011e+112 0 3.72
5.00221e+112 0 3.73
1.00044e+113 0 3.74
2.00088e+113 0 3.75
4.00177e+113 0 3.76
8.00353e+113 0 3.77
1.60071e+114 0 3.78
3.20141e+114 0 3.79
6.40283e+114 0 3.8
1.28057e+115 0 3.81
2.56113e+115 0 3.82
5.12226e+115 0 3.83
1.02445e+116 0 3.84
2.0489e+116 0 3.85
4.09781e+116 0 3.86
8.19562e+116 0 3.87
1.63912e+117 0 3.88
3.27825e+117 0 3.89
6.55649e+117 0 3.9
1.3113e+118 0 3.91
2.6226e+118 0 3.92
5.2452e+118 0 3.93
1.04904e+119 0 3.94
2.09808e+119 0 3.95
4.19616e+119 0 3.96
8.39231e+119 0 3.97
1.67846e+120 0 3.98
3.35692e+120 0 3.99
6.71385e+120 0 4
1.34277e+121 0 4.01
2.68554e+121 0 4.02
5.37108e+121 0 4.03
1.07422e+122 0 4.04
2.14843e+122 0 4.05
4.29686e+122 0 4.06
8.59373e+122 0 4.07
1.71875e+123 0 4.08
3.43749e+123 0 4.09
6.87498e+123 0 4.1
1.375e+124 0 4.11
2.74999e+124 0 4.12
5.49999e+124 0 4.13
1.1e+125 0 4.14
2.19999e+125 0 4.15
4.39999e+125 0 4.16
8.79998e+125 0 4.17
1.76e+126 0 4.18
3.51999e+126 0 4.19
7.03998e+126 0 4.2
1.408e+127 0 4.21
2.81599e+127 0 4.22
5.63199e+127 0 4.23
1.1264e+128 0 4.24
2.25279e+128 0 4.25
4.50559e+128 0 4.26
9.01118e+128 0 4.27
1.80224e+129 0 4.28
3.60447e+129 0 4.29
7.20894e+129 0 4.3
1.44179e+130 0 4.31
2.88358e+130 0 4.32
5.76715e+130 0 4.33
1.15343e+131 0 4.34
2.30686e+131 0 4.35
4.61372e+131 0 4.36
9.22744e+131 0 4.37
1.84549e+132 0 4.38
3.69098e+132 0 4.39
7.38196e+132 0 4.4
1.47639e+133 0 4.41
2.95278e+133 0 4.42
5.90556e+133 0 4.43
1.18111e+134 0 4.44
2.36223e+134 0 4.45
4.72445e+134 0 4.46
9.4489e+134 0 4.47
1.88978e+135 0 4.48
3.77956e+135 0 4.49
7.55912e+135 0 4.5
1.51182e+136 0 4.51
3.02365e+136 0 4.52
6.0473e+136 0 4.53
1.20946e+137 0 4.54
2.41892e+137 0 4.55
4.83784e+137 0 4.56
9.67568e+137 0 4.57
1.93514e+138 0 4.58
3.87027e+138 0 4.59
7.74054e+138 0 4.6
1.54811e+139 0 4.61
3.09622e+139 0 4.62
6.19243e+139 0 4.63
1.23849e+140 0 4.64
2.47697e+140 0 4.65
4.95395e+140 0 4.66
9.90789e+140 0 4.67
1.98158e+141 0 4.68
3.96316e+141 0 4.69
7.92631e+141 0 4.7
1.58526e+142 0 4.71
3.17053e+142 0 4.72
6.34105e+142 0 4.73
1.26821e+143 0 4.74
2.53642e+143 0 4.75
5.07284e+143 0 4.76
1.01457e+144 0 4.77
2.02914e+144 0 4.78
4.05827e+144 0 4.79
8.11655e+144 0 4.8
1.62331e+145 0 4.81
3.24662e+145 0 4.82
6.49324e+145 0 4.83
1.29865e+146 0 4.84
2.59729e+146 0 4.85
5.19459e+146 0 4.86
1.03892e+147 0 4.87
2.07784e+147 0 4.88
4.15567e+147 0 4.89
8.31134e+147 0 4.9
1.66227e+148 0 4.91
3.32454e+148 0 4.92
6.64907e+148 0 4.93
1.32981e+149 0 4.94
2.65963e+149 0 4.95
5.31926e+149 0 4.96
1.06385e+150 0 4.97
2.1277e+150 0 4.98
4.25541e+150 0 4.99
8.51082e+150 0 5
1.70216e+151 0 5.01
3.40433e+151 0 5.02
6.80865e+151 0 5.03
1.36173e+152 0 5.04
2.72346e+152 0 5.05
5.44692e+152 0 5.06
1.08938e+153 0 5.07
2.17877e+153 0 5.08
4.35754e+153 0 5.09
8.71508e+153 0 5.1
1.74302e+154 0 5.11
3.48603e+154 0 5.12
6.97206e+154 0 5.13
1.39441e+155 0 5.14
2.78882e+155 0 5.15
5.57765e+155 0 5.16
1.11553e+156 0 5.17
2.23106e+156 0 5.18
4.46212e+156 0 5.19
8.92424e+156 0 5.2
1.78485e+157 0 5.21
3.56969e+157 0 5.22
7.13939e+157 0 5.23
1.42788e+158 0 5.24
2.85576e+158 0 5.25
5.71151e+158 0 5.26
1.1423e+159 0 5.27
2.2846e+159 0 5.28
4.56921e+159 0 5.29
9.13842e+159 0 5.3
1.82768e+160 0 5.31
3.65537e+160 0 5.32
7.31073e+160 0 5.33
1.46215e+161 0 5.34
2.92429e+161 0 5.35
5.84859e+161 0 5.36
1.16972e+162 0 5.37
2.33944e+162 0 5.38
4.67887e+162 0 5.39
9.35774e+162 0 5.4
1.87155e+163 0 5.41
3.7431e+163 0 5.42
7.48619e+163 0 5.43
1.49724e+164 0 5.44
2.99448e+164 0 5.45
5.98895e+164 0 5.46
1.19779e+165 0 5.47
2.39558e+165 0 5.48
4.79116e+165 0 5.49
9.58233e+165 0 5.5
1.91647e+166 0 5.51
3.83293e+166 0 5.52
7.66586e+166 0 5.53
1.53317e+167 0 5.54
3.06634e+167 0 5.55
6.13269e+167 0 5.56
1.22654e+168 0 5.57
2.45308e+168 0 5.58
4.90615e+168 0 5.59
9.8123e+168 0 5.6
1.96246e+169 0 5.61
3.92492e+169 0 5.62
7.84984e+169 0 5.63
1.56997e+170 0 5.64
3.13994e+170 0 5.65
6.27987e+170 0 5.66
1.25597e+171 0 5.67
2.51195e+171 0 5.68
5.0239e+171 0 5.69
1.00478e+172 0 5.7
2.00956e+172 0 5.71
4.01912e+172 0 5.72
8.03824e+172 0 5.73
1.60765e+173 0 5.74
3.2153e+173 0 5.75
6.43059e+173 0 5.76
1.28612e+174 0 5.77
2.57224e+174 0 5.78
5.14447e+174 0 5.79
1.02889e+175 0 5.8
2.05779e+175 0 5.81
4.11558e+175 0 5.82
8.23116e+175 0 5.83
1.64623e+176 0 5.84
3.29246e+176 0 5.85
6.58492e+176 0 5.86
1.31698e+177 0 5.87
2.63397e+177 0 5.88
5.26794e+177 0 5.89
1.05359e+178 0 5.9
2.10718e+178 0 5.91
4.21435e+178 0 5.92
8.4287e+178 0 5.93
1.68574e+179 0 5.94
3.37148e+179 0 5.95
6.74296e+179 0 5.96
1.34859e+180 0 5.97
2.69719e+180 0 5.98
5.39437e+180 0 5.99
1.07887e+181 0 6
2.15775e+181 0 6.01
4.3155e+181 0 6.02
8.63099e+181 0 6.03
1.7262e+182 0 6.04
3.4524e+182 0 6.05
6.90479e+182 0 6.06
1.38096e+183 0 6.07
2.76192e+183 0 6.08
5.52384e+183 0 6.09
1.10477e+184 0 6.1
2.20953e+184 0 6.11
4.41907e+184 0 6.12
8.83814e+184 0 6.13
1.76763e+185 0 6.14
3.53525e+185 0 6.15
7.07051e+185 0 6.16
1.4141e+186 0 6.17
2.8282e+186 0 6.18
5.65641e+186 0 6.19
1.13128e+187 0 6.2
2.26256e+187 0 6.21
4.52513e+187 0 6.22
9.05025e+187 0 6.23
1.81005e+188 0 6.24
3.6201e+188 0 6.25
7.2402e+188 0 6.26
1.44804e+189 0 6.27
2.89608e+189 0 6.28
5.79216e+189 0 6.29
1.15843e+190 0 6.3
2.31686e+190 0 6.31
4.63373e+190 0 6.32
9.26746e+190 0 6.33
1.85349e+191 0 6.34
3.70698e+191 0 6.35
7.41397e+191 0 6.36
1.48279e+192 0 6.37
2.96559e+192 0 6.38
5.93117e+192 0 6.39
1.18623e+193 0 6.4
2.37247e+193 0 6.41
4.74494e+193 0 6.42
9.48988e+193 0 6.43
1.89798e+194 0 6.44
3.79595e+194 0 6.45
7.5919e+194 0 6.46
1.51838e+195 0 6.47
3.03676e+195 0 6.48
6.07352e+195 0 6.49
1.2147e+196 0 6.5
2.42941e+196 0 6.51
4.85882e+196 0 6.52
9.71763e+196 0 6.53
1.94353e+197 0 6.54
3.88705e+197 0 6.55
7.77411e+197 0 6.56
1.55482e+198 0 6.57
3.10964e+198 0 6.58
6.21929e+198 0 6.59
1.24386e+199 0 6.6
2.48771e+199 0 6.61
4.97543e+199 0 6.62
9.95086e+199 0 6.63
1.99017e+200 0 6.64
3.98034e+200 0 6.65
7.96069e+200 0 6.66
1.59214e+201 0 6.67
3.18427e+201 0 6.68
6.36855e+201 0 6.69
1.27371e+202 0 6.7
2.54742e+202 0 6.71
5.09484e+202 0 6.72
1.01897e+203 0 6.73
2.03794e+203 0 6.74
4.07587e+203 0 6.75
8.15174e+203 0 6.76
1.63035e+204 0 6.77
3.2607e+204 0 6.78
6.52139e+204 0 6.79
1.30428e+205 0 6.8
2.60856e+205 0 6.81
5.21711e+205 0 6.82
1.04342e+206 0 6.83
2.08685e+206 0 6.84
4.17369e+206 0 6.85
8.34738e+206 0 6.86
1.66948e+207 0 6.87
3.33895e+207 0 6.88
6.67791e+207 0 6.89
1.33558e+208 0 6.9
2.67116e+208 0 6.91
5.34233e+208 0 6.92
1.06847e+209 0 6.93
2.13693e+209 0 6.94
4.27386e+209 0 6.95
8.54772e+209 0 6.96
1.70954e+210 0 6.97
3.41909e+210 0 6.98
6.83818e+210 0 6.99
1.36764e+211 0 7
2.73527e+211 0 7.01
5.47054e+211 0 7.02
1.09411e+212 0 7.03
2.18822e+212 0 7.04
4.37643e+212 0 7.05
8.75287e+212 0 7.06
1.75057e+213 0 7.07
3.50115e+213 0 7.08
7.00229e+213 0 7.09
1.40046e+214 0 7.1
2.80092e+214 0 7.11
5.60183e+214 0 7.12
1.12037e+215 0 7.13
2.24073e+215 0 7.14
4.48147e+215 0 7.15
8.96293e+215 0 7.16
1.79259e+216 0 7.17
3.58517e+216 0 7.18
7.17035e+216 0 7.19
1.43407e+217 0 7.2
2.86814e+217 0 7.21
5.73628e+217 0 7.22
1.14726e+218 0 7.23
2.29451e+218 0 7.24
4.58902e+218 0 7.25
9.17805e+218 0 7.26
1.83561e+219 0 7.27
3.67122e+219 0 7.28
7.34244e+219 0 7.29
1.46849e+220 0 7.3
2.93697e+220 0 7.31
5.87395e+220 0 7.32
1.17479e+221 0 7.33
2.34958e+221 0 7.34
4.69916e+221 0 7.35
9.39832e+221 0 7.36
1.87966e+222 0 7.37
3.75933e+222 0 7.38
7.51865e+222 0 7.39
1.50373e+223 0 7.4
3.00746e+223 0 7.41
6.01492e+223 0 7.42
1.20298e+224 0 7.43
2.40597e+224 0 7.44
4.81194e+224 0 7.45
9.62388e+224 0 7.46
1.92478e+225 0 7.47
3.84955e+225 0 7.48
7.6991e+225 0 7.49
1.53982e+226 0 7.5
3.07964e+226 0 7.51
6.15928e+226 0 7.52
1.23186e+227 0 7.53
2.46371e+227 0 7.54
4.92743e+227 0 7.55
9.85485e+227 0 7.56
1.97097e+228 0 7.57
3.94194e+228 0 7.58
7.88388e+228 0 7.59
1.57678e+229 0 7.6
3.15355e+229 0 7.61
6.3071e+229 0 7.62
1.26142e+230 0 7.63
2.52284e+230 0 7.64
5.04568e+230 0 7.65
1.00914e+231 0 7.66
2.01827e+231 0 7.67
4.03655e+231 0 7.68
8.07309e+231 0 7.69
1.61462e+232 0 7.7
3.22924e+232 0 7.71
6.45848e+232 0 7.72
1.2917e+233 0 7.73
2.58339e+233 0 7.74
5.16678e+233 0 7.75
1.03336e+234 0 7.76
2.06671e+234 0 7.77
4.13342e+234 0 7.78
8.26685e+234 0 7.79
1.65337e+235 0 7.8
3.30674e+235 0 7.81
6.61348e+235 0 7.82
1.3227e+236 0 7.83
2.64539e+236 0 7.84
5.29078e+236 0 7.85
1.05816e+237 0 7.86
2.11631e+237 0 7.87
4.23263e+237 0 7.88
8.46525e+237 0 7.89
1.69305e+238 0 7.9
3.3861e+238 0 7.91
6.7722e+238 0 7.92
1.35444e+239 0 7.93
2.70888e+239 0 7.94
5.41776e+239 0 7.95
1.08355e+240 0 7.96
2.1671e+240 0 7.97
4.33421e+240 0 7.98
8.66842e+240 0 7.99
1.73368e+241 0 8
3.46737e+241 0 8.01
6.93474e+241 0 8.02
1.38695e+242 0 8.03
2.77389e+242 0 8.04
5.54779e+242 0 8.05
1.10956e+243 0 8.06
2.21912e+243 0 8.07
4.43823e+243 0 8.08
8.87646e+243 0 8.09
1.77529e+244 0 8.1
3.55058e+244 0 8.11
7.10117e+244 0 8.12
1.42023e+245 0 8.13
2.84047e+245 0 8.14
5.68093e+245 0 8.15
1.13619e+246 0 8.16
2.27237e+246 0 8.17
4.54475e+246 0 8.18
9.0895e+246 0 8.19
1.8179e+247 0 8.2
3.6358e+247 0 8.21
7.2716e+247 0 8.22
1.45432e+248 0 8.23
2.90864e+248 0 8.24
5.81728e+248 0 8.25
1.16346e+249 0 8.26
2.32691e+249 0 8.27
4.65382e+249 0 8.28
9.30764e+249 0 8.29
1.86153e+250 0 8.3
3.72306e+250 0 8.31
7.44612e+250 0 8.32
1.48922e+251 0 8.33
2.97845e+251 0 8.34
5.95689e+251 0 8.35
1.19138e+252 0 8.36
2.38276e+252 0 8.37
4.76551e+252 0 8.38
9.53103e+252 0 8.39
1.90621e+253 0 8.4
3.81241e+253 0 8.41
7.62482e+253 0 8.42
1.52496e+254 0 8.43
3.04993e+254 0 8.44
6.09986e+254 0 8.45
1.21997e+255 0 8.46
2.43994e+255 0 8.47
4.87989e+255 0 8.48
9.75977e+255 0 8.49
1.95195e+256 0 8.5
3.90391e+256 0 8.51
7.80782e+256 0 8.52
1.56156e+257 0 8.53
3.12313e+257 0 8.54
6.24625e+257 0 8.55
1.24925e+258 0 8.56
2.4985e+258 0 8.57
4.997e+258 0 8.58
9.99401e+258 0 8.59
1.9988e+259 0 8.6
3.9976e+259 0 8.61
7.99521e+259 0 8.62
1.59904e+260 0 8.63
3.19808e+260 0 8.64
6.39616e+260 0 8.65
1.27923e+261 0 8.66
2.55847e+261 0 8.67
5.11693e+261 0 8.68
1.02339e+262 0 8.69
2.04677e+262 0 8.7
4.09355e+262 0 8.71
8.18709e+262 0 8.72
1.63742e+263 0 8.73
3.27484e+263 0 8.74
6.54967e+263 0 8.75
1.30993e+264 0 8.76
2.61987e+264 0 8.77
5.23974e+264 0 8.78
1.04795e+265 0 8.79
2.0959e+265 0 8.8
4.19179e+265 0 8.81
8.38358e+265 0 8.82
1.67672e+266 0 8.83
3.35343e+266 0 8.84
6.70686e+266 0 8.85
1.34137e+267 0 8.86
2.68275e+267 0 8.87
5.36549e+267 0 8.88
1.0731e+268 0 8.89
2.1462e+268 0 8.9
4.29239e+268 0 8.91
8.58479e+268 0 8.92
1.71696e+269 0 8.93
3.43391e+269 0 8.94
6.86783e+269 0 8.95
1.37357e+270 0 8.96
2.74713e+270 0 8.97
5.49426e+270 0 8.98
1.09885e+271 0 8.99
2.19771e+271 0 9
4.39541e+271 0 9.01
8.79082e+271 0 9.02
1.75816e+272 0 9.03
3.51633e+272 0 9.04
7.03266e+272 0 9.05
1.40653e+273 0 9.06
2.81306e+273 0 9.07
5.62613e+273 0 9.08
1.12523e+274 0 9.09
2.25045e+274 0 9.1
4.5009e+274 0 9.11
9.0018e+274 0 9.12
1.80036e+275 0 9.13
3.60072e+275 0 9.14
7.20144e+275 0 9.15
1.44029e+276 0 9.16
2.88058e+276 0 9.17
5.76115e+276 0 9.18
1.15223e+277 0 9.19
2.30446e+277 0 9.2
4.60892e+277 0 9.21
9.21784e+277 0 9.22
1.84357e+278 0 9.23
3.68714e+278 0 9.24
7.37428e+278 0 9.25
1.47486e+279 0 9.26
2.94971e+279 0 9.27
5.89942e+279 0 9.28
1.17988e+280 0 9.29
2.35977e+280 0 9.3
4.71954e+280 0 9.31
9.43907e+280 0 9.32
1.88781e+281 0 9.33
3.77563e+281 0 9.34
7.55126e+281 0 9.35
1.51025e+282 0 9.36
3.0205e+282 0 9.37
6.04101e+282 0 9.38
1.2082e+283 0 9.39
2.4164e+283 0 9.4
4.8328e+283 0 9.41
9.66561e+283 0 9.42
1.93312e+284 0 9.43
3.86624e+284 0 9.44
7.73249e+284 0 9.45
1.5465e+285 0 9.46
3.093e+285 0 9.47
6.18599e+285 0 9.48
1.2372e+286 0 9.49
2.4744e+286 0 9.5
4.94879e+286 0 9.51
9.89758e+286 0 9.52
1.97952e+287 0 9.53
3.95903e+287 0 9.54
7.91807e+287 0 9.55
1.58361e+288 0 9.56
3.16723e+288 0 9.57
6.33445e+288 0 9.58
1.26689e+289 0 9.59
2.53378e+289 0 9.6
5.06756e+289 0 9.61
1.01351e+290 0 9.62
2.02703e+290 0 9.63
4.05405e+290 0 9.64
8.1081e+290 0 9.65
1.62162e+291 0 9.66
3.24324e+291 0 9.67
6.48648e+291 0 9.68
1.2973e+292 0 9.69
2.59459e+292 0 9.7
5.18918e+292 0 9.71
1.03784e+293 0 9.72
2.07567e+293 0 9.73
4.15135e+293 0 9.74
8.3027e+293 0 9.75
1.66054e+294 0 9.76
3.32108e+294 0 9.77
6.64216e+294 0 9.78
1.32843e+295 0 9.79
2.65686e+295 0 9.8
5.31373e+295 0 9.81
1.06275e+296 0 9.82
2.12549e+296 0 9.83
4.25098e+296 0 9.84
8.50196e+296 0 9.85
1.70039e+297 0 9.86
3.40078e+297 0 9.87
6.80157e+297 0 9.88
1.36031e+298 0 9.89
2.72063e+298 0 9.9
5.44125e+298 0 9.91
1.08825e+299 0 9.92
2.1765e+299 0 9.93
4.353e+299 0 9.94
8.70601e+299 0 9.95
1.7412e+300 0 9.96
3.4824e+300 0 9.97
6.96481e+300 0 9.98
1.39296e+301 0 9.99
