-5.2 0 7.24731e+27 0
-5.19985 -0.0276338 7.24752e+27 0.01
-5.19956 -0.0552668 7.24772e+27 0.02
-5.19912 -0.0828983 7.24791e+27 0.03
-5.19854 -0.110527 7.2481e+27 0.04
-5.19781 -0.138153 7.24829e+27 0.05
-5.19694 -0.165776 7.24848e+27 0.06
-5.19591 -0.193393 7.24867e+27 0.07
-5.19475 -0.221005 7.24885e+27 0.08
-5.19343 -0.248611 7.24902e+27 0.09
-5.19198 -0.27621 7.2492e+27 0.1
-5.19037 -0.303801 7.24937e+27 0.11
-5.18862 -0.331384 7.24954e+27 0.12
-5.18673 -0.358957 7.24971e+27 0.13
-5.18468 -0.38652 7.24987e+27 0.14
-5.1825 -0.414072 7.25003e+27 0.15
-5.18016 -0.441613 7.25019e+27 0.16
-5.17769 -0.469141 7.25034e+27 0.17
-5.17506 -0.496656 7.25049e+27 0.18
-5.17229 -0.524157 7.25064e+27 0.19
-5.16938 -0.551644 7.25078e+27 0.2
-5.16632 -0.579115 7.25092e+27 0.21
-5.16312 -0.606569 7.25106e+27 0.22
-5.15977 -0.634007 7.2512e+27 0.23
-5.15627 -0.661427 7.25133e+27 0.24
-5.15263 -0.688828 7.25146e+27 0.25
-5.14885 -0.716209 7.25159e+27 0.26
-5.14492 -0.743571 7.25171e+27 0.27
-5.14085 -0.770912 7.25183e+27 0.28
-5.13663 -0.798231 7.25195e+27 0.29
-5.13227 -0.825528 7.25206e+27 0.3
-5.12777 -0.852801 7.25217e+27 0.31
-5.12312 -0.88005 7.25228e+27 0.32
-5.11832 -0.907275 7.25238e+27 0.33
-5.11339 -0.934474 7.25248e+27 0.34
-5.10831 -0.961647 7.25258e+27 0.35
-5.10308 -0.988793 7.25268e+27 0.36
-5.09771 -1.01591 7.25277e+27 0.37
-5.0922 -1.043 7.25286e+27 0.38
-5.08655 -1.07006 7.25294e+27 0.39
-5.08075 -1.09709 7.25303e+27 0.4
-5.07481 -1.12409 7.25311e+27 0.41
-5.06873 -1.15106 7.25318e+27 0.42
-5.06251 -1.17799 7.25326e+27 0.43
-5.05614 -1.2049 7.25333e+27 0.44
-5.04963 -1.23176 7.25339e+27 0.45
-5.04298 -1.2586 7.25346e+27 0.46
-5.03619 -1.2854 7.25352e+27 0.47
-5.02925 -1.31216 7.25357e+27 0.48
-5.02218 -1.33888 7.25363e+27 0.49
-5.01496 -1.36557 7.25368e+27 0.5
-5.0076 -1.39222 7.25373e+27 0.51
-5.00011 -1.41883 7.25377e+27 0.52
-4.99247 -1.4454 7.25381e+27 0.53
-4.98469 -1.47193 7.25385e+27 0.54
-4.97677 -1.49842 7.25389e+27 0.55
-4.96871 -1.52486 7.25392e+27 0.56
-4.96051 -1.55127 7.25395e+27 0.57
-4.95218 -1.57762 7.25398e+27 0.58
-4.9437 -1.60394 7.254e+27 0.59
-4.93508 -1.63021 7.25402e+27 0.6
-4.92633 -1.65643 7.25404e+27 0.61
-4.91744 -1.68261 7.25405e+27 0.62
-4.90841 -1.70874 7.25406e+27 0.63
-4.89924 -1.73482 7.25407e+27 0.64
-4.88993 -1.76086 7.25407e+27 0.65
-4.88049 -1.78684 7.25407e+27 0.66
-4.87091 -1.81277 7.25407e+27 0.67
-4.86119 -1.83866 7.25406e+27 0.68
-4.85134 -1.86449 7.25405e+27 0.69
-4.84134 -1.89026 7.25404e+27 0.7
-4.83122 -1.91599 7.25403e+27 0.71
-4.82096 -1.94166 7.25401e+27 0.72
-4.81056 -1.96728 7.25399e+27 0.73
-4.80002 -1.99284 7.25396e+27 0.74
-4.78936 -2.01834 7.25393e+27 0.75
-4.77855 -2.04379 7.2539e+27 0.76
-4.76762 -2.06918 7.25387e+27 0.77
-4.75655 -2.09452 7.25383e+27 0.78
-4.74534 -2.11979 7.25379e+27 0.79
-4.734 -2.14501 7.25375e+27 0.8
-4.72253 -2.17016 7.2537e+27 0.81
-4.71093 -2.19525 7.25365e+27 0.82
-4.6992 -2.22028 7.2536e+27 0.83
-4.68733 -2.24525 7.25354e+27 0.84
-4.67533 -2.27016 7.25348e+27 0.85
-4.6632 -2.295 7.25342e+27 0.86
-4.65094 -2.31978 7.25336e+27 0.87
-4.63854 -2.34449 7.25329e+27 0.88
-4.62602 -2.36914 7.25322e+27 0.89
-4.61337 -2.39372 7.25314e+27 0.9
-4.60059 -2.41823 7.25306e+27 0.91
-4.58767 -2.44267 7.25298e+27 0.92
-4.57463 -2.46705 7.2529e+27 0.93
-4.56147 -2.49135 7.25281e+27 0.94
-4.54817 -2.51559 7.25272e+27 0.95
-4.53474 -2.53975 7.25263e+27 0.96
-4.52119 -2.56385 7.25253e+27 0.97
-4.50751 -2.58787 7.25243e+27 0.98
-4.49371 -2.61182 7.25233e+27 0.99
-4.47978 -2.6357 7.25222e+27 1
-4.46572 -2.6595 7.25211e+27 1.01
-4.45154 -2.68322 7.252e+27 1.02
-4.43723 -2.70688 7.25188e+27 1.03
-4.4228 -2.73045 7.25177e+27 1.04
-4.40824 -2.75395 7.25164e+27 1.05
-4.39356 -2.77737 7.25152e+27 1.06
-4.37875 -2.80071 7.25139e+27 1.07
-4.36383 -2.82398 7.25126e+27 1.08
-4.34878 -2.84716 7.25113e+27 1.09
-4.33361 -2.87027 7.25099e+27 1.1
-4.31831 -2.89329 7.25085e+27 1.11
-4.3029 -2.91624 7.25071e+27 1.12
-4.28736 -2.9391 7.25056e+27 1.13
-4.27171 -2.96187 7.25041e+27 1.14
-4.25593 -2.98457 7.25026e+27 1.15
-4.24004 -3.00718 7.2501e+27 1.16
-4.22402 -3.02971 7.24995e+27 1.17
-4.20789 -3.05215 7.24979e+27 1.18
-4.19164 -3.07451 7.24962e+27 1.19
-4.17527 -3.09678 7.24945e+27 1.2
-4.15879 -3.11896 7.24928e+27 1.21
-4.14218 -3.14105 7.24911e+27 1.22
-4.12547 -3.16306 7.24893e+27 1.23
-4.10863 -3.18498 7.24876e+27 1.24
-4.09168 -3.20681 7.24857e+27 1.25
-4.07462 -3.22854 7.24839e+27 1.26
-4.05744 -3.25019 7.2482e+27 1.27
-4.04015 -3.27175 7.24801e+27 1.28
-4.02274 -3.29321 7.24781e+27 1.29
-4.00522 -3.31458 7.24762e+27 1.3
-3.98759 -3.33586 7.24742e+27 1.31
-3.96985 -3.35705 7.24721e+27 1.32
-3.952 -3.37814 7.24701e+27 1.33
-3.93403 -3.39914 7.2468e+27 1.34
-3.91596 -3.42004 7.24659e+27 1.35
-3.89777 -3.44084 7.24637e+27 1.36
-3.87948 -3.46155 7.24615e+27 1.37
-3.86107 -3.48216 7.24593e+27 1.38
-3.84256 -3.50267 7.24571e+27 1.39
-3.82394 -3.52309 7.24548e+27 1.4
-3.80522 -3.5434 7.24525e+27 1.41
-3.78638 -3.56362 7.24502e+27 1.42
-3.76744 -3.58373 7.24479e+27 1.43
-3.7484 -3.60375 7.24455e+27 1.44
-3.72925 -3.62366 7.24431e+27 1.45
-3.70999 -3.64348 7.24407e+27 1.46
-3.69063 -3.66319 7.24382e+27 1.47
-3.67117 -3.6828 7.24357e+27 1.48
-3.65161 -3.7023 7.24332e+27 1.49
-3.63194 -3.7217 7.24306e+27 1.5
-3.61217 -3.741 7.2428e+27 1.51
-3.5923 -3.76019 7.24254e+27 1.52
-3.57233 -3.77927 7.24228e+27 1.53
-3.55226 -3.79825 7.24201e+27 1.54
-3.53209 -3.81713 7.24175e+27 1.55
-3.51182 -3.83589 7.24147e+27 1.56
-3.49145 -3.85455 7.2412e+27 1.57
-3.47099 -3.8731 7.24092e+27 1.58
-3.45042 -3.89154 7.24064e+27 1.59
-3.42977 -3.90988 7.24036e+27 1.6
-3.40901 -3.9281 7.24007e+27 1.61
-3.38816 -3.94621 7.23979e+27 1.62
-3.36721 -3.96421 7.2395e+27 1.63
-3.34617 -3.9821 7.2392e+27 1.64
-3.32504 -3.99988 7.23891e+27 1.65
-3.30381 -4.01755 7.23861e+27 1.66
-3.28249 -4.03511 7.23831e+27 1.67
-3.26108 -4.05255 7.238e+27 1.68
-3.23958 -4.06988 7.23769e+27 1.69
-3.21799 -4.08709 7.23738e+27 1.7
-3.1963 -4.10419 7.23707e+27 1.71
-3.17453 -4.12117 7.23676e+27 1.72
-3.15267 -4.13804 7.23644e+27 1.73
-3.13072 -4.1548 7.23612e+27 1.74
-3.10868 -4.17143 7.2358e+27 1.75
-3.08656 -4.18795 7.23547e+27 1.76
-3.06435 -4.20435 7.23514e+27 1.77
-3.04205 -4.22064 7.23481e+27 1.78
-3.01967 -4.23681 7.23448e+27 1.79
-2.99721 -4.25285 7.23415e+27 1.8
-2.97466 -4.26878 7.23381e+27 1.81
-2.95202 -4.28459 7.23347e+27 1.82
-2.92931 -4.30028 7.23312e+27 1.83
-2.90651 -4.31585 7.23278e+27 1.84
-2.88363 -4.3313 7.23243e+27 1.85
-2.86067 -4.34662 7.23208e+27 1.86
-2.83763 -4.36183 7.23173e+27 1.87
-2.81452 -4.37691 7.23137e+27 1.88
-2.79132 -4.39187 7.23101e+27 1.89
-2.76804 -4.40671 7.23065e+27 1.9
-2.74469 -4.42142 7.23029e+27 1.91
-2.72126 -4.43601 7.22992e+27 1.92
-2.69776 -4.45048 7.22956e+27 1.93
-2.67418 -4.46482 7.22919e+27 1.94
-2.65052 -4.47904 7.22881e+27 1.95
-2.62679 -4.49313 7.22844e+27 1.96
-2.60299 -4.5071 7.22806e+27 1.97
-2.57912 -4.52094 7.22768e+27 1.98
-2.55517 -4.53465 7.2273e+27 1.99
-2.53115 -4.54824 7.22692e+27 2
-2.50706 -4.5617 7.22653e+27 2.01
-2.4829 -4.57503 7.22614e+27 2.02
-2.45868 -4.58823 7.22575e+27 2.03
-2.43438 -4.60131 7.22536e+27 2.04
-2.41002 -4.61426 7.22496e+27 2.05
-2.38558 -4.62708 7.22456e+27 2.06
-2.36108 -4.63977 7.22416e+27 2.07
-2.33652 -4.65232 7.22376e+27 2.08
-2.31189 -4.66475 7.22335e+27 2.09
-2.2872 -4.67705 7.22295e+27 2.1
-2.26244 -4.68922 7.22254e+27 2.11
-2.23762 -4.70126 7.22213e+27 2.12
-2.21274 -4.71317 7.22171e+27 2.13
-2.18779 -4.72494 7.2213e+27 2.14
-2.16278 -4.73658 7.22088e+27 2.15
-2.13772 -4.74809 7.22046e+27 2.16
-2.11259 -4.75947 7.22004e+27 2.17
-2.08741 -4.77071 7.21961e+27 2.18
-2.06217 -4.78183 7.21919e+27 2.19
-2.03687 -4.7928 7.21876e+27 2.2
-2.01151 -4.80365 7.21833e+27 2.21
-1.9861 -4.81436 7.2179e+27 2.22
-1.96063 -4.82494 7.21746e+27 2.23
-1.9351 -4.83538 7.21703e+27 2.24
-1.90953 -4.84568 7.21659e+27 2.25
-1.8839 -4.85585 7.21615e+27 2.26
-1.85822 -4.86589 7.2157e+27 2.27
-1.83248 -4.87579 7.21526e+27 2.28
-1.8067 -4.88555 7.21481e+27 2.29
-1.78086 -4.89518 7.21437e+27 2.3
-1.75498 -4.90467 7.21391e+27 2.31
-1.72904 -4.91403 7.21346e+27 2.32
-1.70306 -4.92325 7.21301e+27 2.33
-1.67703 -4.93233 7.21255e+27 2.34
-1.65096 -4.94127 7.21209e+27 2.35
-1.62483 -4.95007 7.21163e+27 2.36
-1.59867 -4.95874 7.21117e+27 2.37
-1.57246 -4.96727 7.21071e+27 2.38
-1.5462 -4.97566 7.21024e+27 2.39
-1.5199 -4.98391 7.20978e+27 2.4
-1.49356 -4.99202 7.20931e+27 2.41
-1.46718 -5 7.20884e+27 2.42
-1.44076 -5.00783 7.20836e+27 2.43
-1.4143 -5.01553 7.20789e+27 2.44
-1.3878 -5.02308 7.20741e+27 2.45
-1.36126 -5.0305 7.20694e+27 2.46
-1.33468 -5.03778 7.20646e+27 2.47
-1.30806 -5.04491 7.20598e+27 2.48
-1.28141 -5.05191 7.20549e+27 2.49
-1.25472 -5.05876 7.20501e+27 2.5
-1.228 -5.06547 7.20452e+27 2.51
-1.20125 -5.07205 7.20403e+27 2.52
-1.17446 -5.07848 7.20354e+27 2.53
-1.14764 -5.08477 7.20305e+27 2.54
-1.12078 -5.09092 7.20256e+27 2.55
-1.0939 -5.09692 7.20207e+27 2.56
-1.06698 -5.10279 7.20157e+27 2.57
-1.04004 -5.10851 7.20107e+27 2.58
-1.01307 -5.11409 7.20057e+27 2.59
-0.986066 -5.11953 7.20007e+27 2.6
-0.959037 -5.12483 7.19957e+27 2.61
-0.931982 -5.12998 7.19907e+27 2.62
-0.904901 -5.135 7.19856e+27 2.63
-0.877796 -5.13987 7.19806e+27 2.64
-0.850665 -5.14459 7.19755e+27 2.65
-0.823512 -5.14918 7.19704e+27 2.66
-0.796335 -5.15362 7.19653e+27 2.67
-0.769137 -5.15791 7.19602e+27 2.68
-0.741917 -5.16207 7.1955e+27 2.69
-0.714677 -5.16608 7.19499e+27 2.7
-0.687417 -5.16994 7.19447e+27 2.71
-0.660138 -5.17367 7.19396e+27 2.72
-0.632841 -5.17725 7.19344e+27 2.73
-0.605526 -5.18068 7.19292e+27 2.74
-0.578195 -5.18398 7.19239e+27 2.75
-0.550848 -5.18712 7.19187e+27 2.76
-0.523485 -5.19013 7.19135e+27 2.77
-0.496108 -5.19299 7.19082e+27 2.78
-0.468718 -5.19571 7.1903e+27 2.79
-0.441314 -5.19828 7.18977e+27 2.8
-0.413899 -5.20071 7.18924e+27 2.81
-0.386472 -5.20299 7.18871e+27 2.82
-0.359034 -5.20513 7.18818e+27 2.83
-0.331587 -5.20712 7.18764e+27 2.84
-0.304131 -5.20897 7.18711e+27 2.85
-0.276666 -5.21068 7.18658e+27 2.86
-0.249193 -5.21224 7.18604e+27 2.87
-0.221714 -5.21366 7.1855e+27 2.88
-0.194229 -5.21493 7.18497e+27 2.89
-0.166738 -5.21606 7.18443e+27 2.9
-0.139243 -5.21705 7.18389e+27 2.91
-0.111745 -5.21789 7.18334e+27 2.92
-0.084243 -5.21858 7.1828e+27 2.93
-0.056739 -5.21913 7.18226e+27 2.94
-0.0292335 -5.21954 7.18171e+27 2.95
-0.00172734 -5.2198 7.18117e+27 2.96
0.0257788 -5.21991 7.18062e+27 2.97
0.0532841 -5.21989 7.18008e+27 2.98
0.0807878 -5.21971 7.17953e+27 2.99
0.108289 -5.2194 7.17898e+27 3
0.135787 -5.21893 7.17843e+27 3.01
0.163282 -5.21833 7.17788e+27 3.02
0.190772 -5.21758 7.17733e+27 3.03
0.218256 -5.21668 7.17678e+27 3.04
0.245734 -5.21565 7.17622e+27 3.05
0.273206 -5.21446 7.17567e+27 3.06
0.30067 -5.21314 7.17511e+27 3.07
0.328125 -5.21166 7.17456e+27 3.08
0.355571 -5.21005 7.174e+27 3.09
0.383007 -5.20829 7.17344e+27 3.1
0.410433 -5.20639 7.17289e+27 3.11
0.437847 -5.20434 7.17233e+27 3.12
0.465249 -5.20215 7.17177e+27 3.13
0.492638 -5.19981 7.17121e+27 3.14
0.520013 -5.19733 7.17065e+27 3.15
0.547374 -5.19471 7.17009e+27 3.16
0.574719 -5.19194 7.16952e+27 3.17
0.602049 -5.18904 7.16896e+27 3.18
0.629362 -5.18598 7.1684e+27 3.19
0.656657 -5.18279 7.16783e+27 3.2
0.683935 -5.17945 7.16727e+27 3.21
0.711193 -5.17597 7.16671e+27 3.22
0.738431 -5.17234 7.16614e+27 3.23
0.765649 -5.16857 7.16557e+27 3.24
0.792846 -5.16466 7.16501e+27 3.25
0.820021 -5.16061 7.16444e+27 3.26
0.847173 -5.15642 7.16387e+27 3.27
0.874302 -5.15208 7.1633e+27 3.28
0.901406 -5.1476 7.16274e+27 3.29
0.928486 -5.14298 7.16217e+27 3.3
0.955539 -5.13822 7.1616e+27 3.31
0.982567 -5.13331 7.16103e+27 3.32
1.00957 -5.12826 7.16046e+27 3.33
1.03654 -5.12308 7.15989e+27 3.34
1.06348 -5.11775 7.15932e+27 3.35
1.0904 -5.11228 7.15874e+27 3.36
1.11728 -5.10667 7.15817e+27 3.37
1.14413 -5.10092 7.1576e+27 3.38
1.17096 -5.09502 7.15703e+27 3.39
1.19775 -5.08899 7.15646e+27 3.4
1.2245 -5.08282 7.15588e+27 3.41
1.25122 -5.07651 7.15531e+27 3.42
1.27791 -5.07005 7.15474e+27 3.43
1.30456 -5.06346 7.15416e+27 3.44
1.33118 -5.05673 7.15359e+27 3.45
1.35776 -5.04986 7.15301e+27 3.46
1.3843 -5.04285 7.15244e+27 3.47
1.41081 -5.0357 7.15186e+27 3.48
1.43727 -5.02842 7.15129e+27 3.49
1.4637 -5.02099 7.15071e+27 3.5
1.49008 -5.01343 7.15014e+27 3.51
1.51643 -5.00573 7.14956e+27 3.52
1.54273 -4.99789 7.14899e+27 3.53
1.56899 -4.98991 7.14841e+27 3.54
1.59521 -4.9818 7.14784e+27 3.55
1.62138 -4.97355 7.14726e+27 3.56
1.64751 -4.96516 7.14668e+27 3.57
1.67359 -4.95664 7.14611e+27 3.58
1.69963 -4.94798 7.14553e+27 3.59
1.72562 -4.93918 7.14495e+27 3.6
1.75156 -4.93025 7.14438e+27 3.61
1.77745 -4.92118 7.1438e+27 3.62
1.8033 -4.91198 7.14323e+27 3.63
1.82909 -4.90264 7.14265e+27 3.64
1.85484 -4.89317 7.14207e+27 3.65
1.88053 -4.88357 7.14149e+27 3.66
1.90618 -4.87383 7.14092e+27 3.67
1.93177 -4.86395 7.14034e+27 3.68
1.9573 -4.85395 7.13976e+27 3.69
1.98279 -4.8438 7.13919e+27 3.7
2.00822 -4.83353 7.13861e+27 3.71
2.03359 -4.82313 7.13803e+27 3.72
2.05891 -4.81259 7.13746e+27 3.73
2.08417 -4.80192 7.13688e+27 3.74
2.10937 -4.79111 7.1363e+27 3.75
2.13452 -4.78018 7.13573e+27 3.76
2.15961 -4.76912 7.13515e+27 3.77
2.18464 -4.75792 7.13457e+27 3.78
2.2096 -4.7466 7.134e+27 3.79
2.23451 -4.73514 7.13342e+27 3.8
2.25936 -4.72356 7.13284e+27 3.81
2.28414 -4.71184 7.13227e+27 3.82
2.30886 -4.7 7.13169e+27 3.83
2.33352 -4.68802 7.13111e+27 3.84
2.35812 -4.67592 7.13054e+27 3.85
2.38265 -4.66369 7.12996e+27 3.86
2.40711 -4.65134 7.12938e+27 3.87
2.43151 -4.63885 7.12881e+27 3.88
2.45584 -4.62624 7.12823e+27 3.89
2.48011 -4.6135 7.12766e+27 3.9
2.5043 -4.60064 7.12708e+27 3.91
2.52843 -4.58765 7.1265e+27 3.92
2.55249 -4.57453 7.12593e+27 3.93
2.57648 -4.56129 7.12535e+27 3.94
2.6004 -4.54793 7.12478e+27 3.95
2.62424 -4.53444 7.1242e+27 3.96
2.64802 -4.52082 7.12363e+27 3.97
2.67172 -4.50709 7.12305e+27 3.98
2.69535 -4.49323 7.12247e+27 3.99
2.71891 -4.47924 7.1219e+27 4
2.74239 -4.46514 7.12132e+27 4.01
2.76579 -4.45091 7.12075e+27 4.02
2.78912 -4.43656 7.12017e+27 4.03
2.81238 -4.42209 7.1196e+27 4.04
2.83556 -4.4075 7.11902e+27 4.05
2.85866 -4.39278 7.11845e+27 4.06
2.88168 -4.37795 7.11787e+27 4.07
2.90462 -4.363 7.1173e+27 4.08
2.92748 -4.34793 7.11673e+27 4.09
2.95027 -4.33274 7.11615e+27 4.1
2.97297 -4.31743 7.11558e+27 4.11
2.99559 -4.30201 7.115e+27 4.12
3.01813 -4.28646 7.11443e+27 4.13
3.04059 -4.2708 7.11385e+27 4.14
3.06296 -4.25503 7.11328e+27 4.15
3.08525 -4.23913 7.11271e+27 4.16
3.10746 -4.22313 7.11213e+27 4.17
3.12958 -4.207 7.11156e+27 4.18
3.15162 -4.19076 7.11099e+27 4.19
3.17357 -4.17441 7.11041e+27 4.2
3.19543 -4.15795 7.10984e+27 4.21
3.21721 -4.14137 7.10927e+27 4.22
3.2389 -4.12467 7.1087e+27 4.23
3.2605 -4.10787 7.10812e+27 4.24
3.28201 -4.09095 7.10755e+27 4.25
3.30343 -4.07392 7.10698e+27 4.26
3.32476 -4.05678 7.10641e+27 4.27
3.346 -4.03953 7.10584e+27 4.28
3.36715 -4.02217 7.10527e+27 4.29
3.38821 -4.00471 7.1047e+27 4.3
3.40917 -3.98713 7.10413e+27 4.31
3.43004 -3.96944 7.10356e+27 4.32
3.45082 -3.95164 7.10299e+27 4.33
3.47151 -3.93374 7.10242e+27 4.34
3.4921 -3.91573 7.10185e+27 4.35
3.51259 -3.89762 7.10129e+27 4.36
3.53299 -3.87939 7.10072e+27 4.37
3.55329 -3.86107 7.10015e+27 4.38
3.5735 -3.84263 7.09959e+27 4.39
3.59361 -3.8241 7.09902e+27 4.4
3.61362 -3.80545 7.09846e+27 4.41
3.63353 -3.78671 7.09789e+27 4.42
3.65335 -3.76786 7.09733e+27 4.43
3.67306 -3.74891 7.09676e+27 4.44
3.69268 -3.72986 7.0962e+27 4.45
3.71219 -3.71071 7.09564e+27 4.46
3.7316 -3.69145 7.09508e+27 4.47
3.75091 -3.6721 7.09452e+27 4.48
3.77012 -3.65264 7.09396e+27 4.49
3.78923 -3.63309 7.0934e+27 4.5
3.80823 -3.61343 7.09285e+27 4.51
3.82713 -3.59368 7.09229e+27 4.52
3.84593 -3.57384 7.09173e+27 4.53
3.86462 -3.55389 7.09118e+27 4.54
3.8832 -3.53385 7.09062e+27 4.55
3.90168 -3.51371 7.09007e+27 4.56
3.92006 -3.49348 7.08952e+27 4.57
3.93833 -3.47315 7.08897e+27 4.58
3.95649 -3.45273 7.08842e+27 4.59
3.97454 -3.43221 7.08787e+27 4.6
3.99249 -3.4116 7.08733e+27 4.61
4.01032 -3.3909 7.08678e+27 4.62
4.02805 -3.37011 7.08624e+27 4.63
4.04567 -3.34922 7.08569e+27 4.64
4.06318 -3.32825 7.08515e+27 4.65
4.08058 -3.30718 7.08461e+27 4.66
4.09786 -3.28602 7.08407e+27 4.67
4.11504 -3.26478 7.08353e+27 4.68
4.1321 -3.24344 7.083e+27 4.69
4.14906 -3.22202 7.08246e+27 4.7
4.1659 -3.20051 7.08193e+27 4.71
4.18262 -3.17892 7.08139e+27 4.72
4.19923 -3.15724 7.08086e+27 4.73
4.21573 -3.13547 7.08033e+27 4.74
4.23212 -3.11362 7.07981e+27 4.75
4.24839 -3.09168 7.07928e+27 4.76
4.26454 -3.06966 7.07875e+27 4.77
4.28058 -3.04756 7.07823e+27 4.78
4.2965 -3.02537 7.07771e+27 4.79
4.31231 -3.0031 7.07719e+27 4.8
4.328 -2.98075 7.07667e+27 4.81
4.34357 -2.95832 7.07616e+27 4.82
4.35903 -2.93581 7.07564e+27 4.83
4.37436 -2.91322 7.07513e+27 4.84
4.38958 -2.89056 7.07462e+27 4.85
4.40468 -2.86781 7.07411e+27 4.86
4.41966 -2.84498 7.0736e+27 4.87
4.43452 -2.82208 7.07309e+27 4.88
4.44926 -2.79911 7.07259e+27 4.89
4.46388 -2.77605 7.07209e+27 4.9
4.47837 -2.75292 7.07159e+27 4.91
4.49275 -2.72972 7.07109e+27 4.92
4.507 -2.70644 7.07059e+27 4.93
4.52114 -2.68309 7.0701e+27 4.94
4.53515 -2.65967 7.06961e+27 4.95
4.54904 -2.63618 7.06912e+27 4.96
4.5628 -2.61261 7.06863e+27 4.97
4.57644 -2.58898 7.06814e+27 4.98
4.58996 -2.56527 7.06766e+27 4.99
4.60335 -2.54149 7.06718e+27 5
4.61662 -2.51765 7.0667e+27 5.01
4.62976 -2.49374 7.06622e+27 5.02
4.64278 -2.46976 7.06574e+27 5.03
4.65567 -2.44571 7.06527e+27 5.04
4.66844 -2.4216 7.0648e+27 5.05
4.68108 -2.39742 7.06433e+27 5.06
4.69359 -2.37318 7.06386e+27 5.07
4.70598 -2.34887 7.06339e+27 5.08
4.71824 -2.3245 7.06293e+27 5.09
4.73037 -2.30007 7.06247e+27 5.1
4.74238 -2.27557 7.06201e+27 5.11
4.75425 -2.25102 7.06155e+27 5.12
4.766 -2.2264 7.0611e+27 5.13
4.77762 -2.20172 7.06065e+27 5.14
4.78911 -2.17699 7.0602e+27 5.15
4.80047 -2.15219 7.05975e+27 5.16
4.8117 -2.12734 7.05931e+27 5.17
4.8228 -2.10243 7.05886e+27 5.18
4.83377 -2.07746 7.05842e+27 5.19
4.84461 -2.05244 7.05798e+27 5.2
4.85532 -2.02736 7.05755e+27 5.21
4.86589 -2.00222 7.05712e+27 5.22
4.87634 -1.97703 7.05668e+27 5.23
4.88665 -1.95179 7.05626e+27 5.24
4.89684 -1.9265 7.05583e+27 5.25
4.90689 -1.90115 7.05541e+27 5.26
4.9168 -1.87576 7.05498e+27 5.27
4.92659 -1.85031 7.05457e+27 5.28
4.93624 -1.82481 7.05415e+27 5.29
4.94576 -1.79927 7.05374e+27 5.3
4.95514 -1.77367 7.05332e+27 5.31
4.9644 -1.74803 7.05291e+27 5.32
4.97351 -1.72234 7.05251e+27 5.33
4.9825 -1.6966 7.0521e+27 5.34
4.99135 -1.67082 7.0517e+27 5.35
5.00006 -1.64499 7.0513e+27 5.36
5.00864 -1.61912 7.05091e+27 5.37
5.01708 -1.59321 7.05051e+27 5.38
5.02539 -1.56725 7.05012e+27 5.39
5.03357 -1.54125 7.04973e+27 5.4
5.0416 -1.51521 7.04935e+27 5.41
5.04951 -1.48913 7.04896e+27 5.42
5.05727 -1.463 7.04858e+27 5.43
5.0649 -1.43684 7.0482e+27 5.44
5.07239 -1.41064 7.04783e+27 5.45
5.07975 -1.3844 7.04745e+27 5.46
5.08697 -1.35813 7.04708e+27 5.47
5.09405 -1.33181 7.04672e+27 5.48
5.101 -1.30547 7.04635e+27 5.49
5.1078 -1.27908 7.04599e+27 5.5
5.11447 -1.25267 7.04563e+27 5.51
5.121 -1.22621 7.04527e+27 5.52
5.1274 -1.19973 7.04492e+27 5.53
5.13365 -1.17321 7.04456e+27 5.54
5.13977 -1.14666 7.04422e+27 5.55
5.14575 -1.12009 7.04387e+27 5.56
5.15159 -1.09348 7.04353e+27 5.57
5.15729 -1.06684 7.04318e+27 5.58
5.16286 -1.04017 7.04285e+27 5.59
5.16828 -1.01348 7.04251e+27 5.6
5.17356 -0.986754 7.04218e+27 5.61
5.17871 -0.960005 7.04185e+27 5.62
5.18371 -0.93323 7.04152e+27 5.63
5.18858 -0.90643 7.0412e+27 5.64
5.19331 -0.879606 7.04087e+27 5.65
5.19789 -0.852758 7.04056e+27 5.66
5.20234 -0.825888 7.04024e+27 5.67
5.20665 -0.798995 7.03993e+27 5.68
5.21081 -0.77208 7.03962e+27 5.69
5.21484 -0.745145 7.03931e+27 5.7
5.21873 -0.71819 7.039e+27 5.71
5.22247 -0.691216 7.0387e+27 5.72
5.22608 -0.664223 7.0384e+27 5.73
5.22954 -0.637212 7.03811e+27 5.74
5.23287 -0.610185 7.03781e+27 5.75
5.23605 -0.58314 7.03752e+27 5.76
5.23909 -0.55608 7.03723e+27 5.77
5.24199 -0.529006 7.03695e+27 5.78
5.24475 -0.501917 7.03667e+27 5.79
5.24737 -0.474814 7.03639e+27 5.8
5.24985 -0.447699 7.03611e+27 5.81
5.25219 -0.420572 7.03584e+27 5.82
5.25438 -0.393434 7.03557e+27 5.83
5.25644 -0.366285 7.0353e+27 5.84
5.25835 -0.339126 7.03504e+27 5.85
5.26012 -0.311958 7.03478e+27 5.86
5.26175 -0.284782 7.03452e+27 5.87
5.26324 -0.257598 7.03426e+27 5.88
5.26459 -0.230407 7.03401e+27 5.89
5.2658 -0.20321 7.03376e+27 5.9
5.26686 -0.176008 7.03351e+27 5.91
5.26778 -0.148801 7.03327e+27 5.92
5.26856 -0.12159 7.03303e+27 5.93
5.2692 -0.0943757 7.03279e+27 5.94
5.2697 -0.0671589 7.03256e+27 5.95
5.27006 -0.0399404 7.03232e+27 5.96
5.27027 -0.0127209 7.0321e+27 5.97
5.27035 0.014499 7.03187e+27 5.98
5.27028 0.0417184 7.03165e+27 5.99
5.27007 0.0689367 7.03143e+27 6
5.26971 0.0961531 7.03121e+27 6.01
5.26922 0.123367 7.031e+27 6.02
5.26859 0.150577 7.03079e+27 6.03
5.26781 0.177784 7.03058e+27 6.04
5.26689 0.204985 7.03037e+27 6.05
5.26583 0.232181 7.03017e+27 6.06
5.26463 0.259371 7.02997e+27 6.07
5.26329 0.286554 7.02978e+27 6.08
5.26181 0.313729 7.02959e+27 6.09
5.26018 0.340896 7.0294e+27 6.1
5.25841 0.368053 7.02921e+27 6.11
5.25651 0.395201 7.02903e+27 6.12
5.25446 0.422337 7.02885e+27 6.13
5.25227 0.449463 7.02867e+27 6.14
5.24994 0.476576 7.02849e+27 6.15
5.24746 0.503677 7.02832e+27 6.16
5.24485 0.530764 7.02816e+27 6.17
5.2421 0.557837 7.02799e+27 6.18
5.2392 0.584895 7.02783e+27 6.19
5.23617 0.611937 7.02767e+27 6.2
5.23299 0.638962 7.02752e+27 6.21
5.22968 0.665971 7.02736e+27 6.22
5.22622 0.692961 7.02721e+27 6.23
5.22262 0.719933 7.02707e+27 6.24
5.21889 0.746886 7.02692e+27 6.25
5.21501 0.773818 7.02678e+27 6.26
5.21099 0.80073 7.02665e+27 6.27
5.20684 0.82762 7.02651e+27 6.28
5.20254 0.854488 7.02638e+27 6.29
5.1981 0.881333 7.02626e+27 6.3
5.19353 0.908154 7.02613e+27 6.31
5.18881 0.934951 7.02601e+27 6.32
5.18396 0.961723 7.02589e+27 6.33
5.17896 0.988469 7.02578e+27 6.34
5.17383 1.01519 7.02567e+27 6.35
5.16856 1.04188 7.02556e+27 6.36
5.16315 1.06854 7.02545e+27 6.37
5.1576 1.09518 7.02535e+27 6.38
5.15191 1.12179 7.02525e+27 6.39
5.14609 1.14836 7.02515e+27 6.4
5.14012 1.17491 7.02506e+27 6.41
5.13402 1.20142 7.02497e+27 6.42
5.12778 1.2279 7.02489e+27 6.43
5.1214 1.25435 7.0248e+27 6.44
5.11489 1.28076 7.02472e+27 6.45
5.10824 1.30715 7.02464e+27 6.46
5.10145 1.33349 7.02457e+27 6.47
5.09452 1.3598 7.0245e+27 6.48
5.08746 1.38607 7.02443e+27 6.49
5.08026 1.41231 7.02437e+27 6.5
5.07293 1.43851 7.02431e+27 6.51
5.06546 1.46467 7.02425e+27 6.52
5.05785 1.49079 7.02419e+27 6.53
5.05011 1.51687 7.02414e+27 6.54
5.04223 1.5429 7.02409e+27 6.55
5.03421 1.5689 7.02405e+27 6.56
5.02606 1.59486 7.02401e+27 6.57
5.01778 1.62077 7.02397e+27 6.58
5.00936 1.64664 7.02393e+27 6.59
5.00081 1.67246 7.0239e+27 6.6
4.99212 1.69824 7.02387e+27 6.61
4.9833 1.72398 7.02384e+27 6.62
4.97435 1.74967 7.02382e+27 6.63
4.96526 1.77531 7.0238e+27 6.64
4.95604 1.8009 7.02378e+27 6.65
4.94668 1.82645 7.02377e+27 6.66
4.9372 1.85195 7.02376e+27 6.67
4.92758 1.87739 7.02375e+27 6.68
4.91783 1.90279 7.02375e+27 6.69
4.90794 1.92813 7.02375e+27 6.7
4.89793 1.95343 7.02375e+27 6.71
4.88778 1.97867 7.02375e+27 6.72
4.8775 2.00386 7.02376e+27 6.73
4.86709 2.02899 7.02378e+27 6.74
4.85655 2.05407 7.02379e+27 6.75
4.84588 2.0791 7.02381e+27 6.76
4.83509 2.10406 7.02383e+27 6.77
4.82416 2.12898 7.02385e+27 6.78
4.8131 2.15383 7.02388e+27 6.79
4.80191 2.17863 7.02391e+27 6.8
4.79059 2.20337 7.02395e+27 6.81
4.77915 2.22805 7.02399e+27 6.82
4.76757 2.25267 7.02403e+27 6.83
4.75587 2.27723 7.02407e+27 6.84
4.74404 2.30173 7.02412e+27 6.85
4.73209 2.32616 7.02417e+27 6.86
4.72 2.35054 7.02422e+27 6.87
4.70779 2.37485 7.02428e+27 6.88
4.69546 2.3991 7.02433e+27 6.89
4.68299 2.42328 7.0244e+27 6.9
4.67041 2.4474 7.02446e+27 6.91
4.65769 2.47145 7.02453e+27 6.92
4.64485 2.49544 7.0246e+27 6.93
4.63189 2.51936 7.02468e+27 6.94
4.6188 2.54321 7.02476e+27 6.95
4.60559 2.56699 7.02484e+27 6.96
4.59226 2.5907 7.02492e+27 6.97
4.5788 2.61435 7.02501e+27 6.98
4.56522 2.63792 7.0251e+27 6.99
4.55151 2.66143 7.0252e+27 7
4.53769 2.68486 7.02529e+27 7.01
4.52374 2.70822 7.02539e+27 7.02
4.50967 2.73151 7.0255e+27 7.03
4.49548 2.75472 7.0256e+27 7.04
4.48117 2.77786 7.02571e+27 7.05
4.46674 2.80093 7.02583e+27 7.06
4.45219 2.82392 7.02594e+27 7.07
4.43752 2.84683 7.02606e+27 7.08
4.42273 2.86967 7.02618e+27 7.09
4.40782 2.89243 7.02631e+27 7.1
4.39279 2.91512 7.02644e+27 7.11
4.37765 2.93772 7.02657e+27 7.12
4.36239 2.96025 7.0267e+27 7.13
4.34701 2.9827 7.02684e+27 7.14
4.33151 3.00506 7.02698e+27 7.15
4.3159 3.02735 7.02713e+27 7.16
4.30017 3.04956 7.02727e+27 7.17
4.28432 3.07168 7.02742e+27 7.18
4.26837 3.09372 7.02758e+27 7.19
4.25229 3.11568 7.02773e+27 7.2
4.2361 3.13755 7.02789e+27 7.21
4.2198 3.15934 7.02806e+27 7.22
4.20339 3.18104 7.02822e+27 7.23
4.18686 3.20266 7.02839e+27 7.24
4.17022 3.2242 7.02856e+27 7.25
4.15347 3.24564 7.02874e+27 7.26
4.1366 3.267 7.02891e+27 7.27
4.11963 3.28828 7.02909e+27 7.28
4.10254 3.30946 7.02928e+27 7.29
4.08535 3.33055 7.02946e+27 7.3
4.06804 3.35156 7.02965e+27 7.31
4.05063 3.37247 7.02985e+27 7.32
4.0331 3.3933 7.03004e+27 7.33
4.01547 3.41403 7.03024e+27 7.34
3.99773 3.43467 7.03044e+27 7.35
3.97988 3.45522 7.03065e+27 7.36
3.96193 3.47568 7.03086e+27 7.37
3.94387 3.49604 7.03107e+27 7.38
3.9257 3.51631 7.03128e+27 7.39
3.90743 3.53648 7.0315e+27 7.4
3.88905 3.55656 7.03172e+27 7.41
3.87057 3.57655 7.03194e+27 7.42
3.85198 3.59643 7.03216e+27 7.43
3.83329 3.61622 7.03239e+27 7.44
3.8145 3.63592 7.03262e+27 7.45
3.79561 3.65551 7.03286e+27 7.46
3.77661 3.67501 7.0331e+27 7.47
3.75751 3.69441 7.03334e+27 7.48
3.73831 3.71371 7.03358e+27 7.49
3.71901 3.73291 7.03383e+27 7.5
3.69961 3.75201 7.03407e+27 7.51
3.68011 3.77101 7.03433e+27 7.52
3.66051 3.7899 7.03458e+27 7.53
3.64081 3.8087 7.03484e+27 7.54
3.62102 3.82739 7.0351e+27 7.55
3.60113 3.84598 7.03536e+27 7.56
3.58114 3.86447 7.03563e+27 7.57
3.56105 3.88285 7.0359e+27 7.58
3.54087 3.90113 7.03617e+27 7.59
3.52059 3.9193 7.03645e+27 7.6
3.50022 3.93737 7.03672e+27 7.61
3.47975 3.95533 7.037e+27 7.62
3.45919 3.97318 7.03729e+27 7.63
3.43854 3.99093 7.03757e+27 7.64
3.4178 4.00857 7.03786e+27 7.65
3.39696 4.02611 7.03816e+27 7.66
3.37603 4.04353 7.03845e+27 7.67
3.35501 4.06085 7.03875e+27 7.68
3.3339 4.07805 7.03905e+27 7.69
3.3127 4.09515 7.03935e+27 7.7
3.29141 4.11214 7.03966e+27 7.71
3.27004 4.12901 7.03997e+27 7.72
3.24857 4.14577 7.04028e+27 7.73
3.22702 4.16243 7.04059e+27 7.74
3.20538 4.17897 7.04091e+27 7.75
3.18365 4.1954 7.04123e+27 7.76
3.16184 4.21171 7.04155e+27 7.77
3.13994 4.22791 7.04187e+27 7.78
3.11796 4.244 7.0422e+27 7.79
3.09589 4.25997 7.04253e+27 7.8
3.07374 4.27583 7.04287e+27 7.81
3.05151 4.29158 7.0432e+27 7.82
3.0292 4.3072 7.04354e+27 7.83
3.0068 4.32272 7.04388e+27 7.84
2.98432 4.33811 7.04422e+27 7.85
2.96177 4.35339 7.04457e+27 7.86
2.93913 4.36855 7.04492e+27 7.87
2.91641 4.38359 7.04527e+27 7.88
2.89362 4.39852 7.04563e+27 7.89
2.87075 4.41332 7.04598e+27 7.9
2.84779 4.42801 7.04634e+27 7.91
2.82477 4.44258 7.0467e+27 7.92
2.80166 4.45703 7.04707e+27 7.93
2.77848 4.47136 7.04744e+27 7.94
2.75523 4.48556 7.04781e+27 7.95
2.7319 4.49965 7.04818e+27 7.96
2.7085 4.51362 7.04855e+27 7.97
2.68503 4.52746 7.04893e+27 7.98
2.66148 4.54118 7.04931e+27 7.99
2.63786 4.55478 7.04969e+27 8
2.61417 4.56826 7.05008e+27 8.01
2.59041 4.58161 7.05047e+27 8.02
2.56658 4.59484 7.05086e+27 8.03
2.54268 4.60794 7.05125e+27 8.04
2.51871 4.62092 7.05164e+27 8.05
2.49467 4.63378 7.05204e+27 8.06
2.47056 4.64651 7.05244e+27 8.07
2.44639 4.65912 7.05284e+27 8.08
2.42216 4.67159 7.05325e+27 8.09
2.39785 4.68395 7.05365e+27 8.1
2.37349 4.69618 7.05406e+27 8.11
2.34906 4.70828 7.05447e+27 8.12
2.32456 4.72025 7.05489e+27 8.13
2.3 4.73209 7.05531e+27 8.14
2.27538 4.74381 7.05572e+27 8.15
2.2507 4.7554 7.05615e+27 8.16
2.22596 4.76686 7.05657e+27 8.17
2.20116 4.77819 7.057e+27 8.18
2.1763 4.7894 7.05742e+27 8.19
2.15137 4.80047 7.05785e+27 8.2
2.1264 4.81142 7.05829e+27 8.21
2.10136 4.82223 7.05872e+27 8.22
2.07627 4.83291 7.05916e+27 8.23
2.05112 4.84347 7.0596e+27 8.24
2.02591 4.85389 7.06004e+27 8.25
2.00065 4.86418 7.06049e+27 8.26
1.97534 4.87434 7.06093e+27 8.27
1.94997 4.88436 7.06138e+27 8.28
1.92455 4.89426 7.06183e+27 8.29
1.89908 4.90402 7.06228e+27 8.3
1.87356 4.91365 7.06274e+27 8.31
1.84798 4.92315 7.0632e+27 8.32
1.82236 4.93251 7.06366e+27 8.33
1.79669 4.94174 7.06412e+27 8.34
1.77096 4.95084 7.06458e+27 8.35
1.74519 4.9598 7.06505e+27 8.36
1.71938 4.96863 7.06552e+27 8.37
1.69351 4.97733 7.06599e+27 8.38
1.6676 4.98589 7.06646e+27 8.39
1.64165 4.99431 7.06693e+27 8.4
1.61565 5.0026 7.06741e+27 8.41
1.58961 5.01075 7.06789e+27 8.42
1.56352 5.01877 7.06837e+27 8.43
1.53739 5.02665 7.06885e+27 8.44
1.51122 5.0344 7.06934e+27 8.45
1.48501 5.04201 7.06982e+27 8.46
1.45876 5.04948 7.07031e+27 8.47
1.43247 5.05682 7.0708e+27 8.48
1.40614 5.06402 7.07129e+27 8.49
1.37977 5.07108 7.07179e+27 8.5
1.35337 5.078 7.07228e+27 8.51
1.32692 5.08479 7.07278e+27 8.52
1.30045 5.09144 7.07328e+27 8.53
1.27393 5.09795 7.07378e+27 8.54
1.24738 5.10432 7.07429e+27 8.55
1.2208 5.11055 7.07479e+27 8.56
1.19419 5.11665 7.0753e+27 8.57
1.16754 5.12261 7.07581e+27 8.58
1.14086 5.12842 7.07632e+27 8.59
1.11415 5.1341 7.07684e+27 8.6
1.08741 5.13964 7.07735e+27 8.61
1.06064 5.14504 7.07787e+27 8.62
1.03384 5.1503 7.07839e+27 8.63
1.00702 5.15542 7.07891e+27 8.64
0.980163 5.1604 7.07943e+27 8.65
0.953282 5.16524 7.07995e+27 8.66
0.926376 5.16994 7.08048e+27 8.67
0.899444 5.1745 7.081e+27 8.68
0.872488 5.17892 7.08153e+27 8.69
0.845508 5.1832 7.08206e+27 8.7
0.818505 5.18734 7.0826e+27 8.71
0.79148 5.19133 7.08313e+27 8.72
0.764434 5.19519 7.08366e+27 8.73
0.737366 5.1989 7.0842e+27 8.74
0.710279 5.20248 7.08474e+27 8.75
0.683172 5.20591 7.08528e+27 8.76
0.656047 5.2092 7.08582e+27 8.77
0.628904 5.21235 7.08637e+27 8.78
0.601743 5.21535 7.08691e+27 8.79
0.574567 5.21822 7.08746e+27 8.8
0.547374 5.22094 7.08801e+27 8.81
0.520167 5.22352 7.08856e+27 8.82
0.492946 5.22596 7.08911e+27 8.83
0.465711 5.22826 7.08966e+27 8.84
0.438463 5.23041 7.09021e+27 8.85
0.411204 5.23243 7.09077e+27 8.86
0.383933 5.2343 7.09133e+27 8.87
0.356652 5.23602 7.09188e+27 8.88
0.329361 5.23761 7.09244e+27 8.89
0.302061 5.23905 7.09301e+27 8.9
0.274752 5.24035 7.09357e+27 8.91
0.247437 5.24151 7.09413e+27 8.92
0.220114 5.24252 7.0947e+27 8.93
0.192786 5.2434 7.09526e+27 8.94
0.165452 5.24412 7.09583e+27 8.95
0.138114 5.24471 7.0964e+27 8.96
0.110772 5.24515 7.09697e+27 8.97
0.0834266 5.24545 7.09754e+27 8.98
0.0560792 5.24561 7.09812e+27 8.99
0.0287302 5.24563 7.09869e+27 9
0.00138038 5.2455 7.09927e+27 9.01
-0.0259695 5.24523 7.09984e+27 9.02
-0.0533186 5.24481 7.10042e+27 9.03
-0.0806664 5.24425 7.101e+27 9.04
-0.108012 5.24355 7.10158e+27 9.05
-0.135355 5.24271 7.10216e+27 9.06
-0.162694 5.24172 7.10275e+27 9.07
-0.190028 5.24059 7.10333e+27 9.08
-0.217358 5.23932 7.10392e+27 9.09
-0.244681 5.2379 7.1045e+27 9.1
-0.271998 5.23635 7.10509e+27 9.11
-0.299308 5.23464 7.10568e+27 9.12
-0.326609 5.2328 7.10627e+27 9.13
-0.353901 5.23081 7.10686e+27 9.14
-0.381184 5.22868 7.10745e+27 9.15
-0.408457 5.22641 7.10804e+27 9.16
-0.435718 5.22399 7.10863e+27 9.17
-0.462967 5.22144 7.10923e+27 9.18
-0.490204 5.21874 7.10982e+27 9.19
-0.517428 5.21589 7.11042e+27 9.2
-0.544637 5.21291 7.11102e+27 9.21
-0.571832 5.20978 7.11161e+27 9.22
-0.59901 5.20651 7.11221e+27 9.23
-0.626173 5.20309 7.11281e+27 9.24
-0.653319 5.19954 7.11341e+27 9.25
-0.680446 5.19584 7.11401e+27 9.26
-0.707555 5.192 7.11462e+27 9.27
-0.734645 5.18802 7.11522e+27 9.28
-0.761715 5.1839 7.11582e+27 9.29
-0.788764 5.17963 7.11643e+27 9.3
-0.815791 5.17522 7.11703e+27 9.31
-0.842796 5.17068 7.11764e+27 9.32
-0.869778 5.16599 7.11825e+27 9.33
-0.896737 5.16116 7.11885e+27 9.34
-0.92367 5.15618 7.11946e+27 9.35
-0.950579 5.15107 7.12007e+27 9.36
-0.977461 5.14581 7.12068e+27 9.37
-1.00432 5.14042 7.12129e+27 9.38
-1.03115 5.13488 7.1219e+27 9.39
-1.05795 5.12921 7.12251e+27 9.4
-1.08472 5.12339 7.12312e+27 9.41
-1.11146 5.11743 7.12374e+27 9.42
-1.13817 5.11133 7.12435e+27 9.43
-1.16485 5.10509 7.12496e+27 9.44
-1.1915 5.09872 7.12558e+27 9.45
-1.21811 5.0922 7.12619e+27 9.46
-1.2447 5.08554 7.12681e+27 9.47
-1.27124 5.07874 7.12742e+27 9.48
-1.29776 5.07181 7.12804e+27 9.49
-1.32423 5.06473 7.12866e+27 9.5
-1.35068 5.05752 7.12928e+27 9.51
-1.37708 5.05017 7.12989e+27 9.52
-1.40345 5.04267 7.13051e+27 9.53
-1.42977 5.03504 7.13113e+27 9.54
-1.45606 5.02728 7.13175e+27 9.55
-1.48231 5.01937 7.13237e+27 9.56
-1.50852 5.01133 7.13299e+27 9.57
-1.53469 5.00315 7.13361e+27 9.58
-1.56081 4.99483 7.13423e+27 9.59
-1.5869 4.98637 7.13485e+27 9.6
-1.61293 4.97778 7.13547e+27 9.61
-1.63893 4.96905 7.13609e+27 9.62
-1.66488 4.96019 7.13671e+27 9.63
-1.69078 4.95118 7.13733e+27 9.64
-1.71664 4.94205 7.13795e+27 9.65
-1.74245 4.93277 7.13857e+27 9.66
-1.76821 4.92336 7.1392e+27 9.67
-1.79393 4.91382 7.13982e+27 9.68
-1.81959 4.90414 7.14044e+27 9.69
-1.8452 4.89432 7.14106e+27 9.7
-1.87077 4.88437 7.14168e+27 9.71
-1.89628 4.87429 7.14231e+27 9.72
-1.92174 4.86407 7.14293e+27 9.73
-1.94715 4.85372 7.14355e+27 9.74
-1.9725 4.84324 7.14417e+27 9.75
-1.9978 4.83262 7.1448e+27 9.76
-2.02305 4.82187 7.14542e+27 9.77
-2.04824 4.81098 7.14604e+27 9.78
-2.07337 4.79997 7.14666e+27 9.79
-2.09845 4.78882 7.14729e+27 9.8
-2.12346 4.77754 7.14791e+27 9.81
-2.14842 4.76613 7.14853e+27 9.82
-2.17332 4.75459 7.14915e+27 9.83
-2.19817 4.74291 7.14978e+27 9.84
-2.22295 4.73111 7.1504e+27 9.85
-2.24767 4.71917 7.15102e+27 9.86
-2.27232 4.70711 7.15164e+27 9.87
-2.29692 4.69491 7.15226e+27 9.88
-2.32145 4.68259 7.15288e+27 9.89
-2.34592 4.67014 7.15351e+27 9.9
-2.37032 4.65755 7.15413e+27 9.91
-2.39466 4.64484 7.15475e+27 9.92
-2.41893 4.63201 7.15537e+27 9.93
-2.44313 4.61904 7.15599e+27 9.94
-2.46727 4.60595 7.15661e+27 9.95
-2.49134 4.59273 7.15723e+27 9.96
-2.51534 4.57938 7.15784e+27 9.97
-2.53927 4.56591 7.15846e+27 9.98
-2.56314 4.55231 0 9.99
