0 1.52 8.2922e+24 0
0.0508376 1.51829 8.30154e+24 0.01
0.101618 1.51487 8.31099e+24 0.02
0.152283 1.50974 8.32053e+24 0.03
0.202777 1.5029 8.33015e+24 0.04
0.25304 1.49437 8.33984e+24 0.05
0.303016 1.48413 8.3496e+24 0.06
0.352648 1.47221 8.3594e+24 0.07
0.401878 1.45861 8.36925e+24 0.08
0.45065 1.44335 8.37913e+24 0.09
0.498907 1.42644 8.38902e+24 0.1
0.546593 1.4079 8.39892e+24 0.11
0.593652 1.38775 8.40882e+24 0.12
0.640029 1.366 8.4187e+24 0.13
0.685669 1.34267 8.42855e+24 0.14
0.730519 1.3178 8.43836e+24 0.15
0.774525 1.29141 8.44812e+24 0.16
0.817636 1.26353 8.45782e+24 0.17
0.859799 1.23418 8.46744e+24 0.18
0.900964 1.20339 8.47698e+24 0.19
0.941081 1.17121 8.48642e+24 0.2
0.980102 1.13767 8.49575e+24 0.21
1.01798 1.1028 8.50497e+24 0.22
1.05467 1.06664 8.51404e+24 0.23
1.09012 1.02923 8.52298e+24 0.24
1.1243 0.990612 8.53176e+24 0.25
1.15715 0.950834 8.54038e+24 0.26
1.18865 0.909938 8.54882e+24 0.27
1.21875 0.86797 8.55707e+24 0.28
1.2474 0.824979 8.56513e+24 0.29
1.27459 0.781014 8.57298e+24 0.3
1.30027 0.736125 8.5806e+24 0.31
1.32441 0.690365 8.58801e+24 0.32
1.34697 0.643787 8.59517e+24 0.33
1.36794 0.596444 8.60208e+24 0.34
1.38729 0.548392 8.60874e+24 0.35
1.40498 0.499688 8.61514e+24 0.36
1.421 0.450389 8.62126e+24 0.37
1.43533 0.400553 8.6271e+24 0.38
1.44794 0.350239 8.63264e+24 0.39
1.45882 0.299506 8.6379e+24 0.4
1.46796 0.248415 8.64284e+24 0.41
1.47534 0.197027 8.64748e+24 0.42
1.48095 0.145403 8.6518e+24 0.43
1.48479 0.0936046 8.65579e+24 0.44
1.48685 0.041694 8.65946e+24 0.45
1.48712 -0.0102666 8.6628e+24 0.46
1.48561 -0.062215 8.6658e+24 0.47
1.48231 -0.114089 8.66845e+24 0.48
1.47723 -0.165825 8.67076e+24 0.49
1.47037 -0.217362 8.67273e+24 0.5
1.46175 -0.268638 8.67434e+24 0.51
1.45137 -0.319591 8.6756e+24 0.52
1.43924 -0.370159 8.67651e+24 0.53
1.42538 -0.420282 8.67706e+24 0.54
1.4098 -0.469899 8.67725e+24 0.55
1.39253 -0.518951 8.67709e+24 0.56
1.37358 -0.567378 8.67657e+24 0.57
1.35298 -0.615123 8.67569e+24 0.58
1.33075 -0.662128 8.67446e+24 0.59
1.30692 -0.708337 8.67288e+24 0.6
1.28152 -0.753695 8.67094e+24 0.61
1.25458 -0.798147 8.66866e+24 0.62
1.22613 -0.841641 8.66603e+24 0.63
1.19621 -0.884124 8.66306e+24 0.64
1.16485 -0.925546 8.65975e+24 0.65
1.1321 -0.965859 8.6561e+24 0.66
1.09799 -1.00501 8.65213e+24 0.67
1.06256 -1.04297 8.64783e+24 0.68
1.02587 -1.07967 8.64322e+24 0.69
0.987945 -1.11509 8.6383e+24 0.7
0.948842 -1.14917 8.63307e+24 0.71
0.908606 -1.18188 8.62755e+24 0.72
0.867286 -1.21318 8.62173e+24 0.73
0.824934 -1.24304 8.61563e+24 0.74
0.7816 -1.27142 8.60926e+24 0.75
0.737337 -1.29829 8.60263e+24 0.76
0.692199 -1.32363 8.59573e+24 0.77
0.64624 -1.34739 8.58859e+24 0.78
0.599516 -1.36955 8.58122e+24 0.79
0.552082 -1.3901 8.57361e+24 0.8
0.503997 -1.40901 8.56579e+24 0.81
0.455317 -1.42626 8.55775e+24 0.82
0.4061 -1.44183 8.54952e+24 0.83
0.356406 -1.45571 8.5411e+24 0.84
0.306293 -1.46787 8.53251e+24 0.85
0.25582 -1.47832 8.52375e+24 0.86
0.205048 -1.48704 8.51483e+24 0.87
0.154035 -1.49402 8.50578e+24 0.88
0.102843 -1.49926 8.49658e+24 0.89
0.0515294 -1.50276 8.48727e+24 0.9
0.00015548 -1.50451 8.47785e+24 0.91
-0.0512193 -1.50452 8.46833e+24 0.92
-0.102536 -1.50278 8.45872e+24 0.93
-0.153734 -1.4993 8.44903e+24 0.94
-0.204756 -1.4941 8.43928e+24 0.95
-0.255543 -1.48717 8.42947e+24 0.96
-0.306036 -1.47854 8.41963e+24 0.97
-0.35618 -1.46821 8.40975e+24 0.98
-0.405916 -1.45619 8.39985e+24 0.99
-0.455188 -1.44251 8.38994e+24 1
-0.503942 -1.42718 8.38003e+24 1.01
-0.552122 -1.41023 8.37014e+24 1.02
-0.599674 -1.39167 8.36027e+24 1.03
-0.646547 -1.37153 8.35044e+24 1.04
-0.692687 -1.34984 8.34065e+24 1.05
-0.738045 -1.32661 8.33091e+24 1.06
-0.782569 -1.30189 8.32124e+24 1.07
-0.826212 -1.2757 8.31165e+24 1.08
-0.868925 -1.24808 8.30214e+24 1.09
-0.910662 -1.21905 8.29272e+24 1.1
-0.951379 -1.18865 8.28342e+24 1.11
-0.99103 -1.15693 8.27422e+24 1.12
-1.02957 -1.12391 8.26515e+24 1.13
-1.06697 -1.08963 8.25621e+24 1.14
-1.10318 -1.05414 8.24742e+24 1.15
-1.13816 -1.01748 8.23877e+24 1.16
-1.17187 -0.97968 8.23028e+24 1.17
-1.20429 -0.940799 8.22197e+24 1.18
-1.23537 -0.900874 8.21382e+24 1.19
-1.26509 -0.859953 8.20586e+24 1.2
-1.2934 -0.818083 8.1981e+24 1.21
-1.3203 -0.775309 8.19053e+24 1.22
-1.34574 -0.731681 8.18317e+24 1.23
-1.36969 -0.687249 8.17603e+24 1.24
-1.39215 -0.642061 8.16911e+24 1.25
-1.41307 -0.596168 8.16241e+24 1.26
-1.43245 -0.549622 8.15596e+24 1.27
-1.45026 -0.502474 8.14974e+24 1.28
-1.46648 -0.454777 8.14378e+24 1.29
-1.4811 -0.406583 8.13807e+24 1.3
-1.49411 -0.357945 8.13262e+24 1.31
-1.50548 -0.308917 8.12744e+24 1.32
-1.51522 -0.259553 8.12253e+24 1.33
-1.5233 -0.209906 8.1179e+24 1.34
-1.52973 -0.160032 8.11355e+24 1.35
-1.5345 -0.109984 8.10949e+24 1.36
-1.53759 -0.0598163 8.10572e+24 1.37
-1.53902 -0.00958458 8.10224e+24 1.38
-1.53878 0.0406571 8.09906e+24 1.39
-1.53687 0.0908541 8.09619e+24 1.4
-1.5333 0.140952 8.09361e+24 1.41
-1.52806 0.190897 8.09135e+24 1.42
-1.52117 0.240634 8.08939e+24 1.43
-1.51263 0.29011 8.08775e+24 1.44
-1.50246 0.33927 8.08642e+24 1.45
-1.49066 0.388063 8.08541e+24 1.46
-1.47724 0.436436 8.08471e+24 1.47
-1.46223 0.484334 8.08433e+24 1.48
-1.44564 0.531708 8.08427e+24 1.49
-1.42748 0.578506 8.08452e+24 1.5
-1.40777 0.624676 8.08509e+24 1.51
-1.38655 0.670169 8.08599e+24 1.52
-1.36382 0.714935 8.08719e+24 1.53
-1.33961 0.758925 8.08872e+24 1.54
-1.31396 0.802093 8.09056e+24 1.55
-1.28688 0.844389 8.09271e+24 1.56
-1.2584 0.885769 8.09517e+24 1.57
-1.22856 0.926186 8.09794e+24 1.58
-1.19739 0.965597 8.10102e+24 1.59
-1.16492 1.00396 8.1044e+24 1.6
-1.13118 1.04122 8.10808e+24 1.61
-1.09622 1.07736 8.11206e+24 1.62
-1.06006 1.11232 8.11634e+24 1.63
-1.02274 1.14606 8.1209e+24 1.64
-0.984315 1.17856 8.12575e+24 1.65
-0.944814 1.20977 8.13088e+24 1.66
-0.904282 1.23965 8.13629e+24 1.67
-0.862762 1.26818 8.14196e+24 1.68
-0.820299 1.29531 8.14791e+24 1.69
-0.776938 1.32103 8.15411e+24 1.7
-0.732725 1.34529 8.16057e+24 1.71
-0.68771 1.36807 8.16727e+24 1.72
-0.641939 1.38935 8.17422e+24 1.73
-0.595462 1.4091 8.1814e+24 1.74
-0.548331 1.42729 8.18881e+24 1.75
-0.500595 1.4439 8.19644e+24 1.76
-0.452308 1.45891 8.20428e+24 1.77
-0.403521 1.47231 8.21233e+24 1.78
-0.354288 1.48407 8.22058e+24 1.79
-0.304664 1.49418 8.22901e+24 1.8
-0.254703 1.50262 8.23763e+24 1.81
-0.204459 1.50939 8.24641e+24 1.82
-0.15399 1.51448 8.25536e+24 1.83
-0.103351 1.51786 8.26446e+24 1.84
-0.0525978 1.51955 8.27371e+24 1.85
-0.00178798 1.51953 8.28308e+24 1.86
0.0490216 1.5178 8.29259e+24 1.87
0.0997736 1.51437 8.3022e+24 1.88
0.150411 1.50922 8.31192e+24 1.89
0.200876 1.50237 8.32173e+24 1.9
0.251111 1.49381 8.33162e+24 1.91
0.301059 1.48356 8.34158e+24 1.92
0.350663 1.47163 8.35161e+24 1.93
0.399865 1.45802 8.36168e+24 1.94
0.448609 1.44274 8.37179e+24 1.95
0.496839 1.42582 8.38193e+24 1.96
0.544497 1.40726 8.39208e+24 1.97
0.591529 1.3871 8.40223e+24 1.98
0.637879 1.36533 8.41238e+24 1.99
0.683493 1.342 8.42251e+24 2
0.728317 1.31712 8.4326e+24 2.01
0.772298 1.29072 8.44265e+24 2.02
0.815384 1.26282 8.45264e+24 2.03
0.857522 1.23346 8.46257e+24 2.04
0.898663 1.20267 8.47242e+24 2.05
0.938756 1.17048 8.48217e+24 2.06
0.977754 1.13693 8.49182e+24 2.07
1.01561 1.10205 8.50136e+24 2.08
1.05228 1.06588 8.51077e+24 2.09
1.08771 1.02846 8.52004e+24 2.1
1.12186 0.98984 8.52916e+24 2.11
1.1547 0.950054 8.53812e+24 2.12
1.18618 0.90915 8.54691e+24 2.13
1.21625 0.867175 8.55551e+24 2.14
1.24489 0.824176 8.56392e+24 2.15
1.27206 0.780203 8.57212e+24 2.16
1.29772 0.735306 8.58011e+24 2.17
1.32184 0.689538 8.58787e+24 2.18
1.3444 0.642951 8.59539e+24 2.19
1.36535 0.5956 8.60267e+24 2.2
1.38468 0.547539 8.60969e+24 2.21
1.40236 0.498826 8.61644e+24 2.22
1.41836 0.449517 8.62292e+24 2.23
1.43268 0.39967 8.62912e+24 2.24
1.44528 0.349346 8.63503e+24 2.25
1.45615 0.298602 8.64063e+24 2.26
1.46527 0.2475 8.64594e+24 2.27
1.47264 0.196099 8.65092e+24 2.28
1.47824 0.144463 8.65559e+24 2.29
1.48207 0.0926512 8.65993e+24 2.3
1.48412 0.0407267 8.66393e+24 2.31
1.48438 -0.0112483 8.6676e+24 2.32
1.48286 -0.0632117 8.67092e+24 2.33
1.47955 -0.115101 8.6739e+24 2.34
1.47446 -0.166854 8.67652e+24 2.35
1.4676 -0.218408 8.67879e+24 2.36
1.45896 -0.269702 8.6807e+24 2.37
1.44857 -0.320673 8.68225e+24 2.38
1.43643 -0.37126 8.68343e+24 2.39
1.42256 -0.421402 8.68425e+24 2.4
1.40697 -0.47104 8.6847e+24 2.41
1.38969 -0.520112 8.68479e+24 2.42
1.37073 -0.568561 8.68451e+24 2.43
1.35012 -0.616328 8.68386e+24 2.44
1.32788 -0.663356 8.68284e+24 2.45
1.30404 -0.709588 8.68146e+24 2.46
1.27863 -0.754969 8.67972e+24 2.47
1.25167 -0.799445 8.67762e+24 2.48
1.22321 -0.842963 8.67516e+24 2.49
1.19328 -0.885471 8.67234e+24 2.5
1.16191 -0.926919 8.66917e+24 2.51
1.12914 -0.967257 8.66566e+24 2.52
1.09502 -1.00644 8.66181e+24 2.53
1.05958 -1.04442 8.65762e+24 2.54
1.02286 -1.08115 8.6531e+24 2.55
0.984923 -1.11659 8.64825e+24 2.56
0.945803 -1.1507 8.64309e+24 2.57
0.905549 -1.18344 8.63761e+24 2.58
0.864212 -1.21477 8.63183e+24 2.59
0.82184 -1.24465 8.62575e+24 2.6
0.778487 -1.27306 8.61939e+24 2.61
0.734204 -1.29995 8.61274e+24 2.62
0.689046 -1.32531 8.60583e+24 2.63
0.643066 -1.3491 8.59865e+24 2.64
0.59632 -1.37129 8.59121e+24 2.65
0.548865 -1.39186 8.58354e+24 2.66
0.500758 -1.4108 8.57562e+24 2.67
0.452055 -1.42807 8.56749e+24 2.68
0.402816 -1.44366 8.55914e+24 2.69
0.353098 -1.45756 8.55058e+24 2.7
0.302962 -1.46975 8.54183e+24 2.71
0.252465 -1.48022 8.5329e+24 2.72
0.201669 -1.48896 8.5238e+24 2.73
0.150633 -1.49597 8.51453e+24 2.74
0.0994163 -1.50123 8.50511e+24 2.75
0.0480793 -1.50475 8.49556e+24 2.76
-0.00331819 -1.50652 8.48587e+24 2.77
-0.0547165 -1.50654 8.47607e+24 2.78
-0.106056 -1.50482 8.46616e+24 2.79
-0.157277 -1.50137 8.45616e+24 2.8
-0.208322 -1.49618 8.44608e+24 2.81
-0.259131 -1.48927 8.43593e+24 2.82
-0.309646 -1.48066 8.42572e+24 2.83
-0.359811 -1.47034 8.41546e+24 2.84
-0.409567 -1.45834 8.40517e+24 2.85
-0.45886 -1.44468 8.39487e+24 2.86
-0.507633 -1.42937 8.38455e+24 2.87
-0.555832 -1.41243 8.37423e+24 2.88
-0.603402 -1.39388 8.36393e+24 2.89
-0.650292 -1.37376 8.35366e+24 2.9
-0.696449 -1.35208 8.34343e+24 2.91
-0.741822 -1.32887 8.33325e+24 2.92
-0.786361 -1.30417 8.32313e+24 2.93
-0.830017 -1.27799 8.31308e+24 2.94
-0.872743 -1.25038 8.30313e+24 2.95
-0.914493 -1.22137 8.29326e+24 2.96
-0.95522 -1.19099 8.28351e+24 2.97
-0.994882 -1.15927 8.27387e+24 2.98
-1.03343 -1.12627 8.26437e+24 2.99
-1.07084 -1.092 8.255e+24 3
-1.10705 -1.05653 8.24579e+24 3.01
-1.14204 -1.01988 8.23673e+24 3.02
-1.17576 -0.982098 8.22784e+24 3.03
-1.20818 -0.943231 8.21913e+24 3.04
-1.23927 -0.903322 8.21061e+24 3.05
-1.26898 -0.862417 8.20229e+24 3.06
-1.29731 -0.820562 8.19417e+24 3.07
-1.3242 -0.777805 8.18627e+24 3.08
-1.34964 -0.734194 8.17858e+24 3.09
-1.3736 -0.689778 8.17113e+24 3.1
-1.39605 -0.644608 8.16391e+24 3.11
-1.41697 -0.598733 8.15694e+24 3.12
-1.43635 -0.552205 8.15022e+24 3.13
-1.45415 -0.505076 8.14376e+24 3.14
-1.47037 -0.457397 8.13755e+24 3.15
-1.48499 -0.409223 8.13162e+24 3.16
-1.49799 -0.360605 8.12597e+24 3.17
-1.50936 -0.311598 8.1206e+24 3.18
-1.51909 -0.262254 8.11551e+24 3.19
-1.52716 -0.212629 8.11071e+24 3.2
-1.53359 -0.162777 8.10621e+24 3.21
-1.53834 -0.112751 8.10201e+24 3.22
-1.54144 -0.0626072 8.09811e+24 3.23
-1.54286 -0.0123992 8.09452e+24 3.24
-1.54261 0.0378181 8.09124e+24 3.25
-1.54069 0.0879903 8.08828e+24 3.26
-1.53711 0.138063 8.08563e+24 3.27
-1.53187 0.187981 8.0833e+24 3.28
-1.52497 0.237692 8.08129e+24 3.29
-1.51642 0.287141 8.0796e+24 3.3
-1.50624 0.336274 8.07824e+24 3.31
-1.49443 0.385039 8.0772e+24 3.32
-1.48101 0.433382 8.07649e+24 3.33
-1.46598 0.481252 8.07611e+24 3.34
-1.44938 0.528596 8.07606e+24 3.35
-1.43122 0.575363 8.07633e+24 3.36
-1.4115 0.621502 8.07693e+24 3.37
-1.39027 0.666964 8.07785e+24 3.38
-1.36753 0.711698 8.07911e+24 3.39
-1.34332 0.755657 8.08069e+24 3.4
-1.31766 0.798791 8.08259e+24 3.41
-1.29057 0.841055 8.08481e+24 3.42
-1.26209 0.882401 8.08735e+24 3.43
-1.23225 0.922784 8.09021e+24 3.44
-1.20107 0.962161 8.09339e+24 3.45
-1.1686 1.00049 8.09687e+24 3.46
-1.13485 1.03772 8.10067e+24 3.47
-1.09988 1.07382 8.10477e+24 3.48
-1.06372 1.10874 8.10917e+24 3.49
-1.0264 1.14245 8.11387e+24 3.5
-0.987974 1.17491 8.11887e+24 3.51
-0.948471 1.20608 8.12415e+24 3.52
-0.907938 1.23593 8.12971e+24 3.53
-0.866418 1.26442 8.13555e+24 3.54
-0.823954 1.29152 8.14167e+24 3.55
-0.780594 1.3172 8.14805e+24 3.56
-0.736382 1.34143 8.1547e+24 3.57
-0.691368 1.36418 8.16159e+24 3.58
-0.645599 1.38542 8.16874e+24 3.59
-0.599125 1.40513 8.17612e+24 3.6
-0.551997 1.42328 8.18374e+24 3.61
-0.504264 1.43986 8.19158e+24 3.62
-0.455981 1.45483 8.19965e+24 3.63
-0.407199 1.4682 8.20792e+24 3.64
-0.357971 1.47992 8.21639e+24 3.65
-0.308352 1.49 8.22506e+24 3.66
-0.258397 1.49841 8.23391e+24 3.67
-0.20816 1.50515 8.24293e+24 3.68
-0.157698 1.5102 8.25212e+24 3.69
-0.107065 1.51355 8.26147e+24 3.7
-0.0563196 1.51521 8.27096e+24 3.71
-0.00551743 1.51516 8.28059e+24 3.72
0.0452842 1.5134 8.29035e+24 3.73
0.0960281 1.50993 8.30022e+24 3.74
0.146657 1.50475 8.3102e+24 3.75
0.197113 1.49787 8.32028e+24 3.76
0.24734 1.48928 8.33043e+24 3.77
0.297279 1.47901 8.34067e+24 3.78
0.346874 1.46704 8.35096e+24 3.79
0.396068 1.4534 8.3613e+24 3.8
0.444803 1.4381 8.37168e+24 3.81
0.493024 1.42116 8.38209e+24 3.82
0.540674 1.40257 8.39252e+24 3.83
0.587698 1.38238 8.40295e+24 3.84
0.63404 1.3606 8.41337e+24 3.85
0.679646 1.33724 8.42377e+24 3.86
0.724462 1.31233 8.43413e+24 3.87
0.768436 1.28591 8.44445e+24 3.88
0.811514 1.25799 8.45472e+24 3.89
0.853646 1.22861 8.46492e+24 3.9
0.894781 1.1978 8.47503e+24 3.91
0.934868 1.16559 8.48505e+24 3.92
0.973861 1.13201 8.49497e+24 3.93
1.01171 1.09711 8.50477e+24 3.94
1.04837 1.06092 8.51444e+24 3.95
1.0838 1.02349 8.52396e+24 3.96
1.11795 0.984845 8.53334e+24 3.97
1.15079 0.945039 8.54255e+24 3.98
1.18226 0.904116 8.55158e+24 3.99
1.21234 0.862122 8.56042e+24 4
1.24098 0.819104 8.56906e+24 4.01
1.26815 0.775112 8.5775e+24 4.02
1.29381 0.730196 8.58571e+24 4.03
1.31793 0.684408 8.59369e+24 4.04
1.34048 0.637802 8.60142e+24 4.05
1.36144 0.590431 8.6089e+24 4.06
1.38077 0.54235 8.61612e+24 4.07
1.39846 0.493617 8.62307e+24 4.08
1.41447 0.444288 8.62974e+24 4.09
1.42878 0.394421 8.63611e+24 4.1
1.44139 0.344075 8.64219e+24 4.11
1.45226 0.29331 8.64795e+24 4.12
1.46139 0.242186 8.6534e+24 4.13
1.46877 0.190764 8.65853e+24 4.14
1.47438 0.139105 8.66333e+24 4.15
1.47821 0.0872699 8.66779e+24 4.16
1.48026 0.0353218 8.6719e+24 4.17
1.48053 -0.0166774 8.67567e+24 4.18
1.47902 -0.0686655 8.67908e+24 4.19
1.47572 -0.12058 8.68214e+24 4.2
1.47064 -0.172359 8.68482e+24 4.21
1.46378 -0.223939 8.68714e+24 4.22
1.45516 -0.27526 8.68909e+24 4.23
1.44477 -0.326258 8.69066e+24 4.24
1.43264 -0.376873 8.69185e+24 4.25
1.41878 -0.427044 8.69267e+24 4.26
1.4032 -0.47671 8.6931e+24 4.27
1.38593 -0.525812 8.69315e+24 4.28
1.36698 -0.574291 8.69282e+24 4.29
1.34637 -0.622088 8.6921e+24 4.3
1.32414 -0.669147 8.691e+24 4.31
1.3003 -0.71541 8.68952e+24 4.32
1.2749 -0.760822 8.68766e+24 4.33
1.24795 -0.80533 8.68542e+24 4.34
1.2195 -0.84888 8.68281e+24 4.35
1.18957 -0.89142 8.67982e+24 4.36
1.15821 -0.9329 8.67647e+24 4.37
1.12545 -0.973271 8.67275e+24 4.38
1.09133 -1.01248 8.66867e+24 4.39
1.05589 -1.0505 8.66424e+24 4.4
1.01919 -1.08726 8.65947e+24 4.41
0.981253 -1.12273 8.65435e+24 4.42
0.942138 -1.15687 8.6489e+24 4.43
0.90189 -1.18964 8.64312e+24 4.44
0.860557 -1.22101 8.63702e+24 4.45
0.818191 -1.25092 8.63062e+24 4.46
0.774842 -1.27936 8.62391e+24 4.47
0.730564 -1.30629 8.61691e+24 4.48
0.68541 -1.33168 8.60962e+24 4.49
0.639434 -1.3555 8.60207e+24 4.5
0.592693 -1.37772 8.59425e+24 4.51
0.545242 -1.39832 8.58618e+24 4.52
0.497139 -1.41729 8.57787e+24 4.53
0.448441 -1.43459 8.56933e+24 4.54
0.399206 -1.45021 8.56057e+24 4.55
0.349494 -1.46414 8.5516e+24 4.56
0.299362 -1.47636 8.54244e+24 4.57
0.248871 -1.48685 8.5331e+24 4.58
0.19808 -1.49562 8.52359e+24 4.59
0.147049 -1.50265 8.51392e+24 4.6
0.0958383 -1.50794 8.5041e+24 4.61
0.0445073 -1.51148 8.49415e+24 4.62
-0.00688398 -1.51328 8.48408e+24 4.63
-0.0582757 -1.51333 8.47391e+24 4.64
-0.109608 -1.51163 8.46364e+24 4.65
-0.160823 -1.5082 8.45328e+24 4.66
-0.211859 -1.50304 8.44286e+24 4.67
-0.262661 -1.49615 8.43238e+24 4.68
-0.313168 -1.48755 8.42186e+24 4.69
-0.363324 -1.47726 8.4113e+24 4.7
-0.413071 -1.46528 8.40073e+24 4.71
-0.462354 -1.45164 8.39014e+24 4.72
-0.511118 -1.43634 8.37957e+24 4.73
-0.559306 -1.41942 8.36901e+24 4.74
-0.606866 -1.4009 8.35848e+24 4.75
-0.653745 -1.38079 8.348e+24 4.76
-0.69989 -1.35913 8.33756e+24 4.77
-0.745251 -1.33594 8.3272e+24 4.78
-0.789777 -1.31125 8.31691e+24 4.79
-0.83342 -1.28509 8.30671e+24 4.8
-0.876133 -1.2575 8.29661e+24 4.81
-0.917868 -1.2285 8.28662e+24 4.82
-0.958581 -1.19813 8.27675e+24 4.83
-0.998228 -1.16643 8.26701e+24 4.84
-1.03677 -1.13344 8.25742e+24 4.85
-1.07415 -1.0992 8.24798e+24 4.86
-1.11035 -1.06373 8.2387e+24 4.87
-1.14532 -1.0271 8.2296e+24 4.88
-1.17902 -0.989332 8.22067e+24 4.89
-1.21143 -0.950479 8.21194e+24 4.9
-1.24249 -0.910584 8.20341e+24 4.91
-1.27219 -0.869692 8.19508e+24 4.92
-1.30049 -0.827851 8.18697e+24 4.93
-1.32737 -0.785107 8.17908e+24 4.94
-1.35279 -0.74151 8.17143e+24 4.95
-1.37672 -0.697108 8.16401e+24 4.96
-1.39915 -0.651951 8.15684e+24 4.97
-1.42006 -0.60609 8.14992e+24 4.98
-1.43941 -0.559576 8.14326e+24 4.99
-1.45719 -0.512461 8.13687e+24 5
-1.47339 -0.464797 8.13075e+24 5.01
-1.48798 -0.416637 8.1249e+24 5.02
-1.50095 -0.368034 8.11934e+24 5.03
-1.5123 -0.319041 8.11407e+24 5.04
-1.522 -0.269714 8.10909e+24 5.05
-1.53006 -0.220104 8.1044e+24 5.06
-1.53645 -0.170268 8.10002e+24 5.07
-1.54119 -0.120259 8.09595e+24 5.08
-1.54425 -0.0701315 8.09219e+24 5.09
-1.54565 -0.0199407 8.08873e+24 5.1
-1.54537 0.030259 8.0856e+24 5.11
-1.54343 0.080413 8.08278e+24 5.12
-1.53982 0.130467 8.08029e+24 5.13
-1.53455 0.180367 8.07812e+24 5.14
-1.52762 0.230058 8.07628e+24 5.15
-1.51905 0.279486 8.07476e+24 5.16
-1.50884 0.328599 8.07358e+24 5.17
-1.497 0.377343 8.07272e+24 5.18
-1.48355 0.425665 8.0722e+24 5.19
-1.4685 0.473513 8.072e+24 5.2
-1.45187 0.520834 8.07214e+24 5.21
-1.43368 0.567578 8.07261e+24 5.22
-1.41394 0.613694 8.07341e+24 5.23
-1.39268 0.659132 8.07454e+24 5.24
-1.36991 0.703842 8.076e+24 5.25
-1.34568 0.747775 8.07779e+24 5.26
-1.31999 0.790885 8.07991e+24 5.27
-1.29288 0.833122 8.08235e+24 5.28
-1.26437 0.874442 8.08511e+24 5.29
-1.2345 0.914799 8.08819e+24 5.3
-1.2033 0.954149 8.09159e+24 5.31
-1.1708 0.992448 8.09531e+24 5.32
-1.13703 1.02965 8.09933e+24 5.33
-1.10204 1.06572 8.10366e+24 5.34
-1.06585 1.10062 8.1083e+24 5.35
-1.02851 1.1343 8.11323e+24 5.36
-0.99006 1.16673 8.11845e+24 5.37
-0.950536 1.19788 8.12397e+24 5.38
-0.909981 1.2277 8.12976e+24 5.39
-0.86844 1.25616 8.13584e+24 5.4
-0.825957 1.28323 8.14218e+24 5.41
-0.782576 1.30888 8.1488e+24 5.42
-0.738346 1.33308 8.15567e+24 5.43
-0.693313 1.3558 8.1628e+24 5.44
-0.647526 1.37701 8.17017e+24 5.45
-0.601035 1.39669 8.17778e+24 5.46
-0.553889 1.41482 8.18562e+24 5.47
-0.50614 1.43137 8.19369e+24 5.48
-0.457841 1.44632 8.20197e+24 5.49
-0.409043 1.45965 8.21046e+24 5.5
-0.3598 1.47135 8.21915e+24 5.51
-0.310167 1.4814 8.22803e+24 5.52
-0.260197 1.48978 8.23709e+24 5.53
-0.209946 1.49649 8.24632e+24 5.54
-0.15947 1.50152 8.25572e+24 5.55
-0.108824 1.50485 8.26526e+24 5.56
-0.0580652 1.50648 8.27496e+24 5.57
-0.0072503 1.5064 8.28478e+24 5.58
0.0435639 1.50462 8.29473e+24 5.59
0.0943202 1.50113 8.30479e+24 5.6
0.144961 1.49593 8.31495e+24 5.61
0.19543 1.48902 8.3252e+24 5.62
0.245669 1.48042 8.33553e+24 5.63
0.29562 1.47012 8.34592e+24 5.64
0.345227 1.45813 8.35638e+24 5.65
0.394432 1.44447 8.36688e+24 5.66
0.44318 1.42915 8.37741e+24 5.67
0.491413 1.41218 8.38796e+24 5.68
0.539075 1.39358 8.39852e+24 5.69
0.586111 1.37337 8.40908e+24 5.7
0.632465 1.35157 8.41962e+24 5.71
0.678084 1.32819 8.43013e+24 5.72
0.722914 1.30327 8.44061e+24 5.73
0.7669 1.27683 8.45103e+24 5.74
0.809992 1.2489 8.46138e+24 5.75
0.852138 1.2195 8.47166e+24 5.76
0.893286 1.18867 8.48185e+24 5.77
0.933389 1.15645 8.49194e+24 5.78
0.972396 1.12286 8.50191e+24 5.79
1.01026 1.08794 8.51175e+24 5.8
1.04694 1.05174 8.52146e+24 5.81
1.08238 1.01429 8.53101e+24 5.82
1.11655 0.97563 8.54039e+24 5.83
1.1494 0.935811 8.5496e+24 5.84
1.1809 0.894875 8.55863e+24 5.85
1.21099 0.852867 8.56745e+24 5.86
1.23965 0.809836 8.57606e+24 5.87
1.26683 0.765831 8.58444e+24 5.88
1.29251 0.720902 8.59259e+24 5.89
1.31666 0.675102 8.6005e+24 5.9
1.33923 0.628482 8.60815e+24 5.91
1.36021 0.581099 8.61553e+24 5.92
1.37956 0.533006 8.62263e+24 5.93
1.39727 0.48426 8.62944e+24 5.94
1.4133 0.434918 8.63596e+24 5.95
1.42764 0.385039 8.64218e+24 5.96
1.44026 0.33468 8.64807e+24 5.97
1.45116 0.283903 8.65365e+24 5.98
1.46031 0.232766 8.65889e+24 5.99
1.46771 0.181331 8.6638e+24 6
1.47335 0.129659 8.66835e+24 6.01
1.47721 0.0778122 8.67256e+24 6.02
1.47928 0.0258516 8.67641e+24 6.03
1.47958 -0.0261602 8.6799e+24 6.04
1.47809 -0.0781608 8.68302e+24 6.05
1.47482 -0.130088 8.68576e+24 6.06
1.46976 -0.181879 8.68813e+24 6.07
1.46293 -0.233472 8.69012e+24 6.08
1.45433 -0.284805 8.69173e+24 6.09
1.44397 -0.335815 8.69296e+24 6.1
1.43187 -0.386443 8.6938e+24 6.11
1.41803 -0.436626 8.69425e+24 6.12
1.40248 -0.486305 8.69432e+24 6.13
1.38523 -0.535419 8.694e+24 6.14
1.36631 -0.583909 8.6933e+24 6.15
1.34573 -0.631719 8.69222e+24 6.16
1.32352 -0.678789 8.69075e+24 6.17
1.29972 -0.725064 8.6889e+24 6.18
1.27434 -0.770488 8.68668e+24 6.19
1.24742 -0.815007 8.68409e+24 6.2
1.21899 -0.858568 8.68113e+24 6.21
1.18909 -0.901119 8.6778e+24 6.22
1.15775 -0.94261 8.67412e+24 6.23
1.12502 -0.982992 8.67008e+24 6.24
1.09093 -1.02222 8.66569e+24 6.25
1.05552 -1.06024 8.66096e+24 6.26
1.01884 -1.09701 8.65589e+24 6.27
0.980927 -1.1325 8.6505e+24 6.28
0.941837 -1.16665 8.64479e+24 6.29
0.901613 -1.19943 8.63876e+24 6.3
0.860305 -1.2308 8.63243e+24 6.31
0.817963 -1.26072 8.6258e+24 6.32
0.774638 -1.28917 8.61889e+24 6.33
0.730384 -1.31611 8.61169e+24 6.34
0.685253 -1.3415 8.60423e+24 6.35
0.639301 -1.36533 8.59652e+24 6.36
0.592582 -1.38756 8.58855e+24 6.37
0.545154 -1.40817 8.58035e+24 6.38
0.497073 -1.42714 8.57192e+24 6.39
0.448397 -1.44445 8.56327e+24 6.4
0.399183 -1.46008 8.55442e+24 6.41
0.349492 -1.47402 8.54538e+24 6.42
0.299381 -1.48624 8.53616e+24 6.43
0.248911 -1.49674 8.52676e+24 6.44
0.19814 -1.50552 8.51721e+24 6.45
0.14713 -1.51255 8.50751e+24 6.46
0.0959388 -1.51784 8.49768e+24 6.47
0.0446276 -1.52139 8.48773e+24 6.48
-0.00674411 -1.52319 8.47766e+24 6.49
-0.0581164 -1.52324 8.4675e+24 6.5
-0.10943 -1.52155 8.45726e+24 6.51
-0.160625 -1.51811 8.44694e+24 6.52
-0.211643 -1.51295 8.43656e+24 6.53
-0.262424 -1.50607 8.42613e+24 6.54
-0.312913 -1.49747 8.41567e+24 6.55
-0.363049 -1.48717 8.40518e+24 6.56
-0.412778 -1.47519 8.39468e+24 6.57
-0.462041 -1.46155 8.38419e+24 6.58
-0.510785 -1.44625 8.3737e+24 6.59
-0.558954 -1.42933 8.36324e+24 6.6
-0.606494 -1.4108 8.35282e+24 6.61
-0.653353 -1.39069 8.34244e+24 6.62
-0.699478 -1.36903 8.33212e+24 6.63
-0.744818 -1.34583 8.32188e+24 6.64
-0.789323 -1.32114 8.31172e+24 6.65
-0.832945 -1.29497 8.30165e+24 6.66
-0.875636 -1.26737 8.29168e+24 6.67
-0.91735 -1.23837 8.28183e+24 6.68
-0.95804 -1.208 8.2721e+24 6.69
-0.997664 -1.17629 8.26252e+24 6.7
-1.03618 -1.14329 8.25307e+24 6.71
-1.07354 -1.10904 8.24378e+24 6.72
-1.10971 -1.07357 8.23466e+24 6.73
-1.14466 -1.03693 8.22571e+24 6.74
-1.17834 -0.999153 8.21695e+24 6.75
-1.21071 -0.960293 8.20838e+24 6.76
-1.24175 -0.92039 8.20001e+24 6.77
-1.27143 -0.879491 8.19185e+24 6.78
-1.2997 -0.837643 8.1839e+24 6.79
-1.32655 -0.794892 8.17619e+24 6.8
-1.35194 -0.751287 8.1687e+24 6.81
-1.37584 -0.706878 8.16146e+24 6.82
-1.39824 -0.661715 8.15447e+24 6.83
-1.41912 -0.615847 8.14773e+24 6.84
-1.43844 -0.569327 8.14125e+24 6.85
-1.45619 -0.522206 8.13503e+24 6.86
-1.47235 -0.474537 8.1291e+24 6.87
-1.48691 -0.426372 8.12344e+24 6.88
-1.49986 -0.377765 8.11806e+24 6.89
-1.51117 -0.328768 8.11297e+24 6.9
-1.52084 -0.279436 8.10818e+24 6.91
-1.52886 -0.229824 8.10369e+24 6.92
-1.53522 -0.179985 8.0995e+24 6.93
-1.53992 -0.129973 8.09562e+24 6.94
-1.54295 -0.0798445 8.09205e+24 6.95
-1.54431 -0.0296526 8.08879e+24 6.96
-1.544 0.0205476 8.08585e+24 6.97
-1.54202 0.0707017 8.08323e+24 6.98
-1.53838 0.120755 8.08093e+24 6.99
-1.53307 0.170654 8.07896e+24 7
-1.52611 0.220343 8.07731e+24 7.01
-1.5175 0.269769 8.07599e+24 7.02
-1.50725 0.318879 8.07501e+24 7.03
-1.49538 0.36762 8.07435e+24 7.04
-1.4819 0.415938 8.07402e+24 7.05
-1.46681 0.463781 8.07403e+24 7.06
-1.45015 0.511098 8.07436e+24 7.07
-1.43192 0.557836 8.07503e+24 7.08
-1.41215 0.603947 8.07602e+24 7.09
-1.39085 0.649378 8.07735e+24 7.1
-1.36805 0.694081 8.079e+24 7.11
-1.34378 0.738008 8.08097e+24 7.12
-1.31806 0.781109 8.08327e+24 7.13
-1.29092 0.823339 8.08589e+24 7.14
-1.26238 0.864651 8.08883e+24 7.15
-1.23248 0.905 8.09209e+24 7.16
-1.20124 0.94434 8.09565e+24 7.17
-1.16871 0.98263 8.09953e+24 7.18
-1.13492 1.01983 8.10371e+24 7.19
-1.09989 1.05589 8.1082e+24 7.2
-1.06368 1.09077 8.11298e+24 7.21
-1.02631 1.12445 8.11806e+24 7.22
-0.987829 1.15687 8.12342e+24 7.23
-0.948277 1.188 8.12907e+24 7.24
-0.907695 1.21781 8.135e+24 7.25
-0.866127 1.24626 8.14119e+24 7.26
-0.823617 1.27332 8.14766e+24 7.27
-0.780211 1.29896 8.15438e+24 7.28
-0.735955 1.32315 8.16136e+24 7.29
-0.690897 1.34586 8.16858e+24 7.3
-0.645086 1.36707 8.17605e+24 7.31
-0.598571 1.38674 8.18374e+24 7.32
-0.551402 1.40486 8.19166e+24 7.33
-0.50363 1.4214 8.1998e+24 7.34
-0.455308 1.43634 8.20815e+24 7.35
-0.406488 1.44966 8.21669e+24 7.36
-0.357224 1.46135 8.22543e+24 7.37
-0.307569 1.4714 8.23435e+24 7.38
-0.257578 1.47977 8.24344e+24 7.39
-0.207306 1.48648 8.2527e+24 7.4
-0.15681 1.4915 8.2621e+24 7.41
-0.106144 1.49482 8.27166e+24 7.42
-0.0553656 1.49644 8.28134e+24 7.43
-0.0045311 1.49636 8.29115e+24 7.44
0.0463024 1.49458 8.30107e+24 7.45
0.0970778 1.49108 8.3111e+24 7.46
0.147738 1.48588 8.32121e+24 7.47
0.198225 1.47897 8.3314e+24 7.48
0.248482 1.47036 8.34166e+24 7.49
0.298452 1.46006 8.35197e+24 7.5
0.348078 1.44807 8.36233e+24 7.51
0.397301 1.43441 8.37272e+24 7.52
0.446067 1.41909 8.38313e+24 7.53
0.494318 1.40212 8.39355e+24 7.54
0.541998 1.38353 8.40397e+24 7.55
0.589052 1.36331 8.41436e+24 7.56
0.635425 1.34151 8.42473e+24 7.57
0.681062 1.31814 8.43505e+24 7.58
0.725909 1.29322 8.44532e+24 7.59
0.769914 1.26678 8.45553e+24 7.6
0.813024 1.23885 8.46565e+24 7.61
0.855188 1.20946 8.47569e+24 7.62
0.896355 1.17864 8.48561e+24 7.63
0.936476 1.14642 8.49543e+24 7.64
0.975502 1.11284 8.50511e+24 7.65
1.01339 1.07793 8.51466e+24 7.66
1.05008 1.04173 8.52405e+24 7.67
1.08555 1.00429 8.53328e+24 7.68
1.11973 0.965644 8.54234e+24 7.69
1.1526 0.925835 8.55121e+24 7.7
1.18411 0.884908 8.55988e+24 7.71
1.21423 0.842911 8.56834e+24 7.72
1.24291 0.799891 8.57659e+24 7.73
1.27011 0.755898 8.58461e+24 7.74
1.29581 0.710981 8.59239e+24 7.75
1.31998 0.665193 8.59992e+24 7.76
1.34257 0.618587 8.60719e+24 7.77
1.36357 0.571217 8.6142e+24 7.78
1.38294 0.523138 8.62094e+24 7.79
1.40067 0.474406 8.62738e+24 7.8
1.41672 0.425078 8.63354e+24 7.81
1.43108 0.375214 8.6394e+24 7.82
1.44373 0.32487 8.64495e+24 7.83
1.45465 0.274108 8.65018e+24 7.84
1.46382 0.222987 8.65509e+24 7.85
1.47124 0.171568 8.65968e+24 7.86
1.4769 0.119911 8.66393e+24 7.87
1.48078 0.06808 8.66785e+24 7.88
1.48288 0.0161353 8.67142e+24 7.89
1.4832 -0.0358606 8.67464e+24 7.9
1.48173 -0.0878453 8.67751e+24 7.91
1.47848 -0.139756 8.68002e+24 7.92
1.47344 -0.191532 8.68217e+24 7.93
1.46663 -0.243109 8.68396e+24 7.94
1.45806 -0.294426 8.68538e+24 7.95
1.44772 -0.345422 8.68644e+24 7.96
1.43564 -0.396034 8.68713e+24 7.97
1.42182 -0.446202 8.68745e+24 7.98
1.4063 -0.495866 8.6874e+24 7.99
1.38907 -0.544965 8.68698e+24 8
1.37017 -0.593442 8.68619e+24 8.01
1.34961 -0.641236 8.68504e+24 8.02
1.32743 -0.688293 8.68351e+24 8.03
1.30364 -0.734554 8.68163e+24 8.04
1.27828 -0.779964 8.67937e+24 8.05
1.25138 -0.82447 8.67677e+24 8.06
1.22298 -0.868018 8.6738e+24 8.07
1.19309 -0.910557 8.67049e+24 8.08
1.16178 -0.952035 8.66682e+24 8.09
1.12906 -0.992404 8.66282e+24 8.1
1.09499 -1.03162 8.65848e+24 8.11
1.0596 -1.06963 8.65381e+24 8.12
1.02293 -1.10639 8.64881e+24 8.13
0.985042 -1.14186 8.6435e+24 8.14
0.945969 -1.176 8.63787e+24 8.15
0.905762 -1.20877 8.63195e+24 8.16
0.86447 -1.24013 8.62573e+24 8.17
0.822143 -1.27004 8.61922e+24 8.18
0.778834 -1.29848 8.61243e+24 8.19
0.734594 -1.3254 8.60538e+24 8.2
0.689478 -1.35078 8.59807e+24 8.21
0.643539 -1.3746 8.5905e+24 8.22
0.596834 -1.39682 8.5827e+24 8.23
0.549419 -1.41741 8.57466e+24 8.24
0.50135 -1.43637 8.56641e+24 8.25
0.452686 -1.45367 8.55794e+24 8.26
0.403485 -1.46928 8.54928e+24 8.27
0.353805 -1.4832 8.54043e+24 8.28
0.303705 -1.49541 8.53141e+24 8.29
0.253246 -1.5059 8.52222e+24 8.3
0.202486 -1.51465 8.51288e+24 8.31
0.151485 -1.52167 8.50339e+24 8.32
0.100305 -1.52695 8.49378e+24 8.33
0.0490034 -1.53048 8.48405e+24 8.34
-0.00235841 -1.53226 8.47421e+24 8.35
-0.0537209 -1.53229 8.46428e+24 8.36
-0.105024 -1.53058 8.45426e+24 8.37
-0.15621 -1.52713 8.44418e+24 8.38
-0.207218 -1.52195 8.43404e+24 8.39
-0.25799 -1.51504 8.42385e+24 8.4
-0.308468 -1.50642 8.41363e+24 8.41
-0.358595 -1.49611 8.40338e+24 8.42
-0.408313 -1.4841 8.39313e+24 8.43
-0.457567 -1.47044 8.38288e+24 8.44
-0.5063 -1.45512 8.37264e+24 8.45
-0.554458 -1.43817 8.36243e+24 8.46
-0.601987 -1.41962 8.35225e+24 8.47
-0.648834 -1.39949 8.34212e+24 8.48
-0.694947 -1.3778 8.33205e+24 8.49
-0.740275 -1.35458 8.32205e+24 8.5
-0.784768 -1.32986 8.31214e+24 8.51
-0.828377 -1.30367 8.30231e+24 8.52
-0.871055 -1.27604 8.29259e+24 8.53
-0.912754 -1.24701 8.28298e+24 8.54
-0.95343 -1.21661 8.2735e+24 8.55
-0.993039 -1.18488 8.26415e+24 8.56
-1.03154 -1.15185 8.25494e+24 8.57
-1.06889 -1.11757 8.24589e+24 8.58
-1.10504 -1.08208 8.23699e+24 8.59
-1.13997 -1.04541 8.22827e+24 8.6
-1.17363 -1.00761 8.21974e+24 8.61
-1.20599 -0.968719 8.21139e+24 8.62
-1.23701 -0.928789 8.20323e+24 8.63
-1.26666 -0.887863 8.19529e+24 8.64
-1.29492 -0.845988 8.18756e+24 8.65
-1.32174 -0.80321 8.18005e+24 8.66
-1.34711 -0.759579 8.17277e+24 8.67
-1.371 -0.715144 8.16572e+24 8.68
-1.39338 -0.669954 8.15892e+24 8.69
-1.41423 -0.624061 8.15237e+24 8.7
-1.43353 -0.577516 8.14608e+24 8.71
-1.45125 -0.530369 8.14004e+24 8.72
-1.4674 -0.482675 8.13428e+24 8.73
-1.48193 -0.434486 8.12879e+24 8.74
-1.49485 -0.385854 8.12358e+24 8.75
-1.50614 -0.336834 8.11865e+24 8.76
-1.51578 -0.287479 8.11401e+24 8.77
-1.52378 -0.237844 8.10966e+24 8.78
-1.53011 -0.187982 8.10561e+24 8.79
-1.53479 -0.137949 8.10186e+24 8.8
-1.53779 -0.0877987 8.09842e+24 8.81
-1.53913 -0.0375859 8.09528e+24 8.82
-1.53879 0.0126346 8.09245e+24 8.83
-1.53679 0.0628085 8.08993e+24 8.84
-1.53311 0.112881 8.08773e+24 8.85
-1.52778 0.162798 8.08585e+24 8.86
-1.52079 0.212506 8.08428e+24 8.87
-1.51216 0.26195 8.08303e+24 8.88
-1.50189 0.311077 8.0821e+24 8.89
-1.48999 0.359834 8.0815e+24 8.9
-1.47648 0.408168 8.08121e+24 8.91
-1.46137 0.456027 8.08125e+24 8.92
-1.44468 0.503358 8.08161e+24 8.93
-1.42642 0.550111 8.08229e+24 8.94
-1.40663 0.596235 8.08329e+24 8.95
-1.38531 0.64168 8.08461e+24 8.96
-1.36249 0.686396 8.08624e+24 8.97
-1.33819 0.730335 8.0882e+24 8.98
-1.31245 0.773448 8.09046e+24 8.99
-1.28528 0.81569 8.09304e+24 9
-1.25672 0.857013 8.09593e+24 9.01
-1.22679 0.897372 8.09912e+24 9.02
-1.19554 0.936723 8.10262e+24 9.03
-1.16299 0.975023 8.10642e+24 9.04
-1.12917 1.01223 8.11051e+24 9.05
-1.09412 1.0483 8.1149e+24 9.06
-1.05789 1.08319 8.11957e+24 9.07
-1.0205 1.11688 8.12452e+24 9.08
-0.982004 1.14931 8.12976e+24 9.09
-0.942434 1.18045 8.13526e+24 9.1
-0.901835 1.21026 8.14103e+24 9.11
-0.860251 1.23872 8.14707e+24 9.12
-0.817725 1.26579 8.15336e+24 9.13
-0.774304 1.29144 8.15989e+24 9.14
-0.730034 1.31564 8.16667e+24 9.15
-0.684963 1.33836 8.17369e+24 9.16
-0.639138 1.35957 8.18093e+24 9.17
-0.592611 1.37925 8.18839e+24 9.18
-0.545431 1.39738 8.19606e+24 9.19
-0.497648 1.41392 8.20394e+24 9.2
-0.449317 1.42887 8.21202e+24 9.21
-0.400488 1.44221 8.22028e+24 9.22
-0.351215 1.45391 8.22872e+24 9.23
-0.301553 1.46396 8.23733e+24 9.24
-0.251555 1.47235 8.2461e+24 9.25
-0.201278 1.47906 8.25502e+24 9.26
-0.150776 1.48409 8.26408e+24 9.27
-0.100106 1.48743 8.27328e+24 9.28
-0.049324 1.48906 8.2826e+24 9.29
0.00151317 1.48899 8.29204e+24 9.3
0.0523487 1.48722 8.30157e+24 9.31
0.103125 1.48374 8.3112e+24 9.32
0.153786 1.47855 8.32092e+24 9.33
0.204273 1.47165 8.33071e+24 9.34
0.254529 1.46306 8.34056e+24 9.35
0.304498 1.45277 8.35047e+24 9.36
0.354121 1.4408 8.36041e+24 9.37
0.403342 1.42716 8.37039e+24 9.38
0.452105 1.41186 8.38039e+24 9.39
0.500352 1.39491 8.39041e+24 9.4
0.548028 1.37633 8.40042e+24 9.41
0.595078 1.35614 8.41042e+24 9.42
0.641445 1.33436 8.42039e+24 9.43
0.687077 1.31101 8.43033e+24 9.44
0.731919 1.28611 8.44023e+24 9.45
0.775918 1.25969 8.45007e+24 9.46
0.819022 1.23179 8.45985e+24 9.47
0.86118 1.20242 8.46954e+24 9.48
0.902341 1.17162 8.47915e+24 9.49
0.942455 1.13943 8.48865e+24 9.5
0.981475 1.10587 8.49804e+24 9.51
1.01935 1.07099 8.50731e+24 9.52
1.05604 1.03482 8.51644e+24 9.53
1.0915 0.997404 8.52543e+24 9.54
1.12568 0.958783 8.53426e+24 9.55
1.15855 0.919002 8.54292e+24 9.56
1.19005 0.878103 8.5514e+24 9.57
1.22016 0.836135 8.55969e+24 9.58
1.24883 0.793143 8.56778e+24 9.59
1.27603 0.749178 8.57566e+24 9.6
1.30173 0.704291 8.58333e+24 9.61
1.32589 0.658532 8.59076e+24 9.62
1.34848 0.611955 8.59795e+24 9.63
1.36948 0.564614 8.60489e+24 9.64
1.38885 0.516564 8.61158e+24 9.65
1.40657 0.467861 8.618e+24 9.66
1.42262 0.418563 8.62414e+24 9.67
1.43698 0.368727 8.63e+24 9.68
1.44962 0.318413 8.63557e+24 9.69
1.46054 0.267679 8.64084e+24 9.7
1.46972 0.216586 8.6458e+24 9.71
1.47714 0.165194 8.65046e+24 9.72
1.48279 0.113566 8.65479e+24 9.73
1.48667 0.0617614 8.6588e+24 9.74
1.48877 0.00984354 8.66247e+24 9.75
1.48909 -0.0421259 8.66582e+24 9.76
1.48762 -0.0940846 8.66882e+24 9.77
1.48437 -0.14597 8.67147e+24 9.78
1.47934 -0.19772 8.67378e+24 9.79
1.47253 -0.249273 8.67574e+24 9.8
1.46396 -0.300566 8.67734e+24 9.81
1.45362 -0.351537 8.67859e+24 9.82
1.44154 -0.402126 8.67948e+24 9.83
1.42773 -0.452271 8.68e+24 9.84
1.4122 -0.501913 8.68017e+24 9.85
1.39497 -0.55099 8.67997e+24 9.86
1.37607 -0.599445 8.67942e+24 9.87
1.35551 -0.647218 8.6785e+24 9.88
1.33333 -0.694254 8.67723e+24 9.89
1.30954 -0.740494 8.6756e+24 9.9
1.28418 -0.785885 8.67361e+24 9.91
1.25728 -0.830371 8.67127e+24 9.92
1.22887 -0.873899 8.66859e+24 9.93
1.19899 -0.916418 8.66555e+24 9.94
1.16767 -0.957878 8.66218e+24 9.95
1.13495 -0.998228 8.65847e+24 9.96
1.10088 -1.03742 8.65443e+24 9.97
1.06548 -1.07541 8.65006e+24 9.98
1.02882 -1.11216 0 9.99
