1.52 0 0
1.52 0 0.01
3.04 0 0.02
6.08 0 0.03
12.16 0 0.04
24.32 0 0.05
48.64 0 0.06
97.28 0 0.07
194.56 0 0.08
389.12 0 0.09
778.24 0 0.1
1556.48 0 0.11
3112.96 0 0.12
6225.92 0 0.13
12451.8 0 0.14
24903.7 0 0.15
49807.4 0 0.16
99614.7 0 0.17
199229 0 0.18
398459 0 0.19
796918 0 0.2
1.59384e+06 0 0.21
3.18767e+06 0 0.22
6.37534e+06 0 0.23
1.27507e+07 0 0.24
2.55014e+07 0 0.25
5.10027e+07 0 0.26
1.02005e+08 0 0.27
2.04011e+08 0 0.28
4.08022e+08 0 0.29
8.16044e+08 0 0.3
1.63209e+09 0 0.31
3.26418e+09 0 0.32
6.52835e+09 0 0.33
1.30567e+10 0 0.34
2.61134e+10 0 0.35
5.22268e+10 0 0.36
1.04454e+11 0 0.37
2.08907e+11 0 0.38
4.17814e+11 0 0.39
8.35629e+11 0 0.4
1.67126e+12 0 0.41
3.34252e+12 0 0.42
6.68503e+12 0 0.43
1.33701e+13 0 0.44
2.67401e+13 0 0.45
5.34802e+13 0 0.46
1.0696e+14 0 0.47
2.13921e+14 0 0.48
4.27842e+14 0 0.49
8.55684e+14 0 0.5
1.71137e+15 0 0.51
3.42274e+15 0 0.52
6.84547e+15 0 0.53
1.36909e+16 0 0.54
2.73819e+16 0 0.55
5.47638e+16 0 0.56
1.09528e+17 0 0.57
2.19055e+17 0 0.58
4.3811e+17 0 0.59
8.7622e+17 0 0.6
1.75244e+18 0 0.61
3.50488e+18 0 0.62
7.00976e+18 0 0.63
1.40195e+19 0 0.64
2.80391e+19 0 0.65
5.60781e+19 0 0.66
1.12156e+20 0 0.67
2.24312e+20 0 0.68
4.48625e+20 0 0.69
8.9725e+20 0 0.7
1.7945e+21 0 0.71
3.589e+21 0 0.72
7.178e+21 0 0.73
1.4356e+22 0 0.74
2.8712e+22 0 0.75
5.7424e+22 0 0.76
1.14848e+23 0 0.77
2.29696e+23 0 0.78
4.59392e+23 0 0.79
9.18784e+23 0 0.8
1.83757e+24 0 0.81
3.67513e+24 0 0.82
7.35027e+24 0 0.83
1.47005e+25 0 0.84
2.94011e+25 0 0.85
5.88022e+25 0 0.86
1.17604e+26 0 0.87
2.35209e+26 0 0.88
4.70417e+26 0 0.89
9.40834e+26 0 0.9
1.88167e+27 0 0.91
3.76334e+27 0 0.92
7.52668e+27 0 0.93
1.50534e+28 0 0.94
3.01067e+28 0 0.95
6.02134e+28 0 0.96
1.20427e+29 0 0.97
2.40854e+29 0 0.98
4.81707e+29 0 0.99
9.63414e+29 0 1
1.92683e+30 0 1.01
3.85366e+30 0 1.02
7.70732e+30 0 1.03
1.54146e+31 0 1.04
3.08293e+31 0 1.05
6.16585e+31 0 1.06
1.23317e+32 0 1.07
2.46634e+32 0 1.08
4.93268e+32 0 1.09
9.86536e+32 0 1.1
1.97307e+33 0 1.11
3.94615e+33 0 1.12
7.89229e+33 0 1.13
1.57846e+34 0 1.14
3.15692e+34 0 1.15
6.31383e+34 0 1.16
1.26277e+35 0 1.17
2.52553e+35 0 1.18
5.05107e+35 0 1.19
1.01021e+36 0 1.2
2.02043e+36 0 1.21
4.04085e+36 0 1.22
8.08171e+36 0 1.23
1.61634e+37 0 1.24
3.23268e+37 0 1.25
6.46536e+37 0 1.26
1.29307e+38 0 1.27
2.58615e+38 0 1.28
5.17229e+38 0 1.29
1.03446e+39 0 1.3
2.06892e+39 0 1.31
4.13783e+39 0 1.32
8.27567e+39 0 1.33
1.65513e+40 0 1.34
3.31027e+40 0 1.35
6.62053e+40 0 1.36
1.32411e+41 0 1.37
2.64821e+41 0 1.38
5.29643e+41 0 1.39
1.05929e+42 0 1.4
2.11857e+42 0 1.41
4.23714e+42 0 1.42
8.47428e+42 0 1.43
1.69486e+43 0 1.44
3.38971e+43 0 1.45
6.77943e+43 0 1.46
1.35589e+44 0 1.47
2.71177e+44 0 1.48
5.42354e+44 0 1.49
1.08471e+45 0 1.5
2.16942e+45 0 1.51
4.33883e+45 0 1.52
8.67767e+45 0 1.53
1.73553e+46 0 1.54
3.47107e+46 0 1.55
6.94213e+46 0 1.56
1.38843e+47 0 1.57
2.77685e+47 0 1.58
5.55371e+47 0 1.59
1.11074e+48 0 1.6
2.22148e+48 0 1.61
4.44296e+48 0 1.62
8.88593e+48 0 1.63
1.77719e+49 0 1.64
3.55437e+49 0 1.65
7.10874e+49 0 1.66
1.42175e+50 0 1.67
2.8435e+50 0 1.68
5.687e+50 0 1.69
1.1374e+51 0 1.7
2.2748e+51 0 1.71
4.5496e+51 0 1.72
9.09919e+51 0 1.73
1.81984e+52 0 1.74
3.63968e+52 0 1.75
7.27935e+52 0 1.76
1.45587e+53 0 1.77
2.91174e+53 0 1.78
5.82348e+53 0 1.79
1.1647e+54 0 1.8
2.32939e+54 0 1.81
4.65879e+54 0 1.82
9.31757e+54 0 1.83
1.86351e+55 0 1.84
3.72703e+55 0 1.85
7.45406e+55 0 1.86
1.49081e+56 0 1.87
2.98162e+56 0 1.88
5.96325e+56 0 1.89
1.19265e+57 0 1.9
2.3853e+57 0 1.91
4.7706e+57 0 1.92
9.54119e+57 0 1.93
1.90824e+58 0 1.94
3.81648e+58 0 1.95
7.63296e+58 0 1.96
1.52659e+59 0 1.97
3.05318e+59 0 1.98
6.10636e+59 0 1.99
1.22127e+60 0 2
2.44255e+60 0 2.01
4.88509e+60 0 2.02
9.77018e+60 0 2.03
1.95404e+61 0 2.04
3.90807e+61 0 2.05
7.81615e+61 0 2.06
1.56323e+62 0 2.07
3.12646e+62 0 2.08
6.25292e+62 0 2.09
1.25058e+63 0 2.1
2.50117e+63 0 2.11
5.00233e+63 0 2.12
1.00047e+64 0 2.13
2.00093e+64 0 2.14
4.00187e+64 0 2.15
8.00373e+64 0 2.16
1.60075e+65 0 2.17
3.20149e+65 0 2.18
6.40299e+65 0 2.19
1.2806e+66 0 2.2
2.56119e+66 0 2.21
5.12239e+66 0 2.22
1.02448e+67 0 2.23
2.04896e+67 0 2.24
4.09791e+67 0 2.25
8.19582e+67 0 2.26
1.63916e+68 0 2.27
3.27833e+68 0 2.28
6.55666e+68 0 2.29
1.31133e+69 0 2.3
2.62266e+69 0 2.31
5.24533e+69 0 2.32
1.04907e+70 0 2.33
2.09813e+70 0 2.34
4.19626e+70 0 2.35
8.39252e+70 0 2.36
1.6785e+71 0 2.37
3.35701e+71 0 2.38
6.71402e+71 0 2.39
1.3428e+72 0 2.4
2.68561e+72 0 2.41
5.37122e+72 0 2.42
1.07424e+73 0 2.43
2.14849e+73 0 2.44
4.29697e+73 0 2.45
8.59394e+73 0 2.46
1.71879e+74 0 2.47
3.43758e+74 0 2.48
6.87516e+74 0 2.49
1.37503e+75 0 2.5
2.75006e+75 0 2.51
5.50012e+75 0 2.52
1.10002e+76 0 2.53
2.20005e+76 0 2.54
4.4001e+76 0 2.55
8.8002e+76 0 2.56
1.76004e+77 0 2.57
3.52008e+77 0 2.58
7.04016e+77 0 2.59
1.40803e+78 0 2.6
2.81606e+78 0 2.61
5.63213e+78 0 2.62
1.12643e+79 0 2.63
2.25285e+79 0 2.64
4.5057e+79 0 2.65
9.0114e+79 0 2.66
1.80228e+80 0 2.67
3.60456e+80 0 2.68
7.20912e+80 0 2.69
1.44182e+81 0 2.7
2.88365e+81 0 2.71
5.7673e+81 0 2.72
1.15346e+82 0 2.73
2.30692e+82 0 2.74
4.61384e+82 0 2.75
9.22768e+82 0 2.76
1.84554e+83 0 2.77
3.69107e+83 0 2.78
7.38214e+83 0 2.79
1.47643e+84 0 2.8
2.95286e+84 0 2.81
5.90571e+84 0 2.82
1.18114e+85 0 2.83
2.36229e+85 0 2.84
4.72457e+85 0 2.85
9.44914e+85 0 2.86
1.88983e+86 0 2.87
3.77966e+86 0 2.88
7.55931e+86 0 2.89
1.51186e+87 0 2.9
3.02373e+87 0 2.91
6.04745e+87 0 2.92
1.20949e+88 0 2.93
2.41898e+88 0 2.94
4.83796e+88 0 2.95
9.67592e+88 0 2.96
1.93518e+89 0 2.97
3.87037e+89 0 2.98
7.74074e+89 0 2.99
1.54815e+90 0 3
3.09629e+90 0 3.01
6.19259e+90 0 3.02
1.23852e+91 0 3.03
2.47704e+91 0 3.04
4.95407e+91 0 3.05
9.90814e+91 0 3.06
1.98163e+92 0 3.07
3.96326e+92 0 3.08
7.92651e+92 0 3.09
1.5853e+93 0 3.1
3.17061e+93 0 3.11
6.34121e+93 0 3.12
1.26824e+94 0 3.13
2.53648e+94 0 3.14
5.07297e+94 0 3.15
1.01459e+95 0 3.16
2.02919e+95 0 3.17
4.05838e+95 0 3.18
8.11675e+95 0 3.19
1.62335e+96 0 3.2
3.2467e+96 0 3.21
6.4934e+96 0 3.22
1.29868e+97 0 3.23
2.59736e+97 0 3.24
5.19472e+97 0 3.25
1.03894e+98 0 3.26
2.07789e+98 0 3.27
4.15578e+98 0 3.28
8.31155e+98 0 3.29
1.66231e+99 0 3.3
3.32462e+99 0 3.31
6.64924e+99 0 3.32
1.32985e+100 0 3.33
2.6597e+100 0 3.34
5.31939e+100 0 3.35
1.06388e+101 0 3.36
2.12776e+101 0 3.37
4.25552e+101 0 3.38
8.51103e+101 0 3.39
1.70221e+102 0 3.4
3.40441e+102 0 3.41
6.80882e+102 0 3.42
1.36176e+103 0 3.43
2.72353e+103 0 3.44
5.44706e+103 0 3.45
1.08941e+104 0 3.46
2.17882e+104 0 3.47
4.35765e+104 0 3.48
8.71529e+104 0 3.49
1.74306e+105 0 3.5
3.48612e+105 0 3.51
6.97224e+105 0 3.52
1.39445e+106 0 3.53
2.78889e+106 0 3.54
5.57779e+106 0 3.55
1.11556e+107 0 3.56
2.23112e+107 0 3.57
4.46223e+107 0 3.58
8.92446e+107 0 3.59
1.78489e+108 0 3.6
3.56978e+108 0 3.61
7.13957e+108 0 3.62
1.42791e+109 0 3.63
2.85583e+109 0 3.64
5.71166e+109 0 3.65
1.14233e+110 0 3.66
2.28466e+110 0 3.67
4.56932e+110 0 3.68
9.13865e+110 0 3.69
1.82773e+111 0 3.7
3.65546e+111 0 3.71
7.31092e+111 0 3.72
1.46218e+112 0 3.73
2.92437e+112 0 3.74
5.84874e+112 0 3.75
1.16975e+113 0 3.76
2.33949e+113 0 3.77
4.67899e+113 0 3.78
9.35798e+113 0 3.79
1.8716e+114 0 3.8
3.74319e+114 0 3.81
7.48638e+114 0 3.82
1.49728e+115 0 3.83
2.99455e+115 0 3.84
5.9891e+115 0 3.85
1.19782e+116 0 3.86
2.39564e+116 0 3.87
4.79128e+116 0 3.88
9.58257e+116 0 3.89
1.91651e+117 0 3.9
3.83303e+117 0 3.91
7.66605e+117 0 3.92
1.53321e+118 0 3.93
3.06642e+118 0 3.94
6.13284e+118 0 3.95
1.22657e+119 0 3.96
2.45314e+119 0 3.97
4.90627e+119 0 3.98
9.81255e+119 0 3.99
1.96251e+120 0 4
3.92502e+120 0 4.01
7.85004e+120 0 4.02
1.57001e+121 0 4.03
3.14002e+121 0 4.04
6.28003e+121 0 4.05
1.25601e+122 0 4.06
2.51201e+122 0 4.07
5.02403e+122 0 4.08
1.00481e+123 0 4.09
2.00961e+123 0 4.1
4.01922e+123 0 4.11
8.03844e+123 0 4.12
1.60769e+124 0 4.13
3.21538e+124 0 4.14
6.43075e+124 0 4.15
1.28615e+125 0 4.16
2.5723e+125 0 4.17
5.1446e+125 0 4.18
1.02892e+126 0 4.19
2.05784e+126 0 4.2
4.11568e+126 0 4.21
8.23136e+126 0 4.22
1.64627e+127 0 4.23
3.29255e+127 0 4.24
6.58509e+127 0 4.25
1.31702e+128 0 4.26
2.63404e+128 0 4.27
5.26807e+128 0 4.28
1.05361e+129 0 4.29
2.10723e+129 0 4.3
4.21446e+129 0 4.31
8.42892e+129 0 4.32
1.68578e+130 0 4.33
3.37157e+130 0 4.34
6.74313e+130 0 4.35
1.34863e+131 0 4.36
2.69725e+131 0 4.37
5.39451e+131 0 4.38
1.0789e+132 0 4.39
2.1578e+132 0 4.4
4.3156e+132 0 4.41
8.63121e+132 0 4.42
1.72624e+133 0 4.43
3.45248e+133 0 4.44
6.90497e+133 0 4.45
1.38099e+134 0 4.46
2.76199e+134 0 4.47
5.52397e+134 0 4.48
1.10479e+135 0 4.49
2.20959e+135 0 4.5
4.41918e+135 0 4.51
8.83836e+135 0 4.52
1.76767e+136 0 4.53
3.53534e+136 0 4.54
7.07069e+136 0 4.55
1.41414e+137 0 4.56
2.82827e+137 0 4.57
5.65655e+137 0 4.58
1.13131e+138 0 4.59
2.26262e+138 0 4.6
4.52524e+138 0 4.61
9.05048e+138 0 4.62
1.8101e+139 0 4.63
3.62019e+139 0 4.64
7.24038e+139 0 4.65
1.44808e+140 0 4.66
2.89615e+140 0 4.67
5.79231e+140 0 4.68
1.15846e+141 0 4.69
2.31692e+141 0 4.7
4.63385e+141 0 4.71
9.26769e+141 0 4.72
1.85354e+142 0 4.73
3.70708e+142 0 4.74
7.41415e+142 0 4.75
1.48283e+143 0 4.76
2.96566e+143 0 4.77
5.93132e+143 0 4.78
1.18626e+144 0 4.79
2.37253e+144 0 4.8
4.74506e+144 0 4.81
9.49012e+144 0 4.82
1.89802e+145 0 4.83
3.79605e+145 0 4.84
7.59209e+145 0 4.85
1.51842e+146 0 4.86
3.03684e+146 0 4.87
6.07367e+146 0 4.88
1.21473e+147 0 4.89
2.42947e+147 0 4.9
4.85894e+147 0 4.91
9.71788e+147 0 4.92
1.94358e+148 0 4.93
3.88715e+148 0 4.94
7.7743e+148 0 4.95
1.55486e+149 0 4.96
3.10972e+149 0 4.97
6.21944e+149 0 4.98
1.24389e+150 0 4.99
2.48778e+150 0 5
4.97555e+150 0 5.01
9.95111e+150 0 5.02
1.99022e+151 0 5.03
3.98044e+151 0 5.04
7.96089e+151 0 5.05
1.59218e+152 0 5.06
3.18435e+152 0 5.07
6.36871e+152 0 5.08
1.27374e+153 0 5.09
2.54748e+153 0 5.1
5.09497e+153 0 5.11
1.01899e+154 0 5.12
2.03799e+154 0 5.13
4.07597e+154 0 5.14
8.15195e+154 0 5.15
1.63039e+155 0 5.16
3.26078e+155 0 5.17
6.52156e+155 0 5.18
1.30431e+156 0 5.19
2.60862e+156 0 5.2
5.21725e+156 0 5.21
1.04345e+157 0 5.22
2.0869e+157 0 5.23
4.1738e+157 0 5.24
8.34759e+157 0 5.25
1.66952e+158 0 5.26
3.33904e+158 0 5.27
6.67808e+158 0 5.28
1.33562e+159 0 5.29
2.67123e+159 0 5.3
5.34246e+159 0 5.31
1.06849e+160 0 5.32
2.13698e+160 0 5.33
4.27397e+160 0 5.34
8.54794e+160 0 5.35
1.70959e+161 0 5.36
3.41917e+161 0 5.37
6.83835e+161 0 5.38
1.36767e+162 0 5.39
2.73534e+162 0 5.4
5.47068e+162 0 5.41
1.09414e+163 0 5.42
2.18827e+163 0 5.43
4.37654e+163 0 5.44
8.75309e+163 0 5.45
1.75062e+164 0 5.46
3.50123e+164 0 5.47
7.00247e+164 0 5.48
1.40049e+165 0 5.49
2.80099e+165 0 5.5
5.60198e+165 0 5.51
1.1204e+166 0 5.52
2.24079e+166 0 5.53
4.48158e+166 0 5.54
8.96316e+166 0 5.55
1.79263e+167 0 5.56
3.58526e+167 0 5.57
7.17053e+167 0 5.58
1.43411e+168 0 5.59
2.86821e+168 0 5.6
5.73642e+168 0 5.61
1.14728e+169 0 5.62
2.29457e+169 0 5.63
4.58914e+169 0 5.64
9.17828e+169 0 5.65
1.83566e+170 0 5.66
3.67131e+170 0 5.67
7.34262e+170 0 5.68
1.46852e+171 0 5.69
2.93705e+171 0 5.7
5.8741e+171 0 5.71
1.17482e+172 0 5.72
2.34964e+172 0 5.73
4.69928e+172 0 5.74
9.39856e+172 0 5.75
1.87971e+173 0 5.76
3.75942e+173 0 5.77
7.51884e+173 0 5.78
1.50377e+174 0 5.79
3.00754e+174 0 5.8
6.01508e+174 0 5.81
1.20302e+175 0 5.82
2.40603e+175 0 5.83
4.81206e+175 0 5.84
9.62412e+175 0 5.85
1.92482e+176 0 5.86
3.84965e+176 0 5.87
7.6993e+176 0 5.88
1.53986e+177 0 5.89
3.07972e+177 0 5.9
6.15944e+177 0 5.91
1.23189e+178 0 5.92
2.46377e+178 0 5.93
4.92755e+178 0 5.94
9.8551e+178 0 5.95
1.97102e+179 0 5.96
3.94204e+179 0 5.97
7.88408e+179 0 5.98
1.57682e+180 0 5.99
3.15363e+180 0 6
6.30726e+180 0 6.01
1.26145e+181 0 6.02
2.52291e+181 0 6.03
5.04581e+181 0 6.04
1.00916e+182 0 6.05
2.01832e+182 0 6.06
4.03665e+182 0 6.07
8.0733e+182 0 6.08
1.61466e+183 0 6.09
3.22932e+183 0 6.1
6.45864e+183 0 6.11
1.29173e+184 0 6.12
2.58346e+184 0 6.13
5.16691e+184 0 6.14
1.03338e+185 0 6.15
2.06676e+185 0 6.16
4.13353e+185 0 6.17
8.26706e+185 0 6.18
1.65341e+186 0 6.19
3.30682e+186 0 6.2
6.61365e+186 0 6.21
1.32273e+187 0 6.22
2.64546e+187 0 6.23
5.29092e+187 0 6.24
1.05818e+188 0 6.25
2.11637e+188 0 6.26
4.23273e+188 0 6.27
8.46547e+188 0 6.28
1.69309e+189 0 6.29
3.38619e+189 0 6.3
6.77237e+189 0 6.31
1.35447e+190 0 6.32
2.70895e+190 0 6.33
5.4179e+190 0 6.34
1.08358e+191 0 6.35
2.16716e+191 0 6.36
4.33432e+191 0 6.37
8.66864e+191 0 6.38
1.73373e+192 0 6.39
3.46745e+192 0 6.4
6.93491e+192 0 6.41
1.38698e+193 0 6.42
2.77396e+193 0 6.43
5.54793e+193 0 6.44
1.10959e+194 0 6.45
2.21917e+194 0 6.46
4.43834e+194 0 6.47
8.87668e+194 0 6.48
1.77534e+195 0 6.49
3.55067e+195 0 6.5
7.10135e+195 0 6.51
1.42027e+196 0 6.52
2.84054e+196 0 6.53
5.68108e+196 0 6.54
1.13622e+197 0 6.55
2.27243e+197 0 6.56
4.54486e+197 0 6.57
9.08972e+197 0 6.58
1.81794e+198 0 6.59
3.63589e+198 0 6.6
7.27178e+198 0 6.61
1.45436e+199 0 6.62
2.90871e+199 0 6.63
5.81742e+199 0 6.64
1.16348e+200 0 6.65
2.32697e+200 0 6.66
4.65394e+200 0 6.67
9.30788e+200 0 6.68
1.86158e+201 0 6.69
3.72315e+201 0 6.7
7.4463e+201 0 6.71
1.48926e+202 0 6.72
2.97852e+202 0 6.73
5.95704e+202 0 6.74
1.19141e+203 0 6.75
2.38282e+203 0 6.76
4.76563e+203 0 6.77
9.53127e+203 0 6.78
1.90625e+204 0 6.79
3.81251e+204 0 6.8
7.62501e+204 0 6.81
1.525e+205 0 6.82
3.05001e+205 0 6.83
6.10001e+205 0 6.84
1.22e+206 0 6.85
2.44e+206 0 6.86
4.88001e+206 0 6.87
9.76002e+206 0 6.88
1.952e+207 0 6.89
3.90401e+207 0 6.9
7.80801e+207 0 6.91
1.5616e+208 0 6.92
3.12321e+208 0 6.93
6.24641e+208 0 6.94
1.24928e+209 0 6.95
2.49856e+209 0 6.96
4.99713e+209 0 6.97
9.99426e+209 0 6.98
1.99885e+210 0 6.99
3.9977e+210 0 7
7.99541e+210 0 7.01
1.59908e+211 0 7.02
3.19816e+211 0 7.03
6.39633e+211 0 7.04
1.27927e+212 0 7.05
2.55853e+212 0 7.06
5.11706e+212 0 7.07
1.02341e+213 0 7.08
2.04682e+213 0 7.09
4.09365e+213 0 7.1
8.1873e+213 0 7.11
1.63746e+214 0 7.12
3.27492e+214 0 7.13
6.54984e+214 0 7.14
1.30997e+215 0 7.15
2.61993e+215 0 7.16
5.23987e+215 0 7.17
1.04797e+216 0 7.18
2.09595e+216 0 7.19
4.1919e+216 0 7.2
8.38379e+216 0 7.21
1.67676e+217 0 7.22
3.35352e+217 0 7.23
6.70703e+217 0 7.24
1.34141e+218 0 7.25
2.68281e+218 0 7.26
5.36563e+218 0 7.27
1.07313e+219 0 7.28
2.14625e+219 0 7.29
4.2925e+219 0 7.3
8.585e+219 0 7.31
1.717e+220 0 7.32
3.434e+220 0 7.33
6.868e+220 0 7.34
1.3736e+221 0 7.35
2.7472e+221 0 7.36
5.4944e+221 0 7.37
1.09888e+222 0 7.38
2.19776e+222 0 7.39
4.39552e+222 0 7.4
8.79104e+222 0 7.41
1.75821e+223 0 7.42
3.51642e+223 0 7.43
7.03283e+223 0 7.44
1.40657e+224 0 7.45
2.81313e+224 0 7.46
5.62627e+224 0 7.47
1.12525e+225 0 7.48
2.25051e+225 0 7.49
4.50101e+225 0 7.5
9.00203e+225 0 7.51
1.80041e+226 0 7.52
3.60081e+226 0 7.53
7.20162e+226 0 7.54
1.44032e+227 0 7.55
2.88065e+227 0 7.56
5.7613e+227 0 7.57
1.15226e+228 0 7.58
2.30452e+228 0 7.59
4.60904e+228 0 7.6
9.21808e+228 0 7.61
1.84362e+229 0 7.62
3.68723e+229 0 7.63
7.37446e+229 0 7.64
1.47489e+230 0 7.65
2.94978e+230 0 7.66
5.89957e+230 0 7.67
1.17991e+231 0 7.68
2.35983e+231 0 7.69
4.71966e+231 0 7.7
9.43931e+231 0 7.71
1.88786e+232 0 7.72
3.77572e+232 0 7.73
7.55145e+232 0 7.74
1.51029e+233 0 7.75
3.02058e+233 0 7.76
6.04116e+233 0 7.77
1.20823e+234 0 7.78
2.41646e+234 0 7.79
4.83293e+234 0 7.8
9.66585e+234 0 7.81
1.93317e+235 0 7.82
3.86634e+235 0 7.83
7.73268e+235 0 7.84
1.54654e+236 0 7.85
3.09307e+236 0 7.86
6.18615e+236 0 7.87
1.23723e+237 0 7.88
2.47446e+237 0 7.89
4.94892e+237 0 7.9
9.89783e+237 0 7.91
1.97957e+238 0 7.92
3.95913e+238 0 7.93
7.91827e+238 0 7.94
1.58365e+239 0 7.95
3.16731e+239 0 7.96
6.33461e+239 0 7.97
1.26692e+240 0 7.98
2.53385e+240 0 7.99
5.06769e+240 0 8
1.01354e+241 0 8.01
2.02708e+241 0 8.02
4.05415e+241 0 8.03
8.10831e+241 0 8.04
1.62166e+242 0 8.05
3.24332e+242 0 8.06
6.48664e+242 0 8.07
1.29733e+243 0 8.08
2.59466e+243 0 8.09
5.18932e+243 0 8.1
1.03786e+244 0 8.11
2.07573e+244 0 8.12
4.15145e+244 0 8.13
8.3029e+244 0 8.14
1.66058e+245 0 8.15
3.32116e+245 0 8.16
6.64232e+245 0 8.17
1.32846e+246 0 8.18
2.65693e+246 0 8.19
5.31386e+246 0 8.2
1.06277e+247 0 8.21
2.12554e+247 0 8.22
4.25109e+247 0 8.23
8.50217e+247 0 8.24
1.70043e+248 0 8.25
3.40087e+248 0 8.26
6.80174e+248 0 8.27
1.36035e+249 0 8.28
2.7207e+249 0 8.29
5.44139e+249 0 8.3
1.08828e+250 0 8.31
2.17656e+250 0 8.32
4.35311e+250 0 8.33
8.70623e+250 0 8.34
1.74125e+251 0 8.35
3.48249e+251 0 8.36
6.96498e+251 0 8.37
1.393e+252 0 8.38
2.78599e+252 0 8.39
5.57199e+252 0 8.4
1.1144e+253 0 8.41
2.22879e+253 0 8.42
4.45759e+253 0 8.43
8.91518e+253 0 8.44
1.78304e+254 0 8.45
3.56607e+254 0 8.46
7.13214e+254 0 8.47
1.42643e+255 0 8.48
2.85286e+255 0 8.49
5.70571e+255 0 8.5
1.14114e+256 0 8.51
2.28229e+256 0 8.52
4.56457e+256 0 8.53
9.12914e+256 0 8.54
1.82583e+257 0 8.55
3.65166e+257 0 8.56
7.30331e+257 0 8.57
1.46066e+258 0 8.58
2.92132e+258 0 8.59
5.84265e+258 0 8.6
1.16853e+259 0 8.61
2.33706e+259 0 8.62
4.67412e+259 0 8.63
9.34824e+259 0 8.64
1.86965e+260 0 8.65
3.7393e+260 0 8.66
7.47859e+260 0 8.67
1.49572e+261 0 8.68
2.99144e+261 0 8.69
5.98287e+261 0 8.7
1.19657e+262 0 8.71
2.39315e+262 0 8.72
4.7863e+262 0 8.73
9.5726e+262 0 8.74
1.91452e+263 0 8.75
3.82904e+263 0 8.76
7.65808e+263 0 8.77
1.53162e+264 0 8.78
3.06323e+264 0 8.79
6.12646e+264 0 8.8
1.22529e+265 0 8.81
2.45058e+265 0 8.82
4.90117e+265 0 8.83
9.80234e+265 0 8.84
1.96047e+266 0 8.85
3.92094e+266 0 8.86
7.84187e+266 0 8.87
1.56837e+267 0 8.88
3.13675e+267 0 8.89
6.2735e+267 0 8.9
1.2547e+268 0 8.91
2.5094e+268 0 8.92
5.0188e+268 0 8.93
1.00376e+269 0 8.94
2.00752e+269 0 8.95
4.01504e+269 0 8.96
8.03008e+269 0 8.97
1.60602e+270 0 8.98
3.21203e+270 0 8.99
6.42406e+270 0 9
1.28481e+271 0 9.01
2.56962e+271 0 9.02
5.13925e+271 0 9.03
1.02785e+272 0 9.04
2.0557e+272 0 9.05
4.1114e+272 0 9.06
8.2228e+272 0 9.07
1.64456e+273 0 9.08
3.28912e+273 0 9.09
6.57824e+273 0 9.1
1.31565e+274 0 9.11
2.6313e+274 0 9.12
5.26259e+274 0 9.13
1.05252e+275 0 9.14
2.10504e+275 0 9.15
4.21007e+275 0 9.16
8.42015e+275 0 9.17
1.68403e+276 0 9.18
3.36806e+276 0 9.19
6.73612e+276 0 9.2
1.34722e+277 0 9.21
2.69445e+277 0 9.22
5.38889e+277 0 9.23
1.07778e+278 0 9.24
2.15556e+278 0 9.25
4.31111e+278 0 9.26
8.62223e+278 0 9.27
1.72445e+279 0 9.28
3.44889e+279 0 9.29
6.89778e+279 0 9.3
1.37956e+280 0 9.31
2.75911e+280 0 9.32
5.51823e+280 0 9.33
1.10365e+281 0 9.34
2.20729e+281 0 9.35
4.41458e+281 0 9.36
8.82916e+281 0 9.37
1.76583e+282 0 9.38
3.53167e+282 0 9.39
7.06333e+282 0 9.4
1.41267e+283 0 9.41
2.82533e+283 0 9.42
5.65066e+283 0 9.43
1.13013e+284 0 9.44
2.26027e+284 0 9.45
4.52053e+284 0 9.46
9.04106e+284 0 9.47
1.80821e+285 0 9.48
3.61643e+285 0 9.49
7.23285e+285 0 9.5
1.44657e+286 0 9.51
2.89314e+286 0 9.52
5.78628e+286 0 9.53
1.15726e+287 0 9.54
2.31451e+287 0 9.55
4.62902e+287 0 9.56
9.25805e+287 0 9.57
1.85161e+288 0 9.58
3.70322e+288 0 9.59
7.40644e+288 0 9.6
1.48129e+289 0 9.61
2.96258e+289 0 9.62
5.92515e+289 0 9.63
1.18503e+290 0 9.64
2.37006e+290 0 9.65
4.74012e+290 0 9.66
9.48024e+290 0 9.67
1.89605e+291 0 9.68
3.7921e+291 0 9.69
7.58419e+291 0 9.7
1.51684e+292 0 9.71
3.03368e+292 0 9.72
6.06735e+292 0 9.73
1.21347e+293 0 9.74
2.42694e+293 0 9.75
4.85388e+293 0 9.76
9.70777e+293 0 9.77
1.94155e+294 0 9.78
3.88311e+294 0 9.79
7.76621e+294 0 9.8
1.55324e+295 0 9.81
3.10649e+295 0 9.82
6.21297e+295 0 9.83
1.24259e+296 0 9.84
2.48519e+296 0 9.85
4.97038e+296 0 9.86
9.94075e+296 0 9.87
1.98815e+297 0 9.88
3.9763e+297 0 9.89
7.9526e+297 0 9.9
1.59052e+298 0 9.91
3.18104e+298 0 9.92
6.36208e+298 0 9.93
1.27242e+299 0 9.94
2.54483e+299 0 9.95
5.08967e+299 0 9.96
1.01793e+300 0 9.97
2.03587e+300 0 9.98
4.07173e+300 0 9.99
