-0.39 0 1.68512e+25 0
-0.362115 -0.101043 1.81346e+25 0.01
-0.305056 -0.193945 1.9619e+25 0.02
-0.220033 -0.269068 2.12462e+25 0.03
-0.112018 -0.316075 2.29041e+25 0.04
0.00921549 -0.325784 2.44141e+25 0.05
0.129249 -0.293083 2.55457e+25 0.06
0.231408 -0.219851 2.60771e+25 0.07
0.301167 -0.115839 2.58884e+25 0.08
0.330336 0.00378588 2.50234e+25 0.09
0.318471 0.122941 2.36662e+25 0.1
0.271243 0.228444 2.20535e+25 0.11
0.197515 0.31163 2.03934e+25 0.12
0.106862 0.368115 1.88299e+25 0.13
0.00812608 0.39676 1.74448e+25 0.14
-0.0911598 0.398586 1.62758e+25 0.15
-0.184848 0.375934 1.53344e+25 0.16
-0.268032 0.331916 1.46189e+25 0.17
-0.33684 0.270094 1.41226e+25 0.18
-0.388252 0.194322 1.38389e+25 0.19
-0.419963 0.10869 1.37629e+25 0.2
-0.430307 0.0175266 1.38935e+25 0.21
-0.418247 -0.0745487 1.42329e+25 0.22
-0.383451 -0.162571 1.47865e+25 0.23
-0.326452 -0.241179 1.55613e+25 0.24
-0.248925 -0.304619 1.65631e+25 0.25
-0.15409 -0.346875 1.77913e+25 0.26
-0.047225 -0.362041 1.92289e+25 0.27
0.0638248 -0.345094 2.08284e+25 0.28
0.168413 -0.293239 2.24928e+25 0.29
0.253688 -0.207766 2.40604e+25 0.3
0.306637 -0.0958239 2.531e+25 0.31
0.317634 0.0292255 2.60094e+25 0.32
0.284076 0.150176 2.60045e+25 0.33
0.211679 0.250601 2.52965e+25 0.34
0.112342 0.319144 2.40412e+25 0.35
0.000140477 0.351164 2.24711e+25 0.36
-0.112084 0.34773 2.08066e+25 0.37
-0.214394 0.313514 1.92088e+25 0.38
-0.299997 0.254857 1.77738e+25 0.39
-0.364779 0.178506 1.65485e+25 0.4
-0.406658 0.0909438 1.55495e+25 0.41
-0.425019 -0.00187911 1.47775e+25 0.42
-0.420299 -0.0946001 1.42266e+25 0.43
-0.393711 -0.182398 1.38897e+25 0.44
-0.3471 -0.260917 1.37616e+25 0.45
-0.28288 -0.326194 1.38401e+25 0.46
-0.204051 -0.374617 1.41265e+25 0.47
-0.114276 -0.402931 1.46256e+25 0.48
-0.0180081 -0.408322 1.53442e+25 0.49
0.079358 -0.388604 1.62889e+25 0.5
0.171341 -0.342579 1.74612e+25 0.51
0.25033 -0.270599 1.88496e+25 0.52
0.307815 -0.17539 2.04157e+25 0.53
0.335152 -0.0630133 2.2077e+25 0.54
0.325186 0.056372 2.36885e+25 0.55
0.274744 0.168744 2.50413e+25 0.56
0.187213 0.25835 2.58984e+25 0.57
0.0734369 0.311778 2.60772e+25 0.58
-0.0505176 0.322112 2.55361e+25 0.59
-0.167932 0.290563 2.43971e+25 0.6
-0.265589 0.224782 2.28829e+25 0.61
-0.335571 0.135556 2.12236e+25 0.62
-0.374873 0.0339262 1.95971e+25 0.63
-0.384049 -0.0704332 1.81146e+25 0.64
-0.36583 -0.169766 1.68337e+25 0.65
-0.324105 -0.258185 1.5777e+25 0.66
-0.26329 -0.331385 1.49482e+25 0.67
-0.187989 -0.386333 1.43424e+25 0.68
-0.102831 -0.420998 1.39525e+25 0.69
-0.0124382 -0.434165 1.37724e+25 0.7
0.07857 -0.425328 1.37993e+25 0.71
0.165528 -0.394656 1.40336e+25 0.72
0.243686 -0.343043 1.44791e+25 0.73
0.308187 -0.272234 1.51425e+25 0.74
0.354116 -0.185039 1.60305e+25 0.75
0.376659 -0.0856381 1.71468e+25 0.76
0.371471 0.020059 1.84838e+25 0.77
0.335375 0.124086 2.00117e+25 0.78
0.267482 0.216357 2.16605e+25 0.79
0.170704 0.285294 2.33022e+25 0.8
0.053184 0.319637 2.47421e+25 0.81
-0.0714457 0.311567 2.57443e+25 0.82
-0.186175 0.260068 2.6103e+25 0.83
-0.275024 0.172327 2.57359e+25 0.84
-0.327471 0.0617335 2.47273e+25 0.85
-0.340316 -0.0563419 2.32836e+25 0.86
-0.316565 -0.168357 2.16407e+25 0.87
-0.262922 -0.264457 1.99925e+25 0.88
-0.187493 -0.338611 1.84665e+25 0.89
-0.0983269 -0.387896 1.71318e+25 0.9
-0.00271321 -0.411622 1.60182e+25 0.91
0.0930334 -0.410597 1.51327e+25 0.92
0.183548 -0.386614 1.4472e+25 0.93
0.2643 -0.342129 1.4029e+25 0.94
0.331459 -0.280088 1.37973e+25 0.95
0.38179 -0.203856 1.3773e+25 0.96
0.412592 -0.117216 1.39556e+25 0.97
0.421692 -0.0244236 1.43483e+25 0.98
0.407517 0.0697093 1.49569e+25 0.99
0.369264 0.159723 1.57886e+25 1
0.307203 0.23945 1.68482e+25 1.01
0.223142 0.302054 1.81319e+25 1.02
0.121061 0.340326 1.96168e+25 1.03
0.00782971 0.347404 2.12447e+25 1.04
-0.106288 0.318186 2.29034e+25 1.05
-0.207946 0.251421 2.44145e+25 1.06
-0.282631 0.151919 2.55474e+25 1.07
-0.318331 0.0313923 2.60801e+25 1.08
-0.309558 -0.0935489 2.58922e+25 1.09
-0.259152 -0.205898 2.50272e+25 1.1
-0.176633 -0.292681 2.36694e+25 1.11
-0.0745742 -0.346967 2.20557e+25 1.12
0.0346995 -0.367355 2.03945e+25 1.13
0.140933 -0.356266 1.88299e+25 1.14
0.236444 -0.318234 1.7444e+25 1.15
0.315912 -0.258694 1.62745e+25 1.16
0.375924 -0.183273 1.53329e+25 1.17
0.414517 -0.097443 1.46173e+25 1.18
0.430827 -0.00639549 1.41213e+25 1.19
0.42484 0.0849724 1.38379e+25 1.2
0.397249 0.172018 1.37624e+25 1.21
0.349401 0.250301 1.38935e+25 1.22
0.283316 0.315543 1.42335e+25 1.23
0.201782 0.363621 1.47875e+25 1.24
0.108513 0.390636 1.55626e+25 1.25
0.00836262 0.393078 1.65647e+25 1.26
-0.0924351 0.36818 1.77927e+25 1.27
-0.186093 0.314522 1.92299e+25 1.28
-0.263339 0.232959 2.08288e+25 1.29
-0.314061 0.127818 2.24924e+25 1.3
-0.32891 0.00800063 2.40591e+25 1.31
-0.302004 -0.112868 2.53079e+25 1.32
-0.233937 -0.218338 2.60068e+25 1.33
-0.133211 -0.293224 2.60019e+25 1.34
-0.0144204 -0.328061 2.5294e+25 1.35
0.106067 -0.321184 2.40389e+25 1.36
0.214284 -0.277567 2.24691e+25 1.37
0.300743 -0.205943 2.08051e+25 1.38
0.360465 -0.116105 1.92079e+25 1.39
0.391984 -0.0172364 1.77736e+25 1.4
0.396196 0.0828077 1.6549e+25 1.41
0.375442 0.177629 1.55509e+25 1.42
0.332895 0.262153 1.47798e+25 1.43
0.272195 0.332416 1.42297e+25 1.44
0.197263 0.385359 1.38936e+25 1.45
0.112232 0.418679 1.37662e+25 1.46
0.0214407 0.430732 1.38451e+25 1.47
-0.0705244 0.420513 1.41317e+25 1.48
-0.158774 0.387707 1.46307e+25 1.49
-0.238068 0.332826 1.53488e+25 1.5
-0.302808 0.257462 1.62925e+25 1.51
-0.347148 0.164647 1.74634e+25 1.52
-0.365302 0.0593335 1.88498e+25 1.53
-0.352229 -0.0511066 2.04135e+25 1.54
-0.304831 -0.156588 2.20721e+25 1.55
-0.223696 -0.244705 2.3681e+25 1.56
-0.114921 -0.302447 2.50318e+25 1.57
0.00915717 -0.319458 2.58882e+25 1.58
0.131748 -0.2918 2.60676e+25 1.59
0.235923 -0.22387 2.55283e+25 1.6
0.309218 -0.126885 2.4392e+25 1.61
0.345891 -0.0150015 2.28807e+25 1.62
0.346313 0.0983956 2.12242e+25 1.63
0.314892 0.20274 1.96e+25 1.64
0.258012 0.290733 1.81196e+25 1.65
0.182593 0.357927 1.68404e+25 1.66
0.0953256 0.402064 1.5785e+25 1.67
0.00234204 0.422463 1.49571e+25 1.68
-0.090861 0.419555 1.43517e+25 1.69
-0.17938 0.394585 1.39618e+25 1.7
-0.258824 0.349436 1.37815e+25 1.71
-0.325235 0.286546 1.38077e+25 1.72
-0.375039 0.208915 1.40407e+25 1.73
-0.405036 0.120169 1.44846e+25 1.74
-0.412469 0.0246645 1.51457e+25 1.75
-0.395186 -0.0723616 1.60311e+25 1.76
-0.351958 -0.164657 1.71441e+25 1.77
-0.282987 -0.244894 1.84776e+25 1.78
-0.190655 -0.304838 2.00018e+25 1.79
-0.0804506 -0.33599 2.16472e+25 1.8
0.0382236 -0.331002 2.32863e+25 1.81
0.152037 -0.285983 2.47252e+25 1.82
0.245433 -0.203125 2.57286e+25 1.83
0.304358 -0.0920594 2.6091e+25 1.84
0.320602 0.0317333 2.57291e+25 1.85
0.294075 0.151221 2.47263e+25 1.86
0.231683 0.252298 2.3288e+25 1.87
0.144116 0.326114 2.16494e+25 1.88
0.0427236 0.369003 2.00041e+25 1.89
-0.0623862 0.381183 1.84799e+25 1.9
-0.163063 0.365291 1.7146e+25 1.91
-0.253126 0.325263 1.60324e+25 1.92
-0.328087 0.265618 1.51464e+25 1.93
-0.384814 0.191068 1.44844e+25 1.94
-0.421241 0.106337 1.40397e+25 1.95
-0.436156 0.0161035 1.38059e+25 1.96
-0.429075 -0.0749907 1.3779e+25 1.97
-0.400192 -0.1623 1.39587e+25 1.98
-0.350408 -0.241133 1.43482e+25 1.99
-0.281436 -0.306728 1.49533e+25 2
-0.195999 -0.354287 1.57813e+25 2.01
-0.0980962 -0.379109 1.68371e+25 2.02
0.00665031 -0.376916 1.81172e+25 2.03
0.110675 -0.344462 1.95989e+25 2.04
0.20435 -0.280553 2.12247e+25 2.05
0.276445 -0.18746 2.2883e+25 2.06
0.315666 -0.0723837 2.4396e+25 2.07
0.313506 0.051976 2.55336e+25 2.08
0.267668 0.169006 2.60733e+25 2.09
0.184011 0.262224 2.58937e+25 2.1
0.0752092 0.319939 2.50364e+25 2.11
-0.0432499 0.337749 2.36845e+25 2.12
-0.157181 0.317899 2.20744e+25 2.13
-0.255987 0.266852 2.04146e+25 2.14
-0.333058 0.192822 1.88496e+25 2.15
-0.385112 0.104108 1.7462e+25 2.16
-0.41129 0.00827359 1.629e+25 2.17
-0.412353 -0.0881425 1.53452e+25 2.18
-0.390117 -0.179615 1.46262e+25 2.19
-0.347091 -0.261514 1.41265e+25 2.2
-0.286273 -0.329968 1.38393e+25 2.21
-0.211063 -0.38174 1.376e+25 2.22
-0.125254 -0.414155 1.38875e+25 2.23
-0.0330665 -0.425077 1.42238e+25 2.24
0.0607677 -0.41297 1.47745e+25 2.25
0.150924 -0.377037 1.55467e+25 2.26
0.231418 -0.317492 1.65464e+25 2.27
0.295637 -0.235981 1.7773e+25 2.28
0.336566 -0.136163 1.92099e+25 2.29
0.347416 -0.0244028 2.081e+25 2.3
0.322866 0.0896819 2.24768e+25 2.31
0.261 0.193331 2.40491e+25 2.32
0.165533 0.272185 2.53055e+25 2.33
0.0470274 0.313622 2.60131e+25 2.34
-0.078491 0.310868 2.60162e+25 2.35
-0.193687 0.265403 2.53144e+25 2.36
-0.28461 0.185958 2.40622e+25 2.37
-0.343282 0.085037 2.24922e+25 2.38
-0.367573 -0.0246338 2.08258e+25 2.39
-0.359566 -0.132261 1.92247e+25 2.4
-0.323746 -0.229691 1.77858e+25 2.41
-0.265648 -0.311274 1.65565e+25 2.42
-0.191054 -0.373396 1.55537e+25 2.43
-0.105586 -0.414003 1.47782e+25 2.44
-0.0145533 -0.432201 1.42242e+25 2.45
0.0770686 -0.427988 1.38847e+25 2.46
0.164604 -0.402088 1.37544e+25 2.47
0.243621 -0.355869 1.3831e+25 2.48
0.309882 -0.291357 1.41159e+25 2.49
0.359338 -0.211305 1.46139e+25 2.5
0.388171 -0.11934 1.53317e+25 2.51
0.392943 -0.0201508 1.62761e+25 2.52
0.370905 0.0802778 1.74486e+25 2.53
0.320534 0.17449 1.88377e+25 2.54
0.242379 0.253578 2.04055e+25 2.55
0.140184 0.307683 2.20693e+25 2.56
0.0220242 0.327381 2.36846e+25 2.57
-0.0993074 0.306144 2.50423e+25 2.58
-0.207722 0.243364 2.5905e+25 2.59
-0.287547 0.146233 2.60888e+25 2.6
-0.328109 0.0286102 2.55509e+25 2.61
-0.326451 -0.0929968 2.44129e+25 2.62
-0.286726 -0.203879 2.28974e+25 2.63
-0.217448 -0.293692 2.12354e+25 2.64
-0.128589 -0.356799 1.96055e+25 2.65
-0.0296756 -0.391356 1.81196e+25 2.66
0.0710945 -0.398107 1.68356e+25 2.67
0.167051 -0.379379 1.57764e+25 2.68
0.252935 -0.338403 1.49455e+25 2.69
0.324673 -0.2789 1.4338e+25 2.7
0.37916 -0.204865 1.3947e+25 2.71
0.414089 -0.120482 1.37663e+25 2.72
0.427836 -0.0301066 1.37928e+25 2.73
0.419425 0.0616966 1.4027e+25 2.74
0.388559 0.150104 1.44728e+25 2.75
0.335739 0.229984 1.51365e+25 2.76
0.262487 0.295887 1.6025e+25 2.77
0.171669 0.342125 1.71419e+25 2.78
0.0679454 0.363043 1.84796e+25 2.79
-0.0417516 0.35361 2.00083e+25 2.8
-0.147877 0.310489 2.16582e+25 2.81
-0.238505 0.233651 2.33012e+25 2.82
-0.30073 0.128204 2.47429e+25 2.83
-0.323617 0.00542152 2.57472e+25 2.84
-0.301981 -0.118473 2.6108e+25 2.85
-0.238834 -0.226218 2.57422e+25 2.86
-0.144558 -0.304304 2.47338e+25 2.87
-0.0332672 -0.345832 2.32891e+25 2.88
0.0811586 -0.350372 2.16447e+25 2.89
0.187504 -0.322002 1.99948e+25 2.9
0.27792 -0.267104 1.84673e+25 2.91
0.347591 -0.19277 1.71316e+25 2.92
0.394055 -0.105905 1.60174e+25 2.93
0.416548 -0.0128356 1.51318e+25 2.94
0.415493 0.0807944 1.44713e+25 2.95
0.392162 0.169987 1.40286e+25 2.96
0.348477 0.250305 1.37974e+25 2.97
0.286906 0.317789 1.37736e+25 2.98
0.210458 0.368894 1.39568e+25 2.99
0.122726 0.400472 1.43498e+25 3
0.0279872 0.409821 1.49585e+25 3.01
-0.068666 0.394827 1.579e+25 3.02
-0.161192 0.354241 1.68489e+25 3.03
-0.242529 0.288139 1.81314e+25 3.04
-0.30472 0.198606 1.96146e+25 3.05
-0.339435 0.0906066 2.12406e+25 3.06
-0.339212 -0.0271764 2.28975e+25 3.07
-0.299553 -0.142132 2.44072e+25 3.08
-0.221536 -0.23902 2.55398e+25 3.09
-0.11354 -0.303315 2.60735e+25 3.1
0.00969963 -0.325597 2.58876e+25 3.11
0.130997 -0.304412 2.50251e+25 3.12
0.235418 -0.245786 2.36695e+25 3.13
0.313135 -0.160205 2.20576e+25 3.14
0.359749 -0.059282 2.03978e+25 3.15
0.375084 0.0464346 1.88343e+25 3.16
0.36165 0.148373 1.74493e+25 3.17
0.323414 0.240036 1.62806e+25 3.18
0.265 0.316727 1.53396e+25 3.19
0.191234 0.375201 1.46246e+25 3.2
0.106943 0.413348 1.41288e+25 3.21
0.0168718 0.429953 1.38454e+25 3.22
-0.0743063 0.424554 1.37696e+25 3.23
-0.161957 0.397369 1.39001e+25 3.24
-0.241437 0.349309 1.42389e+25 3.25
-0.308072 0.282068 1.47913e+25 3.26
-0.357172 0.198288 1.55642e+25 3.27
-0.38415 0.101812 1.65635e+25 3.28
-0.384799 -0.00199999 1.77883e+25 3.29
-0.355834 -0.105957 1.92219e+25 3.3
-0.295807 -0.200873 2.08169e+25 3.31
-0.206419 -0.275894 2.24773e+25 3.32
-0.0939899 -0.31978 2.4042e+25 3.33
0.0297413 -0.323475 2.5291e+25 3.34
0.148695 -0.283496 2.59927e+25 3.35
0.246061 -0.204326 2.59927e+25 3.36
0.309058 -0.097769 2.52908e+25 3.37
0.332025 0.0207152 2.40415e+25 3.38
0.316337 0.136351 2.24763e+25 3.39
0.268129 0.237778 2.08156e+25 3.4
0.195677 0.317752 1.92205e+25 3.41
0.107532 0.37259 1.77874e+25 3.42
0.0115376 0.401231 1.65633e+25 3.43
-0.0855213 0.404377 1.5565e+25 3.44
-0.177943 0.38386 1.47931e+25 3.45
-0.260988 0.34224 1.42419e+25 3.46
-0.330731 0.282573 1.39043e+25 3.47
-0.383925 0.208302 1.37748e+25 3.48
-0.417915 0.123233 1.38513e+25 3.49
-0.430605 0.0315658 1.4135e+25 3.5
-0.42049 -0.0620396 1.46307e+25 3.51
-0.386787 -0.152379 1.5345e+25 3.52
-0.329666 -0.233641 1.62846e+25 3.53
-0.250631 -0.299419 1.74512e+25 3.54
-0.15306 -0.342898 1.88333e+25 3.55
-0.0428526 -0.357387 2.03933e+25 3.56
0.0709892 -0.337409 2.20493e+25 3.57
0.176312 -0.280482 2.36579e+25 3.58
0.259016 -0.189303 2.50114e+25 3.59
0.306029 -0.0732606 2.58737e+25 3.6
0.309388 0.0523523 2.60615e+25 3.61
0.269169 0.170043 2.55314e+25 3.62
0.193166 0.264956 2.4403e+25 3.63
0.0936921 0.328026 2.28973e+25 3.64
-0.0161772 0.356307 2.1244e+25 3.65
-0.125101 0.351475 1.96209e+25 3.66
-0.224424 0.317928 1.814e+25 3.67
-0.308128 0.261288 1.68592e+25 3.68
-0.37238 0.187496 1.58015e+25 3.69
-0.415013 0.102332 1.49708e+25 3.7
-0.435098 0.0112377 1.43623e+25 3.71
-0.432643 -0.0807263 1.3969e+25 3.72
-0.408397 -0.16884 1.37851e+25 3.73
-0.363755 -0.24867 1.38076e+25 3.74
-0.300754 -0.316015 1.40369e+25 3.75
-0.222122 -0.366889 1.4477e+25 3.76
-0.131407 -0.397551 1.51343e+25 3.77
-0.0331549 -0.404638 1.6016e+25 3.78
0.0668791 -0.385425 1.71257e+25 3.79
0.16155 -0.338312 1.84565e+25 3.8
0.242301 -0.263586 1.99789e+25 3.81
0.299555 -0.164472 2.16243e+25 3.82
0.323886 -0.0482657 2.32657e+25 3.83
0.308245 0.0730864 2.47099e+25 3.84
0.250916 0.183979 2.57214e+25 3.85
0.157757 0.268423 2.60936e+25 3.86
0.041739 0.314635 2.57412e+25 3.87
-0.0806499 0.318318 2.47456e+25 3.88
-0.194025 0.282686 2.33112e+25 3.89
-0.287159 0.215923 2.16735e+25 3.9
-0.353699 0.128138 2.00269e+25 3.91
-0.391365 0.0291952 1.84998e+25 3.92
-0.400715 -0.072346 1.71622e+25 3.93
-0.384049 -0.169522 1.60445e+25 3.94
-0.344649 -0.256867 1.51543e+25 3.95
-0.286322 -0.330187 1.44882e+25 3.96
-0.213142 -0.38632 1.40396e+25 3.97
-0.129352 -0.422945 1.3802e+25 3.98
-0.0393334 -0.438457 1.37717e+25 3.99
0.0523616 -0.431906 1.39484e+25 4
0.140965 -0.403017 1.43351e+25 4.01
0.221445 -0.352288 1.49379e+25 4.02
0.288484 -0.281177 1.5764e+25 4.03
0.336552 -0.192411 1.68186e+25 4.04
0.360126 -0.0903843 1.80984e+25 4.05
0.354209 0.0183742 1.95808e+25 4.06
0.315279 0.124837 2.12089e+25 4.07
0.242775 0.217574 2.28713e+25 4.08
0.140887 0.283878 2.43906e+25 4.09
0.0198126 0.312382 2.55359e+25 4.1
-0.104925 0.296758 2.60839e+25 4.11
-0.215908 0.238608 2.59112e+25 4.12
-0.298673 0.147328 2.50581e+25 4.13
-0.345121 0.0368479 2.3707e+25 4.14
-0.353931 -0.0785169 2.20949e+25 4.15
-0.328758 -0.186892 2.04313e+25 4.16
-0.275946 -0.279836 1.88618e+25 4.17
-0.202743 -0.352125 1.74696e+25 4.18
-0.116277 -0.401065 1.62933e+25 4.19
-0.0230804 -0.42579 1.53447e+25 4.2
0.0710388 -0.426708 1.46224e+25 4.21
0.160976 -0.405117 1.412e+25 4.22
0.24224 -0.362977 1.38307e+25 4.23
0.310859 -0.302793 1.37499e+25 4.24
0.363312 -0.227588 1.38762e+25 4.25
0.396497 -0.140931 1.4212e+25 4.26
0.407765 -0.0470307 1.47626e+25 4.27
0.395042 0.0491483 1.55351e+25 4.28
0.357071 0.141758 1.65356e+25 4.29
0.293823 0.22399 1.77635e+25 4.3
0.207122 0.288154 1.92022e+25 4.31
0.101463 0.326117 2.08047e+25 4.32
-0.0151501 0.330361 2.24747e+25 4.33
-0.130838 0.295894 2.40508e+25 4.34
-0.23078 0.222771 2.53115e+25 4.35
-0.300147 0.118105 2.60232e+25 4.36
-0.328416 -0.00425183 2.60293e+25 4.37
-0.312736 -0.127133 2.53284e+25 4.38
-0.258125 -0.234855 2.40751e+25 4.39
-0.174741 -0.31659 2.25024e+25 4.4
-0.0744048 -0.367133 2.08326e+25 4.41
0.0318942 -0.385845 1.9228e+25 4.42
0.135141 -0.375073 1.77859e+25 4.43
0.22849 -0.3388 1.65542e+25 4.44
0.307015 -0.281749 1.55496e+25 4.45
0.367343 -0.208872 1.47729e+25 4.46
0.407306 -0.125102 1.42184e+25 4.47
0.425684 -0.0352639 1.38787e+25 4.48
0.422033 0.0559313 1.37487e+25 4.49
0.396596 0.143849 1.38258e+25 4.5
0.350299 0.223889 1.41116e+25 4.51
0.284821 0.291451 1.46104e+25 4.52
0.202738 0.341948 1.53293e+25 4.53
0.107755 0.370903 1.62745e+25 4.54
0.0049909 0.374186 1.74479e+25 4.55
-0.0987065 0.348496 1.88376e+25 4.56
-0.194578 0.292175 2.04058e+25 4.57
-0.272161 0.206429 2.207e+25 4.58
-0.320344 0.0967532 2.36855e+25 4.59
-0.329655 -0.0260736 2.50435e+25 4.6
-0.295535 -0.146622 2.59067e+25 4.61
-0.221079 -0.247933 2.60909e+25 4.62
-0.117078 -0.316238 2.5553e+25 4.63
0.0011942 -0.344589 2.44145e+25 4.64
0.118445 -0.333381 2.28981e+25 4.65
0.222538 -0.288321 2.12352e+25 4.66
0.305545 -0.217699 1.96045e+25 4.67
0.363332 -0.130303 1.81182e+25 4.68
0.394603 -0.0342746 1.68343e+25 4.69
0.399983 0.0633421 1.57756e+25 4.7
0.381312 0.15665 1.49455e+25 4.71
0.341205 0.240787 1.43391e+25 4.72
0.282775 0.311762 1.39492e+25 4.73
0.209516 0.366311 1.37695e+25 4.74
0.125253 0.401794 1.3797e+25 4.75
0.034174 0.416148 1.40319e+25 4.76
-0.0591202 0.407905 1.4478e+25 4.77
-0.149534 0.376295 1.51415e+25 4.78
-0.231414 0.321457 1.60293e+25 4.79
-0.298551 0.244775 1.71447e+25 4.8
-0.344327 0.149375 1.84803e+25 4.81
-0.362168 0.040734 2.00062e+25 4.82
-0.346501 -0.0727266 2.16528e+25 4.83
-0.294363 -0.179469 2.32926e+25 4.84
-0.207522 -0.265741 2.47319e+25 4.85
-0.0941954 -0.318175 2.57352e+25 4.86
0.0311837 -0.327738 2.6097e+25 4.87
0.151144 -0.293086 2.57336e+25 4.88
0.250024 -0.220941 2.47284e+25 4.89
0.317645 -0.123287 2.32872e+25 4.9
0.350166 -0.0134828 2.16458e+25 4.91
0.348777 0.0965835 1.99986e+25 4.92
0.317738 0.197722 1.84733e+25 4.93
0.26275 0.283516 1.71394e+25 4.94
0.189908 0.349879 1.60266e+25 4.95
0.105164 0.394517 1.51421e+25 4.96
0.0140984 0.416456 1.44822e+25 4.97
-0.0781281 0.415708 1.40398e+25 4.98
-0.166743 0.393046 0 4.99
