0.39 0 0
0.39 0 0.01
0.78 0 0.02
1.56 0 0.03
3.12 0 0.04
6.24 0 0.05
12.48 0 0.06
24.96 0 0.07
49.92 0 0.08
99.84 0 0.09
199.68 0 0.1
399.36 0 0.11
798.72 0 0.12
1597.44 0 0.13
3194.88 0 0.14
6389.76 0 0.15
12779.5 0 0.16
25559 0 0.17
51118.1 0 0.18
102236 0 0.19
204472 0 0.2
408945 0 0.21
817889 0 0.22
1.63578e+06 0 0.23
3.27156e+06 0 0.24
6.54311e+06 0 0.25
1.30862e+07 0 0.26
2.61725e+07 0 0.27
5.23449e+07 0 0.28
1.0469e+08 0 0.29
2.0938e+08 0 0.3
4.18759e+08 0 0.31
8.37519e+08 0 0.32
1.67504e+09 0 0.33
3.35007e+09 0 0.34
6.70015e+09 0 0.35
1.34003e+10 0 0.36
2.68006e+10 0 0.37
5.36012e+10 0 0.38
1.07202e+11 0 0.39
2.14405e+11 0 0.4
4.2881e+11 0 0.41
8.57619e+11 0 0.42
1.71524e+12 0 0.43
3.43048e+12 0 0.44
6.86095e+12 0 0.45
1.37219e+13 0 0.46
2.74438e+13 0 0.47
5.48876e+13 0 0.48
1.09775e+14 0 0.49
2.1955e+14 0 0.5
4.39101e+14 0 0.51
8.78202e+14 0 0.52
1.7564e+15 0 0.53
3.51281e+15 0 0.54
7.02562e+15 0 0.55
1.40512e+16 0 0.56
2.81025e+16 0 0.57
5.62049e+16 0 0.58
1.1241e+17 0 0.59
2.2482e+17 0 0.6
4.49639e+17 0 0.61
8.99279e+17 0 0.62
1.79856e+18 0 0.63
3.59712e+18 0 0.64
7.19423e+18 0 0.65
1.43885e+19 0 0.66
2.87769e+19 0 0.67
5.75538e+19 0 0.68
1.15108e+20 0 0.69
2.30215e+20 0 0.7
4.60431e+20 0 0.71
9.20861e+20 0 0.72
1.84172e+21 0 0.73
3.68345e+21 0 0.74
7.36689e+21 0 0.75
1.47338e+22 0 0.76
2.94676e+22 0 0.77
5.89351e+22 0 0.78
1.1787e+23 0 0.79
2.35741e+23 0 0.8
4.71481e+23 0 0.81
9.42962e+23 0 0.82
1.88592e+24 0 0.83
3.77185e+24 0 0.84
7.5437e+24 0 0.85
1.50874e+25 0 0.86
3.01748e+25 0 0.87
6.03496e+25 0 0.88
1.20699e+26 0 0.89
2.41398e+26 0 0.9
4.82797e+26 0 0.91
9.65593e+26 0 0.92
1.93119e+27 0 0.93
3.86237e+27 0 0.94
7.72475e+27 0 0.95
1.54495e+28 0 0.96
3.0899e+28 0 0.97
6.1798e+28 0 0.98
1.23596e+29 0 0.99
2.47192e+29 0 1
4.94384e+29 0 1.01
9.88767e+29 0 1.02
1.97753e+30 0 1.03
3.95507e+30 0 1.04
7.91014e+30 0 1.05
1.58203e+31 0 1.06
3.16406e+31 0 1.07
6.32811e+31 0 1.08
1.26562e+32 0 1.09
2.53124e+32 0 1.1
5.06249e+32 0 1.11
1.0125e+33 0 1.12
2.025e+33 0 1.13
4.04999e+33 0 1.14
8.09998e+33 0 1.15
1.62e+34 0 1.16
3.23999e+34 0 1.17
6.47999e+34 0 1.18
1.296e+35 0 1.19
2.59199e+35 0 1.2
5.18399e+35 0 1.21
1.0368e+36 0 1.22
2.0736e+36 0 1.23
4.14719e+36 0 1.24
8.29438e+36 0 1.25
1.65888e+37 0 1.26
3.31775e+37 0 1.27
6.63551e+37 0 1.28
1.3271e+38 0 1.29
2.6542e+38 0 1.3
5.3084e+38 0 1.31
1.06168e+39 0 1.32
2.12336e+39 0 1.33
4.24672e+39 0 1.34
8.49345e+39 0 1.35
1.69869e+40 0 1.36
3.39738e+40 0 1.37
6.79476e+40 0 1.38
1.35895e+41 0 1.39
2.7179e+41 0 1.4
5.43581e+41 0 1.41
1.08716e+42 0 1.42
2.17432e+42 0 1.43
4.34865e+42 0 1.44
8.69729e+42 0 1.45
1.73946e+43 0 1.46
3.47892e+43 0 1.47
6.95783e+43 0 1.48
1.39157e+44 0 1.49
2.78313e+44 0 1.5
5.56627e+44 0 1.51
1.11325e+45 0 1.52
2.22651e+45 0 1.53
4.45301e+45 0 1.54
8.90603e+45 0 1.55
1.78121e+46 0 1.56
3.56241e+46 0 1.57
7.12482e+46 0 1.58
1.42496e+47 0 1.59
2.84993e+47 0 1.6
5.69986e+47 0 1.61
1.13997e+48 0 1.62
2.27994e+48 0 1.63
4.55989e+48 0 1.64
9.11977e+48 0 1.65
1.82395e+49 0 1.66
3.64791e+49 0 1.67
7.29582e+49 0 1.68
1.45916e+50 0 1.69
2.91833e+50 0 1.7
5.83665e+50 0 1.71
1.16733e+51 0 1.72
2.33466e+51 0 1.73
4.66932e+51 0 1.74
9.33864e+51 0 1.75
1.86773e+52 0 1.76
3.73546e+52 0 1.77
7.47092e+52 0 1.78
1.49418e+53 0 1.79
2.98837e+53 0 1.8
5.97673e+53 0 1.81
1.19535e+54 0 1.82
2.39069e+54 0 1.83
4.78139e+54 0 1.84
9.56277e+54 0 1.85
1.91255e+55 0 1.86
3.82511e+55 0 1.87
7.65022e+55 0 1.88
1.53004e+56 0 1.89
3.06009e+56 0 1.9
6.12017e+56 0 1.91
1.22403e+57 0 1.92
2.44807e+57 0 1.93
4.89614e+57 0 1.94
9.79228e+57 0 1.95
1.95846e+58 0 1.96
3.91691e+58 0 1.97
7.83382e+58 0 1.98
1.56676e+59 0 1.99
3.13353e+59 0 2
6.26706e+59 0 2.01
1.25341e+60 0 2.02
2.50682e+60 0 2.03
5.01365e+60 0 2.04
1.00273e+61 0 2.05
2.00546e+61 0 2.06
4.01092e+61 0 2.07
8.02183e+61 0 2.08
1.60437e+62 0 2.09
3.20873e+62 0 2.1
6.41747e+62 0 2.11
1.28349e+63 0 2.12
2.56699e+63 0 2.13
5.13397e+63 0 2.14
1.02679e+64 0 2.15
2.05359e+64 0 2.16
4.10718e+64 0 2.17
8.21436e+64 0 2.18
1.64287e+65 0 2.19
3.28574e+65 0 2.2
6.57149e+65 0 2.21
1.3143e+66 0 2.22
2.62859e+66 0 2.23
5.25719e+66 0 2.24
1.05144e+67 0 2.25
2.10288e+67 0 2.26
4.20575e+67 0 2.27
8.4115e+67 0 2.28
1.6823e+68 0 2.29
3.3646e+68 0 2.3
6.7292e+68 0 2.31
1.34584e+69 0 2.32
2.69168e+69 0 2.33
5.38336e+69 0 2.34
1.07667e+70 0 2.35
2.15334e+70 0 2.36
4.30669e+70 0 2.37
8.61338e+70 0 2.38
1.72268e+71 0 2.39
3.44535e+71 0 2.4
6.8907e+71 0 2.41
1.37814e+72 0 2.42
2.75628e+72 0 2.43
5.51256e+72 0 2.44
1.10251e+73 0 2.45
2.20503e+73 0 2.46
4.41005e+73 0 2.47
8.8201e+73 0 2.48
1.76402e+74 0 2.49
3.52804e+74 0 2.5
7.05608e+74 0 2.51
1.41122e+75 0 2.52
2.82243e+75 0 2.53
5.64486e+75 0 2.54
1.12897e+76 0 2.55
2.25795e+76 0 2.56
4.51589e+76 0 2.57
9.03178e+76 0 2.58
1.80636e+77 0 2.59
3.61271e+77 0 2.6
7.22543e+77 0 2.61
1.44509e+78 0 2.62
2.89017e+78 0 2.63
5.78034e+78 0 2.64
1.15607e+79 0 2.65
2.31214e+79 0 2.66
4.62427e+79 0 2.67
9.24855e+79 0 2.68
1.84971e+80 0 2.69
3.69942e+80 0 2.7
7.39884e+80 0 2.71
1.47977e+81 0 2.72
2.95953e+81 0 2.73
5.91907e+81 0 2.74
1.18381e+82 0 2.75
2.36763e+82 0 2.76
4.73526e+82 0 2.77
9.47051e+82 0 2.78
1.8941e+83 0 2.79
3.7882e+83 0 2.8
7.57641e+83 0 2.81
1.51528e+84 0 2.82
3.03056e+84 0 2.83
6.06113e+84 0 2.84
1.21223e+85 0 2.85
2.42445e+85 0 2.86
4.8489e+85 0 2.87
9.6978e+85 0 2.88
1.93956e+86 0 2.89
3.87912e+86 0 2.9
7.75824e+86 0 2.91
1.55165e+87 0 2.92
3.1033e+87 0 2.93
6.20659e+87 0 2.94
1.24132e+88 0 2.95
2.48264e+88 0 2.96
4.96528e+88 0 2.97
9.93055e+88 0 2.98
1.98611e+89 0 2.99
3.97222e+89 0 3
7.94444e+89 0 3.01
1.58889e+90 0 3.02
3.17778e+90 0 3.03
6.35555e+90 0 3.04
1.27111e+91 0 3.05
2.54222e+91 0 3.06
5.08444e+91 0 3.07
1.01689e+92 0 3.08
2.03378e+92 0 3.09
4.06755e+92 0 3.1
8.13511e+92 0 3.11
1.62702e+93 0 3.12
3.25404e+93 0 3.13
6.50809e+93 0 3.14
1.30162e+94 0 3.15
2.60323e+94 0 3.16
5.20647e+94 0 3.17
1.04129e+95 0 3.18
2.08259e+95 0 3.19
4.16517e+95 0 3.2
8.33035e+95 0 3.21
1.66607e+96 0 3.22
3.33214e+96 0 3.23
6.66428e+96 0 3.24
1.33286e+97 0 3.25
2.66571e+97 0 3.26
5.33142e+97 0 3.27
1.06628e+98 0 3.28
2.13257e+98 0 3.29
4.26514e+98 0 3.3
8.53028e+98 0 3.31
1.70606e+99 0 3.32
3.41211e+99 0 3.33
6.82422e+99 0 3.34
1.36484e+100 0 3.35
2.72969e+100 0 3.36
5.45938e+100 0 3.37
1.09188e+101 0 3.38
2.18375e+101 0 3.39
4.3675e+101 0 3.4
8.735e+101 0 3.41
1.747e+102 0 3.42
3.494e+102 0 3.43
6.988e+102 0 3.44
1.3976e+103 0 3.45
2.7952e+103 0 3.46
5.5904e+103 0 3.47
1.11808e+104 0 3.48
2.23616e+104 0 3.49
4.47232e+104 0 3.5
8.94464e+104 0 3.51
1.78893e+105 0 3.52
3.57786e+105 0 3.53
7.15572e+105 0 3.54
1.43114e+106 0 3.55
2.86229e+106 0 3.56
5.72457e+106 0 3.57
1.14491e+107 0 3.58
2.28983e+107 0 3.59
4.57966e+107 0 3.6
9.15932e+107 0 3.61
1.83186e+108 0 3.62
3.66373e+108 0 3.63
7.32745e+108 0 3.64
1.46549e+109 0 3.65
2.93098e+109 0 3.66
5.86196e+109 0 3.67
1.17239e+110 0 3.68
2.34478e+110 0 3.69
4.68957e+110 0 3.7
9.37914e+110 0 3.71
1.87583e+111 0 3.72
3.75166e+111 0 3.73
7.50331e+111 0 3.74
1.50066e+112 0 3.75
3.00132e+112 0 3.76
6.00265e+112 0 3.77
1.20053e+113 0 3.78
2.40106e+113 0 3.79
4.80212e+113 0 3.8
9.60424e+113 0 3.81
1.92085e+114 0 3.82
3.8417e+114 0 3.83
7.68339e+114 0 3.84
1.53668e+115 0 3.85
3.07336e+115 0 3.86
6.14671e+115 0 3.87
1.22934e+116 0 3.88
2.45869e+116 0 3.89
4.91737e+116 0 3.9
9.83474e+116 0 3.91
1.96695e+117 0 3.92
3.9339e+117 0 3.93
7.86779e+117 0 3.94
1.57356e+118 0 3.95
3.14712e+118 0 3.96
6.29423e+118 0 3.97
1.25885e+119 0 3.98
2.51769e+119 0 3.99
5.03539e+119 0 4
1.00708e+120 0 4.01
2.01415e+120 0 4.02
4.02831e+120 0 4.03
8.05662e+120 0 4.04
1.61132e+121 0 4.05
3.22265e+121 0 4.06
6.4453e+121 0 4.07
1.28906e+122 0 4.08
2.57812e+122 0 4.09
5.15624e+122 0 4.1
1.03125e+123 0 4.11
2.06249e+123 0 4.12
4.12499e+123 0 4.13
8.24998e+123 0 4.14
1.65e+124 0 4.15
3.29999e+124 0 4.16
6.59998e+124 0 4.17
1.32e+125 0 4.18
2.63999e+125 0 4.19
5.27999e+125 0 4.2
1.056e+126 0 4.21
2.11199e+126 0 4.22
4.22399e+126 0 4.23
8.44798e+126 0 4.24
1.6896e+127 0 4.25
3.37919e+127 0 4.26
6.75838e+127 0 4.27
1.35168e+128 0 4.28
2.70335e+128 0 4.29
5.40671e+128 0 4.3
1.08134e+129 0 4.31
2.16268e+129 0 4.32
4.32536e+129 0 4.33
8.65073e+129 0 4.34
1.73015e+130 0 4.35
3.46029e+130 0 4.36
6.92058e+130 0 4.37
1.38412e+131 0 4.38
2.76823e+131 0 4.39
5.53647e+131 0 4.4
1.10729e+132 0 4.41
2.21459e+132 0 4.42
4.42917e+132 0 4.43
8.85835e+132 0 4.44
1.77167e+133 0 4.45
3.54334e+133 0 4.46
7.08668e+133 0 4.47
1.41734e+134 0 4.48
2.83467e+134 0 4.49
5.66934e+134 0 4.5
1.13387e+135 0 4.51
2.26774e+135 0 4.52
4.53547e+135 0 4.53
9.07095e+135 0 4.54
1.81419e+136 0 4.55
3.62838e+136 0 4.56
7.25676e+136 0 4.57
1.45135e+137 0 4.58
2.9027e+137 0 4.59
5.80541e+137 0 4.6
1.16108e+138 0 4.61
2.32216e+138 0 4.62
4.64433e+138 0 4.63
9.28865e+138 0 4.64
1.85773e+139 0 4.65
3.71546e+139 0 4.66
7.43092e+139 0 4.67
1.48618e+140 0 4.68
2.97237e+140 0 4.69
5.94474e+140 0 4.7
1.18895e+141 0 4.71
2.37789e+141 0 4.72
4.75579e+141 0 4.73
9.51158e+141 0 4.74
1.90232e+142 0 4.75
3.80463e+142 0 4.76
7.60926e+142 0 4.77
1.52185e+143 0 4.78
3.0437e+143 0 4.79
6.08741e+143 0 4.8
1.21748e+144 0 4.81
2.43496e+144 0 4.82
4.86993e+144 0 4.83
9.73986e+144 0 4.84
1.94797e+145 0 4.85
3.89594e+145 0 4.86
7.79188e+145 0 4.87
1.55838e+146 0 4.88
3.11675e+146 0 4.89
6.23351e+146 0 4.9
1.2467e+147 0 4.91
2.4934e+147 0 4.92
4.98681e+147 0 4.93
9.97361e+147 0 4.94
1.99472e+148 0 4.95
3.98944e+148 0 4.96
7.97889e+148 0 4.97
1.59578e+149 0 4.98
3.19156e+149 0 4.99
6.38311e+149 0 5
1.27662e+150 0 5.01
2.55324e+150 0 5.02
5.10649e+150 0 5.03
1.0213e+151 0 5.04
2.0426e+151 0 5.05
4.08519e+151 0 5.06
8.17038e+151 0 5.07
1.63408e+152 0 5.08
3.26815e+152 0 5.09
6.53631e+152 0 5.1
1.30726e+153 0 5.11
2.61452e+153 0 5.12
5.22905e+153 0 5.13
1.04581e+154 0 5.14
2.09162e+154 0 5.15
4.18324e+154 0 5.16
8.36647e+154 0 5.17
1.67329e+155 0 5.18
3.34659e+155 0 5.19
6.69318e+155 0 5.2
1.33864e+156 0 5.21
2.67727e+156 0 5.22
5.35454e+156 0 5.23
1.07091e+157 0 5.24
2.14182e+157 0 5.25
4.28363e+157 0 5.26
8.56727e+157 0 5.27
1.71345e+158 0 5.28
3.42691e+158 0 5.29
6.85381e+158 0 5.3
1.37076e+159 0 5.31
2.74153e+159 0 5.32
5.48305e+159 0 5.33
1.09661e+160 0 5.34
2.19322e+160 0 5.35
4.38644e+160 0 5.36
8.77288e+160 0 5.37
1.75458e+161 0 5.38
3.50915e+161 0 5.39
7.01831e+161 0 5.4
1.40366e+162 0 5.41
2.80732e+162 0 5.42
5.61464e+162 0 5.43
1.12293e+163 0 5.44
2.24586e+163 0 5.45
4.49172e+163 0 5.46
8.98343e+163 0 5.47
1.79669e+164 0 5.48
3.59337e+164 0 5.49
7.18674e+164 0 5.5
1.43735e+165 0 5.51
2.8747e+165 0 5.52
5.7494e+165 0 5.53
1.14988e+166 0 5.54
2.29976e+166 0 5.55
4.59952e+166 0 5.56
9.19903e+166 0 5.57
1.83981e+167 0 5.58
3.67961e+167 0 5.59
7.35923e+167 0 5.6
1.47185e+168 0 5.61
2.94369e+168 0 5.62
5.88738e+168 0 5.63
1.17748e+169 0 5.64
2.35495e+169 0 5.65
4.70991e+169 0 5.66
9.41981e+169 0 5.67
1.88396e+170 0 5.68
3.76792e+170 0 5.69
7.53585e+170 0 5.7
1.50717e+171 0 5.71
3.01434e+171 0 5.72
6.02868e+171 0 5.73
1.20574e+172 0 5.74
2.41147e+172 0 5.75
4.82294e+172 0 5.76
9.64589e+172 0 5.77
1.92918e+173 0 5.78
3.85835e+173 0 5.79
7.71671e+173 0 5.8
1.54334e+174 0 5.81
3.08668e+174 0 5.82
6.17337e+174 0 5.83
1.23467e+175 0 5.84
2.46935e+175 0 5.85
4.93869e+175 0 5.86
9.87739e+175 0 5.87
1.97548e+176 0 5.88
3.95095e+176 0 5.89
7.90191e+176 0 5.9
1.58038e+177 0 5.91
3.16076e+177 0 5.92
6.32153e+177 0 5.93
1.26431e+178 0 5.94
2.52861e+178 0 5.95
5.05722e+178 0 5.96
1.01144e+179 0 5.97
2.02289e+179 0 5.98
4.04578e+179 0 5.99
8.09156e+179 0 6
1.61831e+180 0 6.01
3.23662e+180 0 6.02
6.47324e+180 0 6.03
1.29465e+181 0 6.04
2.5893e+181 0 6.05
5.1786e+181 0 6.06
1.03572e+182 0 6.07
2.07144e+182 0 6.08
4.14288e+182 0 6.09
8.28575e+182 0 6.1
1.65715e+183 0 6.11
3.3143e+183 0 6.12
6.6286e+183 0 6.13
1.32572e+184 0 6.14
2.65144e+184 0 6.15
5.30288e+184 0 6.16
1.06058e+185 0 6.17
2.12115e+185 0 6.18
4.24231e+185 0 6.19
8.48461e+185 0 6.2
1.69692e+186 0 6.21
3.39384e+186 0 6.22
6.78769e+186 0 6.23
1.35754e+187 0 6.24
2.71508e+187 0 6.25
5.43015e+187 0 6.26
1.08603e+188 0 6.27
2.17206e+188 0 6.28
4.34412e+188 0 6.29
8.68824e+188 0 6.3
1.73765e+189 0 6.31
3.4753e+189 0 6.32
6.95059e+189 0 6.33
1.39012e+190 0 6.34
2.78024e+190 0 6.35
5.56047e+190 0 6.36
1.11209e+191 0 6.37
2.22419e+191 0 6.38
4.44838e+191 0 6.39
8.89676e+191 0 6.4
1.77935e+192 0 6.41
3.5587e+192 0 6.42
7.11741e+192 0 6.43
1.42348e+193 0 6.44
2.84696e+193 0 6.45
5.69393e+193 0 6.46
1.13879e+194 0 6.47
2.27757e+194 0 6.48
4.55514e+194 0 6.49
9.11028e+194 0 6.5
1.82206e+195 0 6.51
3.64411e+195 0 6.52
7.28823e+195 0 6.53
1.45765e+196 0 6.54
2.91529e+196 0 6.55
5.83058e+196 0 6.56
1.16612e+197 0 6.57
2.33223e+197 0 6.58
4.66446e+197 0 6.59
9.32893e+197 0 6.6
1.86579e+198 0 6.61
3.73157e+198 0 6.62
7.46314e+198 0 6.63
1.49263e+199 0 6.64
2.98526e+199 0 6.65
5.97051e+199 0 6.66
1.1941e+200 0 6.67
2.38821e+200 0 6.68
4.77641e+200 0 6.69
9.55282e+200 0 6.7
1.91056e+201 0 6.71
3.82113e+201 0 6.72
7.64226e+201 0 6.73
1.52845e+202 0 6.74
3.0569e+202 0 6.75
6.11381e+202 0 6.76
1.22276e+203 0 6.77
2.44552e+203 0 6.78
4.89105e+203 0 6.79
9.78209e+203 0 6.8
1.95642e+204 0 6.81
3.91284e+204 0 6.82
7.82567e+204 0 6.83
1.56513e+205 0 6.84
3.13027e+205 0 6.85
6.26054e+205 0 6.86
1.25211e+206 0 6.87
2.50422e+206 0 6.88
5.00843e+206 0 6.89
1.00169e+207 0 6.9
2.00337e+207 0 6.91
4.00674e+207 0 6.92
8.01349e+207 0 6.93
1.6027e+208 0 6.94
3.2054e+208 0 6.95
6.41079e+208 0 6.96
1.28216e+209 0 6.97
2.56432e+209 0 6.98
5.12863e+209 0 6.99
1.02573e+210 0 7
2.05145e+210 0 7.01
4.10291e+210 0 7.02
8.20581e+210 0 7.03
1.64116e+211 0 7.04
3.28232e+211 0 7.05
6.56465e+211 0 7.06
1.31293e+212 0 7.07
2.62586e+212 0 7.08
5.25172e+212 0 7.09
1.05034e+213 0 7.1
2.10069e+213 0 7.11
4.20138e+213 0 7.12
8.40275e+213 0 7.13
1.68055e+214 0 7.14
3.3611e+214 0 7.15
6.7222e+214 0 7.16
1.34444e+215 0 7.17
2.68888e+215 0 7.18
5.37776e+215 0 7.19
1.07555e+216 0 7.2
2.1511e+216 0 7.21
4.30221e+216 0 7.22
8.60442e+216 0 7.23
1.72088e+217 0 7.24
3.44177e+217 0 7.25
6.88353e+217 0 7.26
1.37671e+218 0 7.27
2.75341e+218 0 7.28
5.50683e+218 0 7.29
1.10137e+219 0 7.3
2.20273e+219 0 7.31
4.40546e+219 0 7.32
8.81092e+219 0 7.33
1.76218e+220 0 7.34
3.52437e+220 0 7.35
7.04874e+220 0 7.36
1.40975e+221 0 7.37
2.8195e+221 0 7.38
5.63899e+221 0 7.39
1.1278e+222 0 7.4
2.2556e+222 0 7.41
4.51119e+222 0 7.42
9.02239e+222 0 7.43
1.80448e+223 0 7.44
3.60895e+223 0 7.45
7.21791e+223 0 7.46
1.44358e+224 0 7.47
2.88716e+224 0 7.48
5.77433e+224 0 7.49
1.15487e+225 0 7.5
2.30973e+225 0 7.51
4.61946e+225 0 7.52
9.23892e+225 0 7.53
1.84778e+226 0 7.54
3.69557e+226 0 7.55
7.39114e+226 0 7.56
1.47823e+227 0 7.57
2.95646e+227 0 7.58
5.91291e+227 0 7.59
1.18258e+228 0 7.6
2.36516e+228 0 7.61
4.73033e+228 0 7.62
9.46066e+228 0 7.63
1.89213e+229 0 7.64
3.78426e+229 0 7.65
7.56853e+229 0 7.66
1.51371e+230 0 7.67
3.02741e+230 0 7.68
6.05482e+230 0 7.69
1.21096e+231 0 7.7
2.42193e+231 0 7.71
4.84386e+231 0 7.72
9.68771e+231 0 7.73
1.93754e+232 0 7.74
3.87509e+232 0 7.75
7.75017e+232 0 7.76
1.55003e+233 0 7.77
3.10007e+233 0 7.78
6.20014e+233 0 7.79
1.24003e+234 0 7.8
2.48005e+234 0 7.81
4.96011e+234 0 7.82
9.92022e+234 0 7.83
1.98404e+235 0 7.84
3.96809e+235 0 7.85
7.93617e+235 0 7.86
1.58723e+236 0 7.87
3.17447e+236 0 7.88
6.34894e+236 0 7.89
1.26979e+237 0 7.9
2.53958e+237 0 7.91
5.07915e+237 0 7.92
1.01583e+238 0 7.93
2.03166e+238 0 7.94
4.06332e+238 0 7.95
8.12664e+238 0 7.96
1.62533e+239 0 7.97
3.25066e+239 0 7.98
6.50131e+239 0 7.99
1.30026e+240 0 8
2.60053e+240 0 8.01
5.20105e+240 0 8.02
1.04021e+241 0 8.03
2.08042e+241 0 8.04
4.16084e+241 0 8.05
8.32168e+241 0 8.06
1.66434e+242 0 8.07
3.32867e+242 0 8.08
6.65735e+242 0 8.09
1.33147e+243 0 8.1
2.66294e+243 0 8.11
5.32588e+243 0 8.12
1.06518e+244 0 8.13
2.13035e+244 0 8.14
4.2607e+244 0 8.15
8.5214e+244 0 8.16
1.70428e+245 0 8.17
3.40856e+245 0 8.18
6.81712e+245 0 8.19
1.36342e+246 0 8.2
2.72685e+246 0 8.21
5.4537e+246 0 8.22
1.09074e+247 0 8.23
2.18148e+247 0 8.24
4.36296e+247 0 8.25
8.72592e+247 0 8.26
1.74518e+248 0 8.27
3.49037e+248 0 8.28
6.98073e+248 0 8.29
1.39615e+249 0 8.3
2.79229e+249 0 8.31
5.58459e+249 0 8.32
1.11692e+250 0 8.33
2.23383e+250 0 8.34
4.46767e+250 0 8.35
8.93534e+250 0 8.36
1.78707e+251 0 8.37
3.57414e+251 0 8.38
7.14827e+251 0 8.39
1.42965e+252 0 8.4
2.85931e+252 0 8.41
5.71862e+252 0 8.42
1.14372e+253 0 8.43
2.28745e+253 0 8.44
4.57489e+253 0 8.45
9.14979e+253 0 8.46
1.82996e+254 0 8.47
3.65991e+254 0 8.48
7.31983e+254 0 8.49
1.46397e+255 0 8.5
2.92793e+255 0 8.51
5.85586e+255 0 8.52
1.17117e+256 0 8.53
2.34235e+256 0 8.54
4.68469e+256 0 8.55
9.36938e+256 0 8.56
1.87388e+257 0 8.57
3.74775e+257 0 8.58
7.4955e+257 0 8.59
1.4991e+258 0 8.6
2.9982e+258 0 8.61
5.9964e+258 0 8.62
1.19928e+259 0 8.63
2.39856e+259 0 8.64
4.79712e+259 0 8.65
9.59425e+259 0 8.66
1.91885e+260 0 8.67
3.8377e+260 0 8.68
7.6754e+260 0 8.69
1.53508e+261 0 8.7
3.07016e+261 0 8.71
6.14032e+261 0 8.72
1.22806e+262 0 8.73
2.45613e+262 0 8.74
4.91225e+262 0 8.75
9.82451e+262 0 8.76
1.9649e+263 0 8.77
3.9298e+263 0 8.78
7.85961e+263 0 8.79
1.57192e+264 0 8.8
3.14384e+264 0 8.81
6.28769e+264 0 8.82
1.25754e+265 0 8.83
2.51507e+265 0 8.84
5.03015e+265 0 8.85
1.00603e+266 0 8.86
2.01206e+266 0 8.87
4.02412e+266 0 8.88
8.04824e+266 0 8.89
1.60965e+267 0 8.9
3.21929e+267 0 8.91
6.43859e+267 0 8.92
1.28772e+268 0 8.93
2.57544e+268 0 8.94
5.15087e+268 0 8.95
1.03017e+269 0 8.96
2.06035e+269 0 8.97
4.1207e+269 0 8.98
8.24139e+269 0 8.99
1.64828e+270 0 9
3.29656e+270 0 9.01
6.59312e+270 0 9.02
1.31862e+271 0 9.03
2.63725e+271 0 9.04
5.27449e+271 0 9.05
1.0549e+272 0 9.06
2.1098e+272 0 9.07
4.21959e+272 0 9.08
8.43919e+272 0 9.09
1.68784e+273 0 9.1
3.37568e+273 0 9.11
6.75135e+273 0 9.12
1.35027e+274 0 9.13
2.70054e+274 0 9.14
5.40108e+274 0 9.15
1.08022e+275 0 9.16
2.16043e+275 0 9.17
4.32086e+275 0 9.18
8.64173e+275 0 9.19
1.72835e+276 0 9.2
3.45669e+276 0 9.21
6.91338e+276 0 9.22
1.38268e+277 0 9.23
2.76535e+277 0 9.24
5.53071e+277 0 9.25
1.10614e+278 0 9.26
2.21228e+278 0 9.27
4.42457e+278 0 9.28
8.84913e+278 0 9.29
1.76983e+279 0 9.3
3.53965e+279 0 9.31
7.0793e+279 0 9.32
1.41586e+280 0 9.33
2.83172e+280 0 9.34
5.66344e+280 0 9.35
1.13269e+281 0 9.36
2.26538e+281 0 9.37
4.53075e+281 0 9.38
9.06151e+281 0 9.39
1.8123e+282 0 9.4
3.6246e+282 0 9.41
7.24921e+282 0 9.42
1.44984e+283 0 9.43
2.89968e+283 0 9.44
5.79937e+283 0 9.45
1.15987e+284 0 9.46
2.31975e+284 0 9.47
4.63949e+284 0 9.48
9.27899e+284 0 9.49
1.8558e+285 0 9.5
3.71159e+285 0 9.51
7.42319e+285 0 9.52
1.48464e+286 0 9.53
2.96928e+286 0 9.54
5.93855e+286 0 9.55
1.18771e+287 0 9.56
2.37542e+287 0 9.57
4.75084e+287 0 9.58
9.50168e+287 0 9.59
1.90034e+288 0 9.6
3.80067e+288 0 9.61
7.60134e+288 0 9.62
1.52027e+289 0 9.63
3.04054e+289 0 9.64
6.08108e+289 0 9.65
1.21622e+290 0 9.66
2.43243e+290 0 9.67
4.86486e+290 0 9.68
9.72972e+290 0 9.69
1.94594e+291 0 9.7
3.89189e+291 0 9.71
7.78378e+291 0 9.72
1.55676e+292 0 9.73
3.11351e+292 0 9.74
6.22702e+292 0 9.75
1.2454e+293 0 9.76
2.49081e+293 0 9.77
4.98162e+293 0 9.78
9.96323e+293 0 9.79
1.99265e+294 0 9.8
3.98529e+294 0 9.81
7.97059e+294 0 9.82
1.59412e+295 0 9.83
3.18824e+295 0 9.84
6.37647e+295 0 9.85
1.27529e+296 0 9.86
2.55059e+296 0 9.87
5.10118e+296 0 9.88
1.02024e+297 0 9.89
2.04047e+297 0 9.9
4.08094e+297 0 9.91
8.16188e+297 0 9.92
1.63238e+298 0 9.93
3.26475e+298 0 9.94
6.52951e+298 0 9.95
1.3059e+299 0 9.96
2.6118e+299 0 9.97
5.2236e+299 0 9.98
1.04472e+300 0 9.99
