30.06 0 0
30.06 0 0.01
60.12 0 0.02
120.24 0 0.03
240.48 0 0.04
480.96 0 0.05
961.92 0 0.06
1923.84 0 0.07
3847.68 0 0.08
7695.36 0 0.09
15390.7 0 0.1
30781.4 0 0.11
61562.9 0 0.12
123126 0 0.13
246252 0 0.14
492503 0 0.15
985006 0 0.16
1.97001e+06 0 0.17
3.94002e+06 0 0.18
7.88005e+06 0 0.19
1.57601e+07 0 0.2
3.15202e+07 0 0.21
6.30404e+07 0 0.22
1.26081e+08 0 0.23
2.52162e+08 0 0.24
5.04323e+08 0 0.25
1.00865e+09 0 0.26
2.01729e+09 0 0.27
4.03458e+09 0 0.28
8.06917e+09 0 0.29
1.61383e+10 0 0.3
3.22767e+10 0 0.31
6.45534e+10 0 0.32
1.29107e+11 0 0.33
2.58213e+11 0 0.34
5.16427e+11 0 0.35
1.03285e+12 0 0.36
2.06571e+12 0 0.37
4.13141e+12 0 0.38
8.26283e+12 0 0.39
1.65257e+13 0 0.4
3.30513e+13 0 0.41
6.61026e+13 0 0.42
1.32205e+14 0 0.43
2.64411e+14 0 0.44
5.28821e+14 0 0.45
1.05764e+15 0 0.46
2.11528e+15 0 0.47
4.23057e+15 0 0.48
8.46114e+15 0 0.49
1.69223e+16 0 0.5
3.38446e+16 0 0.51
6.76891e+16 0 0.52
1.35378e+17 0 0.53
2.70756e+17 0 0.54
5.41513e+17 0 0.55
1.08303e+18 0 0.56
2.16605e+18 0 0.57
4.3321e+18 0 0.58
8.66421e+18 0 0.59
1.73284e+19 0 0.6
3.46568e+19 0 0.61
6.93136e+19 0 0.62
1.38627e+20 0 0.63
2.77255e+20 0 0.64
5.54509e+20 0 0.65
1.10902e+21 0 0.66
2.21804e+21 0 0.67
4.43607e+21 0 0.68
8.87215e+21 0 0.69
1.77443e+22 0 0.7
3.54886e+22 0 0.71
7.09772e+22 0 0.72
1.41954e+23 0 0.73
2.83909e+23 0 0.74
5.67817e+23 0 0.75
1.13563e+24 0 0.76
2.27127e+24 0 0.77
4.54254e+24 0 0.78
9.08508e+24 0 0.79
1.81702e+25 0 0.8
3.63403e+25 0 0.81
7.26806e+25 0 0.82
1.45361e+26 0 0.83
2.90722e+26 0 0.84
5.81445e+26 0 0.85
1.16289e+27 0 0.86
2.32578e+27 0 0.87
4.65156e+27 0 0.88
9.30312e+27 0 0.89
1.86062e+28 0 0.9
3.72125e+28 0 0.91
7.4425e+28 0 0.92
1.4885e+29 0 0.93
2.977e+29 0 0.94
5.954e+29 0 0.95
1.1908e+30 0 0.96
2.3816e+30 0 0.97
4.7632e+30 0 0.98
9.52639e+30 0 0.99
1.90528e+31 0 1
3.81056e+31 0 1.01
7.62112e+31 0 1.02
1.52422e+32 0 1.03
3.04845e+32 0 1.04
6.09689e+32 0 1.05
1.21938e+33 0 1.06
2.43876e+33 0 1.07
4.87751e+33 0 1.08
9.75503e+33 0 1.09
1.95101e+34 0 1.1
3.90201e+34 0 1.11
7.80402e+34 0 1.12
1.5608e+35 0 1.13
3.12161e+35 0 1.14
6.24322e+35 0 1.15
1.24864e+36 0 1.16
2.49729e+36 0 1.17
4.99457e+36 0 1.18
9.98915e+36 0 1.19
1.99783e+37 0 1.2
3.99566e+37 0 1.21
7.99132e+37 0 1.22
1.59826e+38 0 1.23
3.19653e+38 0 1.24
6.39305e+38 0 1.25
1.27861e+39 0 1.26
2.55722e+39 0 1.27
5.11444e+39 0 1.28
1.02289e+40 0 1.29
2.04578e+40 0 1.3
4.09156e+40 0 1.31
8.18311e+40 0 1.32
1.63662e+41 0 1.33
3.27324e+41 0 1.34
6.54649e+41 0 1.35
1.3093e+42 0 1.36
2.6186e+42 0 1.37
5.23719e+42 0 1.38
1.04744e+43 0 1.39
2.09488e+43 0 1.4
4.18975e+43 0 1.41
8.37951e+43 0 1.42
1.6759e+44 0 1.43
3.3518e+44 0 1.44
6.7036e+44 0 1.45
1.34072e+45 0 1.46
2.68144e+45 0 1.47
5.36288e+45 0 1.48
1.07258e+46 0 1.49
2.14515e+46 0 1.5
4.29031e+46 0 1.51
8.58061e+46 0 1.52
1.71612e+47 0 1.53
3.43225e+47 0 1.54
6.86449e+47 0 1.55
1.3729e+48 0 1.56
2.7458e+48 0 1.57
5.49159e+48 0 1.58
1.09832e+49 0 1.59
2.19664e+49 0 1.6
4.39327e+49 0 1.61
8.78655e+49 0 1.62
1.75731e+50 0 1.63
3.51462e+50 0 1.64
7.02924e+50 0 1.65
1.40585e+51 0 1.66
2.8117e+51 0 1.67
5.62339e+51 0 1.68
1.12468e+52 0 1.69
2.24936e+52 0 1.7
4.49871e+52 0 1.71
8.99742e+52 0 1.72
1.79948e+53 0 1.73
3.59897e+53 0 1.74
7.19794e+53 0 1.75
1.43959e+54 0 1.76
2.87918e+54 0 1.77
5.75835e+54 0 1.78
1.15167e+55 0 1.79
2.30334e+55 0 1.8
4.60668e+55 0 1.81
9.21336e+55 0 1.82
1.84267e+56 0 1.83
3.68535e+56 0 1.84
7.37069e+56 0 1.85
1.47414e+57 0 1.86
2.94828e+57 0 1.87
5.89655e+57 0 1.88
1.17931e+58 0 1.89
2.35862e+58 0 1.9
4.71724e+58 0 1.91
9.43448e+58 0 1.92
1.8869e+59 0 1.93
3.77379e+59 0 1.94
7.54759e+59 0 1.95
1.50952e+60 0 1.96
3.01903e+60 0 1.97
6.03807e+60 0 1.98
1.20761e+61 0 1.99
2.41523e+61 0 2
4.83046e+61 0 2.01
9.66091e+61 0 2.02
1.93218e+62 0 2.03
3.86436e+62 0 2.04
7.72873e+62 0 2.05
1.54575e+63 0 2.06
3.09149e+63 0 2.07
6.18298e+63 0 2.08
1.2366e+64 0 2.09
2.47319e+64 0 2.1
4.94639e+64 0 2.11
9.89277e+64 0 2.12
1.97855e+65 0 2.13
3.95711e+65 0 2.14
7.91422e+65 0 2.15
1.58284e+66 0 2.16
3.16569e+66 0 2.17
6.33137e+66 0 2.18
1.26627e+67 0 2.19
2.53255e+67 0 2.2
5.0651e+67 0 2.21
1.01302e+68 0 2.22
2.02604e+68 0 2.23
4.05208e+68 0 2.24
8.10416e+68 0 2.25
1.62083e+69 0 2.26
3.24166e+69 0 2.27
6.48333e+69 0 2.28
1.29667e+70 0 2.29
2.59333e+70 0 2.3
5.18666e+70 0 2.31
1.03733e+71 0 2.32
2.07466e+71 0 2.33
4.14933e+71 0 2.34
8.29866e+71 0 2.35
1.65973e+72 0 2.36
3.31946e+72 0 2.37
6.63893e+72 0 2.38
1.32779e+73 0 2.39
2.65557e+73 0 2.4
5.31114e+73 0 2.41
1.06223e+74 0 2.42
2.12446e+74 0 2.43
4.24891e+74 0 2.44
8.49783e+74 0 2.45
1.69957e+75 0 2.46
3.39913e+75 0 2.47
6.79826e+75 0 2.48
1.35965e+76 0 2.49
2.7193e+76 0 2.5
5.43861e+76 0 2.51
1.08772e+77 0 2.52
2.17544e+77 0 2.53
4.35089e+77 0 2.54
8.70178e+77 0 2.55
1.74036e+78 0 2.56
3.48071e+78 0 2.57
6.96142e+78 0 2.58
1.39228e+79 0 2.59
2.78457e+79 0 2.6
5.56914e+79 0 2.61
1.11383e+80 0 2.62
2.22765e+80 0 2.63
4.45531e+80 0 2.64
8.91062e+80 0 2.65
1.78212e+81 0 2.66
3.56425e+81 0 2.67
7.12849e+81 0 2.68
1.4257e+82 0 2.69
2.8514e+82 0 2.7
5.7028e+82 0 2.71
1.14056e+83 0 2.72
2.28112e+83 0 2.73
4.56224e+83 0 2.74
9.12447e+83 0 2.75
1.82489e+84 0 2.76
3.64979e+84 0 2.77
7.29958e+84 0 2.78
1.45992e+85 0 2.79
2.91983e+85 0 2.8
5.83966e+85 0 2.81
1.16793e+86 0 2.82
2.33587e+86 0 2.83
4.67173e+86 0 2.84
9.34346e+86 0 2.85
1.86869e+87 0 2.86
3.73738e+87 0 2.87
7.47477e+87 0 2.88
1.49495e+88 0 2.89
2.98991e+88 0 2.9
5.97981e+88 0 2.91
1.19596e+89 0 2.92
2.39193e+89 0 2.93
4.78385e+89 0 2.94
9.5677e+89 0 2.95
1.91354e+90 0 2.96
3.82708e+90 0 2.97
7.65416e+90 0 2.98
1.53083e+91 0 2.99
3.06167e+91 0 3
6.12333e+91 0 3.01
1.22467e+92 0 3.02
2.44933e+92 0 3.03
4.89866e+92 0 3.04
9.79733e+92 0 3.05
1.95947e+93 0 3.06
3.91893e+93 0 3.07
7.83786e+93 0 3.08
1.56757e+94 0 3.09
3.13515e+94 0 3.1
6.27029e+94 0 3.11
1.25406e+95 0 3.12
2.50812e+95 0 3.13
5.01623e+95 0 3.14
1.00325e+96 0 3.15
2.00649e+96 0 3.16
4.01299e+96 0 3.17
8.02597e+96 0 3.18
1.60519e+97 0 3.19
3.21039e+97 0 3.2
6.42078e+97 0 3.21
1.28416e+98 0 3.22
2.56831e+98 0 3.23
5.13662e+98 0 3.24
1.02732e+99 0 3.25
2.05465e+99 0 3.26
4.1093e+99 0 3.27
8.21859e+99 0 3.28
1.64372e+100 0 3.29
3.28744e+100 0 3.3
6.57488e+100 0 3.31
1.31498e+101 0 3.32
2.62995e+101 0 3.33
5.2599e+101 0 3.34
1.05198e+102 0 3.35
2.10396e+102 0 3.36
4.20792e+102 0 3.37
8.41584e+102 0 3.38
1.68317e+103 0 3.39
3.36634e+103 0 3.4
6.73267e+103 0 3.41
1.34653e+104 0 3.42
2.69307e+104 0 3.43
5.38614e+104 0 3.44
1.07723e+105 0 3.45
2.15446e+105 0 3.46
4.30891e+105 0 3.47
8.61782e+105 0 3.48
1.72356e+106 0 3.49
3.44713e+106 0 3.5
6.89426e+106 0 3.51
1.37885e+107 0 3.52
2.7577e+107 0 3.53
5.51541e+107 0 3.54
1.10308e+108 0 3.55
2.20616e+108 0 3.56
4.41232e+108 0 3.57
8.82465e+108 0 3.58
1.76493e+109 0 3.59
3.52986e+109 0 3.6
7.05972e+109 0 3.61
1.41194e+110 0 3.62
2.82389e+110 0 3.63
5.64778e+110 0 3.64
1.12956e+111 0 3.65
2.25911e+111 0 3.66
4.51822e+111 0 3.67
9.03644e+111 0 3.68
1.80729e+112 0 3.69
3.61458e+112 0 3.7
7.22915e+112 0 3.71
1.44583e+113 0 3.72
2.89166e+113 0 3.73
5.78332e+113 0 3.74
1.15666e+114 0 3.75
2.31333e+114 0 3.76
4.62666e+114 0 3.77
9.25331e+114 0 3.78
1.85066e+115 0 3.79
3.70133e+115 0 3.8
7.40265e+115 0 3.81
1.48053e+116 0 3.82
2.96106e+116 0 3.83
5.92212e+116 0 3.84
1.18442e+117 0 3.85
2.36885e+117 0 3.86
4.7377e+117 0 3.87
9.47539e+117 0 3.88
1.89508e+118 0 3.89
3.79016e+118 0 3.9
7.58032e+118 0 3.91
1.51606e+119 0 3.92
3.03213e+119 0 3.93
6.06425e+119 0 3.94
1.21285e+120 0 3.95
2.4257e+120 0 3.96
4.8514e+120 0 3.97
9.7028e+120 0 3.98
1.94056e+121 0 3.99
3.88112e+121 0 4
7.76224e+121 0 4.01
1.55245e+122 0 4.02
3.1049e+122 0 4.03
6.20979e+122 0 4.04
1.24196e+123 0 4.05
2.48392e+123 0 4.06
4.96784e+123 0 4.07
9.93567e+123 0 4.08
1.98713e+124 0 4.09
3.97427e+124 0 4.1
7.94854e+124 0 4.11
1.58971e+125 0 4.12
3.17941e+125 0 4.13
6.35883e+125 0 4.14
1.27177e+126 0 4.15
2.54353e+126 0 4.16
5.08706e+126 0 4.17
1.01741e+127 0 4.18
2.03483e+127 0 4.19
4.06965e+127 0 4.2
8.1393e+127 0 4.21
1.62786e+128 0 4.22
3.25572e+128 0 4.23
6.51144e+128 0 4.24
1.30229e+129 0 4.25
2.60458e+129 0 4.26
5.20915e+129 0 4.27
1.04183e+130 0 4.28
2.08366e+130 0 4.29
4.16732e+130 0 4.3
8.33465e+130 0 4.31
1.66693e+131 0 4.32
3.33386e+131 0 4.33
6.66772e+131 0 4.34
1.33354e+132 0 4.35
2.66709e+132 0 4.36
5.33417e+132 0 4.37
1.06683e+133 0 4.38
2.13367e+133 0 4.39
4.26734e+133 0 4.4
8.53468e+133 0 4.41
1.70694e+134 0 4.42
3.41387e+134 0 4.43
6.82774e+134 0 4.44
1.36555e+135 0 4.45
2.7311e+135 0 4.46
5.46219e+135 0 4.47
1.09244e+136 0 4.48
2.18488e+136 0 4.49
4.36975e+136 0 4.5
8.73951e+136 0 4.51
1.7479e+137 0 4.52
3.4958e+137 0 4.53
6.99161e+137 0 4.54
1.39832e+138 0 4.55
2.79664e+138 0 4.56
5.59329e+138 0 4.57
1.11866e+139 0 4.58
2.23731e+139 0 4.59
4.47463e+139 0 4.6
8.94926e+139 0 4.61
1.78985e+140 0 4.62
3.5797e+140 0 4.63
7.15941e+140 0 4.64
1.43188e+141 0 4.65
2.86376e+141 0 4.66
5.72752e+141 0 4.67
1.1455e+142 0 4.68
2.29101e+142 0 4.69
4.58202e+142 0 4.7
9.16404e+142 0 4.71
1.83281e+143 0 4.72
3.66562e+143 0 4.73
7.33123e+143 0 4.74
1.46625e+144 0 4.75
2.93249e+144 0 4.76
5.86499e+144 0 4.77
1.173e+145 0 4.78
2.34599e+145 0 4.79
4.69199e+145 0 4.8
9.38398e+145 0 4.81
1.8768e+146 0 4.82
3.75359e+146 0 4.83
7.50718e+146 0 4.84
1.50144e+147 0 4.85
3.00287e+147 0 4.86
6.00574e+147 0 4.87
1.20115e+148 0 4.88
2.4023e+148 0 4.89
4.8046e+148 0 4.9
9.60919e+148 0 4.91
1.92184e+149 0 4.92
3.84368e+149 0 4.93
7.68735e+149 0 4.94
1.53747e+150 0 4.95
3.07494e+150 0 4.96
6.14988e+150 0 4.97
1.22998e+151 0 4.98
2.45995e+151 0 4.99
4.91991e+151 0 5
9.83981e+151 0 5.01
1.96796e+152 0 5.02
3.93592e+152 0 5.03
7.87185e+152 0 5.04
1.57437e+153 0 5.05
3.14874e+153 0 5.06
6.29748e+153 0 5.07
1.2595e+154 0 5.08
2.51899e+154 0 5.09
5.03798e+154 0 5.1
1.0076e+155 0 5.11
2.01519e+155 0 5.12
4.03039e+155 0 5.13
8.06077e+155 0 5.14
1.61215e+156 0 5.15
3.22431e+156 0 5.16
6.44862e+156 0 5.17
1.28972e+157 0 5.18
2.57945e+157 0 5.19
5.1589e+157 0 5.2
1.03178e+158 0 5.21
2.06356e+158 0 5.22
4.12712e+158 0 5.23
8.25423e+158 0 5.24
1.65085e+159 0 5.25
3.30169e+159 0 5.26
6.60339e+159 0 5.27
1.32068e+160 0 5.28
2.64135e+160 0 5.29
5.28271e+160 0 5.3
1.05654e+161 0 5.31
2.11308e+161 0 5.32
4.22617e+161 0 5.33
8.45233e+161 0 5.34
1.69047e+162 0 5.35
3.38093e+162 0 5.36
6.76187e+162 0 5.37
1.35237e+163 0 5.38
2.70475e+163 0 5.39
5.40949e+163 0 5.4
1.0819e+164 0 5.41
2.1638e+164 0 5.42
4.3276e+164 0 5.43
8.65519e+164 0 5.44
1.73104e+165 0 5.45
3.46208e+165 0 5.46
6.92415e+165 0 5.47
1.38483e+166 0 5.48
2.76966e+166 0 5.49
5.53932e+166 0 5.5
1.10786e+167 0 5.51
2.21573e+167 0 5.52
4.43146e+167 0 5.53
8.86291e+167 0 5.54
1.77258e+168 0 5.55
3.54517e+168 0 5.56
7.09033e+168 0 5.57
1.41807e+169 0 5.58
2.83613e+169 0 5.59
5.67227e+169 0 5.6
1.13445e+170 0 5.61
2.26891e+170 0 5.62
4.53781e+170 0 5.63
9.07562e+170 0 5.64
1.81512e+171 0 5.65
3.63025e+171 0 5.66
7.2605e+171 0 5.67
1.4521e+172 0 5.68
2.9042e+172 0 5.69
5.8084e+172 0 5.7
1.16168e+173 0 5.71
2.32336e+173 0 5.72
4.64672e+173 0 5.73
9.29344e+173 0 5.74
1.85869e+174 0 5.75
3.71738e+174 0 5.76
7.43475e+174 0 5.77
1.48695e+175 0 5.78
2.9739e+175 0 5.79
5.9478e+175 0 5.8
1.18956e+176 0 5.81
2.37912e+176 0 5.82
4.75824e+176 0 5.83
9.51648e+176 0 5.84
1.9033e+177 0 5.85
3.80659e+177 0 5.86
7.61319e+177 0 5.87
1.52264e+178 0 5.88
3.04527e+178 0 5.89
6.09055e+178 0 5.9
1.21811e+179 0 5.91
2.43622e+179 0 5.92
4.87244e+179 0 5.93
9.74488e+179 0 5.94
1.94898e+180 0 5.95
3.89795e+180 0 5.96
7.7959e+180 0 5.97
1.55918e+181 0 5.98
3.11836e+181 0 5.99
6.23672e+181 0 6
1.24734e+182 0 6.01
2.49469e+182 0 6.02
4.98938e+182 0 6.03
9.97876e+182 0 6.04
1.99575e+183 0 6.05
3.9915e+183 0 6.06
7.983e+183 0 6.07
1.5966e+184 0 6.08
3.1932e+184 0 6.09
6.3864e+184 0 6.1
1.27728e+185 0 6.11
2.55456e+185 0 6.12
5.10912e+185 0 6.13
1.02182e+186 0 6.14
2.04365e+186 0 6.15
4.0873e+186 0 6.16
8.1746e+186 0 6.17
1.63492e+187 0 6.18
3.26984e+187 0 6.19
6.53968e+187 0 6.2
1.30794e+188 0 6.21
2.61587e+188 0 6.22
5.23174e+188 0 6.23
1.04635e+189 0 6.24
2.0927e+189 0 6.25
4.18539e+189 0 6.26
8.37079e+189 0 6.27
1.67416e+190 0 6.28
3.34831e+190 0 6.29
6.69663e+190 0 6.3
1.33933e+191 0 6.31
2.67865e+191 0 6.32
5.3573e+191 0 6.33
1.07146e+192 0 6.34
2.14292e+192 0 6.35
4.28584e+192 0 6.36
8.57169e+192 0 6.37
1.71434e+193 0 6.38
3.42867e+193 0 6.39
6.85735e+193 0 6.4
1.37147e+194 0 6.41
2.74294e+194 0 6.42
5.48588e+194 0 6.43
1.09718e+195 0 6.44
2.19435e+195 0 6.45
4.3887e+195 0 6.46
8.77741e+195 0 6.47
1.75548e+196 0 6.48
3.51096e+196 0 6.49
7.02192e+196 0 6.5
1.40438e+197 0 6.51
2.80877e+197 0 6.52
5.61754e+197 0 6.53
1.12351e+198 0 6.54
2.24702e+198 0 6.55
4.49403e+198 0 6.56
8.98806e+198 0 6.57
1.79761e+199 0 6.58
3.59523e+199 0 6.59
7.19045e+199 0 6.6
1.43809e+200 0 6.61
2.87618e+200 0 6.62
5.75236e+200 0 6.63
1.15047e+201 0 6.64
2.30094e+201 0 6.65
4.60189e+201 0 6.66
9.20378e+201 0 6.67
1.84076e+202 0 6.68
3.68151e+202 0 6.69
7.36302e+202 0 6.7
1.4726e+203 0 6.71
2.94521e+203 0 6.72
5.89042e+203 0 6.73
1.17808e+204 0 6.74
2.35617e+204 0 6.75
4.71233e+204 0 6.76
9.42467e+204 0 6.77
1.88493e+205 0 6.78
3.76987e+205 0 6.79
7.53973e+205 0 6.8
1.50795e+206 0 6.81
3.01589e+206 0 6.82
6.03179e+206 0 6.83
1.20636e+207 0 6.84
2.41271e+207 0 6.85
4.82543e+207 0 6.86
9.65086e+207 0 6.87
1.93017e+208 0 6.88
3.86034e+208 0 6.89
7.72069e+208 0 6.9
1.54414e+209 0 6.91
3.08828e+209 0 6.92
6.17655e+209 0 6.93
1.23531e+210 0 6.94
2.47062e+210 0 6.95
4.94124e+210 0 6.96
9.88248e+210 0 6.97
1.9765e+211 0 6.98
3.95299e+211 0 6.99
7.90598e+211 0 7
1.5812e+212 0 7.01
3.16239e+212 0 7.02
6.32479e+212 0 7.03
1.26496e+213 0 7.04
2.52991e+213 0 7.05
5.05983e+213 0 7.06
1.01197e+214 0 7.07
2.02393e+214 0 7.08
4.04786e+214 0 7.09
8.09573e+214 0 7.1
1.61915e+215 0 7.11
3.23829e+215 0 7.12
6.47658e+215 0 7.13
1.29532e+216 0 7.14
2.59063e+216 0 7.15
5.18127e+216 0 7.16
1.03625e+217 0 7.17
2.07251e+217 0 7.18
4.14501e+217 0 7.19
8.29003e+217 0 7.2
1.65801e+218 0 7.21
3.31601e+218 0 7.22
6.63202e+218 0 7.23
1.3264e+219 0 7.24
2.65281e+219 0 7.25
5.30562e+219 0 7.26
1.06112e+220 0 7.27
2.12225e+220 0 7.28
4.24449e+220 0 7.29
8.48899e+220 0 7.3
1.6978e+221 0 7.31
3.39559e+221 0 7.32
6.79119e+221 0 7.33
1.35824e+222 0 7.34
2.71648e+222 0 7.35
5.43295e+222 0 7.36
1.08659e+223 0 7.37
2.17318e+223 0 7.38
4.34636e+223 0 7.39
8.69272e+223 0 7.4
1.73854e+224 0 7.41
3.47709e+224 0 7.42
6.95418e+224 0 7.43
1.39084e+225 0 7.44
2.78167e+225 0 7.45
5.56334e+225 0 7.46
1.11267e+226 0 7.47
2.22534e+226 0 7.48
4.45067e+226 0 7.49
8.90135e+226 0 7.5
1.78027e+227 0 7.51
3.56054e+227 0 7.52
7.12108e+227 0 7.53
1.42422e+228 0 7.54
2.84843e+228 0 7.55
5.69686e+228 0 7.56
1.13937e+229 0 7.57
2.27874e+229 0 7.58
4.55749e+229 0 7.59
9.11498e+229 0 7.6
1.823e+230 0 7.61
3.64599e+230 0 7.62
7.29198e+230 0 7.63
1.4584e+231 0 7.64
2.91679e+231 0 7.65
5.83359e+231 0 7.66
1.16672e+232 0 7.67
2.33343e+232 0 7.68
4.66687e+232 0 7.69
9.33374e+232 0 7.7
1.86675e+233 0 7.71
3.7335e+233 0 7.72
7.46699e+233 0 7.73
1.4934e+234 0 7.74
2.9868e+234 0 7.75
5.97359e+234 0 7.76
1.19472e+235 0 7.77
2.38944e+235 0 7.78
4.77887e+235 0 7.79
9.55775e+235 0 7.8
1.91155e+236 0 7.81
3.8231e+236 0 7.82
7.6462e+236 0 7.83
1.52924e+237 0 7.84
3.05848e+237 0 7.85
6.11696e+237 0 7.86
1.22339e+238 0 7.87
2.44678e+238 0 7.88
4.89357e+238 0 7.89
9.78713e+238 0 7.9
1.95743e+239 0 7.91
3.91485e+239 0 7.92
7.82971e+239 0 7.93
1.56594e+240 0 7.94
3.13188e+240 0 7.95
6.26377e+240 0 7.96
1.25275e+241 0 7.97
2.50551e+241 0 7.98
5.01101e+241 0 7.99
1.0022e+242 0 8
2.00441e+242 0 8.01
4.00881e+242 0 8.02
8.01762e+242 0 8.03
1.60352e+243 0 8.04
3.20705e+243 0 8.05
6.4141e+243 0 8.06
1.28282e+244 0 8.07
2.56564e+244 0 8.08
5.13128e+244 0 8.09
1.02626e+245 0 8.1
2.05251e+245 0 8.11
4.10502e+245 0 8.12
8.21004e+245 0 8.13
1.64201e+246 0 8.14
3.28402e+246 0 8.15
6.56803e+246 0 8.16
1.31361e+247 0 8.17
2.62721e+247 0 8.18
5.25443e+247 0 8.19
1.05089e+248 0 8.2
2.10177e+248 0 8.21
4.20354e+248 0 8.22
8.40708e+248 0 8.23
1.68142e+249 0 8.24
3.36283e+249 0 8.25
6.72567e+249 0 8.26
1.34513e+250 0 8.27
2.69027e+250 0 8.28
5.38053e+250 0 8.29
1.07611e+251 0 8.3
2.15221e+251 0 8.31
4.30443e+251 0 8.32
8.60885e+251 0 8.33
1.72177e+252 0 8.34
3.44354e+252 0 8.35
6.88708e+252 0 8.36
1.37742e+253 0 8.37
2.75483e+253 0 8.38
5.50967e+253 0 8.39
1.10193e+254 0 8.4
2.20387e+254 0 8.41
4.40773e+254 0 8.42
8.81547e+254 0 8.43
1.76309e+255 0 8.44
3.52619e+255 0 8.45
7.05237e+255 0 8.46
1.41047e+256 0 8.47
2.82095e+256 0 8.48
5.6419e+256 0 8.49
1.12838e+257 0 8.5
2.25676e+257 0 8.51
4.51352e+257 0 8.52
9.02704e+257 0 8.53
1.80541e+258 0 8.54
3.61082e+258 0 8.55
7.22163e+258 0 8.56
1.44433e+259 0 8.57
2.88865e+259 0 8.58
5.7773e+259 0 8.59
1.15546e+260 0 8.6
2.31092e+260 0 8.61
4.62184e+260 0 8.62
9.24369e+260 0 8.63
1.84874e+261 0 8.64
3.69747e+261 0 8.65
7.39495e+261 0 8.66
1.47899e+262 0 8.67
2.95798e+262 0 8.68
5.91596e+262 0 8.69
1.18319e+263 0 8.7
2.36638e+263 0 8.71
4.73277e+263 0 8.72
9.46554e+263 0 8.73
1.89311e+264 0 8.74
3.78621e+264 0 8.75
7.57243e+264 0 8.76
1.51449e+265 0 8.77
3.02897e+265 0 8.78
6.05794e+265 0 8.79
1.21159e+266 0 8.8
2.42318e+266 0 8.81
4.84635e+266 0 8.82
9.69271e+266 0 8.83
1.93854e+267 0 8.84
3.87708e+267 0 8.85
7.75417e+267 0 8.86
1.55083e+268 0 8.87
3.10167e+268 0 8.88
6.20333e+268 0 8.89
1.24067e+269 0 8.9
2.48133e+269 0 8.91
4.96267e+269 0 8.92
9.92533e+269 0 8.93
1.98507e+270 0 8.94
3.97013e+270 0 8.95
7.94027e+270 0 8.96
1.58805e+271 0 8.97
3.17611e+271 0 8.98
6.35221e+271 0 8.99
1.27044e+272 0 9
2.54089e+272 0 9.01
5.08177e+272 0 9.02
1.01635e+273 0 9.03
2.03271e+273 0 9.04
4.06542e+273 0 9.05
8.13083e+273 0 9.06
1.62617e+274 0 9.07
3.25233e+274 0 9.08
6.50467e+274 0 9.09
1.30093e+275 0 9.1
2.60187e+275 0 9.11
5.20373e+275 0 9.12
1.04075e+276 0 9.13
2.08149e+276 0 9.14
4.16299e+276 0 9.15
8.32597e+276 0 9.16
1.66519e+277 0 9.17
3.33039e+277 0 9.18
6.66078e+277 0 9.19
1.33216e+278 0 9.2
2.66431e+278 0 9.21
5.32862e+278 0 9.22
1.06572e+279 0 9.23
2.13145e+279 0 9.24
4.2629e+279 0 9.25
8.5258e+279 0 9.26
1.70516e+280 0 9.27
3.41032e+280 0 9.28
6.82064e+280 0 9.29
1.36413e+281 0 9.3
2.72825e+281 0 9.31
5.45651e+281 0 9.32
1.0913e+282 0 9.33
2.1826e+282 0 9.34
4.36521e+282 0 9.35
8.73042e+282 0 9.36
1.74608e+283 0 9.37
3.49217e+283 0 9.38
6.98433e+283 0 9.39
1.39687e+284 0 9.4
2.79373e+284 0 9.41
5.58747e+284 0 9.42
1.11749e+285 0 9.43
2.23499e+285 0 9.44
4.46997e+285 0 9.45
8.93995e+285 0 9.46
1.78799e+286 0 9.47
3.57598e+286 0 9.48
7.15196e+286 0 9.49
1.43039e+287 0 9.5
2.86078e+287 0 9.51
5.72157e+287 0 9.52
1.14431e+288 0 9.53
2.28863e+288 0 9.54
4.57725e+288 0 9.55
9.1545e+288 0 9.56
1.8309e+289 0 9.57
3.6618e+289 0 9.58
7.3236e+289 0 9.59
1.46472e+290 0 9.6
2.92944e+290 0 9.61
5.85888e+290 0 9.62
1.17178e+291 0 9.63
2.34355e+291 0 9.64
4.68711e+291 0 9.65
9.37421e+291 0 9.66
1.87484e+292 0 9.67
3.74968e+292 0 9.68
7.49937e+292 0 9.69
1.49987e+293 0 9.7
2.99975e+293 0 9.71
5.9995e+293 0 9.72
1.1999e+294 0 9.73
2.3998e+294 0 9.74
4.7996e+294 0 9.75
9.59919e+294 0 9.76
1.91984e+295 0 9.77
3.83968e+295 0 9.78
7.67935e+295 0 9.79
1.53587e+296 0 9.8
3.07174e+296 0 9.81
6.14348e+296 0 9.82
1.2287e+297 0 9.83
2.45739e+297 0 9.84
4.91479e+297 0 9.85
9.82957e+297 0 9.86
1.96591e+298 0 9.87
3.93183e+298 0 9.88
7.86366e+298 0 9.89
1.57273e+299 0 9.9
3.14546e+299 0 9.91
6.29093e+299 0 9.92
1.25819e+300 0 9.93
2.51637e+300 0 9.94
5.03274e+300 0 9.95
1.00655e+301 0 9.96
2.0131e+301 0 9.97
4.02619e+301 0 9.98
8.05239e+301 0 9.99
