39.53 0 0
39.53 0 0.01
79.06 0 0.02
158.12 0 0.03
316.24 0 0.04
632.48 0 0.05
1264.96 0 0.06
2529.92 0 0.07
5059.84 0 0.08
10119.7 0 0.09
20239.4 0 0.1
40478.7 0 0.11
80957.4 0 0.12
161915 0 0.13
323830 0 0.14
647660 0 0.15
1.29532e+06 0 0.16
2.59064e+06 0 0.17
5.18128e+06 0 0.18
1.03626e+07 0 0.19
2.07251e+07 0 0.2
4.14502e+07 0 0.21
8.29004e+07 0 0.22
1.65801e+08 0 0.23
3.31602e+08 0 0.24
6.63203e+08 0 0.25
1.32641e+09 0 0.26
2.65281e+09 0 0.27
5.30563e+09 0 0.28
1.06113e+10 0 0.29
2.12225e+10 0 0.3
4.2445e+10 0 0.31
8.489e+10 0 0.32
1.6978e+11 0 0.33
3.3956e+11 0 0.34
6.7912e+11 0 0.35
1.35824e+12 0 0.36
2.71648e+12 0 0.37
5.43296e+12 0 0.38
1.08659e+13 0 0.39
2.17318e+13 0 0.4
4.34637e+13 0 0.41
8.69274e+13 0 0.42
1.73855e+14 0 0.43
3.4771e+14 0 0.44
6.95419e+14 0 0.45
1.39084e+15 0 0.46
2.78168e+15 0 0.47
5.56335e+15 0 0.48
1.11267e+16 0 0.49
2.22534e+16 0 0.5
4.45068e+16 0 0.51
8.90136e+16 0 0.52
1.78027e+17 0 0.53
3.56055e+17 0 0.54
7.12109e+17 0 0.55
1.42422e+18 0 0.56
2.84844e+18 0 0.57
5.69687e+18 0 0.58
1.13937e+19 0 0.59
2.27875e+19 0 0.6
4.5575e+19 0 0.61
9.115e+19 0 0.62
1.823e+20 0 0.63
3.646e+20 0 0.64
7.292e+20 0 0.65
1.4584e+21 0 0.66
2.9168e+21 0 0.67
5.8336e+21 0 0.68
1.16672e+22 0 0.69
2.33344e+22 0 0.7
4.66688e+22 0 0.71
9.33376e+22 0 0.72
1.86675e+23 0 0.73
3.7335e+23 0 0.74
7.46701e+23 0 0.75
1.4934e+24 0 0.76
2.9868e+24 0 0.77
5.9736e+24 0 0.78
1.19472e+25 0 0.79
2.38944e+25 0 0.8
4.77888e+25 0 0.81
9.55777e+25 0 0.82
1.91155e+26 0 0.83
3.82311e+26 0 0.84
7.64621e+26 0 0.85
1.52924e+27 0 0.86
3.05849e+27 0 0.87
6.11697e+27 0 0.88
1.22339e+28 0 0.89
2.44679e+28 0 0.9
4.89358e+28 0 0.91
9.78715e+28 0 0.92
1.95743e+29 0 0.93
3.91486e+29 0 0.94
7.82972e+29 0 0.95
1.56594e+30 0 0.96
3.13189e+30 0 0.97
6.26378e+30 0 0.98
1.25276e+31 0 0.99
2.50551e+31 0 1
5.01102e+31 0 1.01
1.0022e+32 0 1.02
2.00441e+32 0 1.03
4.00882e+32 0 1.04
8.01764e+32 0 1.05
1.60353e+33 0 1.06
3.20705e+33 0 1.07
6.41411e+33 0 1.08
1.28282e+34 0 1.09
2.56564e+34 0 1.1
5.13129e+34 0 1.11
1.02626e+35 0 1.12
2.05251e+35 0 1.13
4.10503e+35 0 1.14
8.21006e+35 0 1.15
1.64201e+36 0 1.16
3.28402e+36 0 1.17
6.56805e+36 0 1.18
1.31361e+37 0 1.19
2.62722e+37 0 1.2
5.25444e+37 0 1.21
1.05089e+38 0 1.22
2.10178e+38 0 1.23
4.20355e+38 0 1.24
8.4071e+38 0 1.25
1.68142e+39 0 1.26
3.36284e+39 0 1.27
6.72568e+39 0 1.28
1.34514e+40 0 1.29
2.69027e+40 0 1.3
5.38054e+40 0 1.31
1.07611e+41 0 1.32
2.15222e+41 0 1.33
4.30444e+41 0 1.34
8.60887e+41 0 1.35
1.72177e+42 0 1.36
3.44355e+42 0 1.37
6.8871e+42 0 1.38
1.37742e+43 0 1.39
2.75484e+43 0 1.4
5.50968e+43 0 1.41
1.10194e+44 0 1.42
2.20387e+44 0 1.43
4.40774e+44 0 1.44
8.81548e+44 0 1.45
1.7631e+45 0 1.46
3.52619e+45 0 1.47
7.05239e+45 0 1.48
1.41048e+46 0 1.49
2.82096e+46 0 1.5
5.64191e+46 0 1.51
1.12838e+47 0 1.52
2.25676e+47 0 1.53
4.51353e+47 0 1.54
9.02706e+47 0 1.55
1.80541e+48 0 1.56
3.61082e+48 0 1.57
7.22164e+48 0 1.58
1.44433e+49 0 1.59
2.88866e+49 0 1.6
5.77732e+49 0 1.61
1.15546e+50 0 1.62
2.31093e+50 0 1.63
4.62185e+50 0 1.64
9.24371e+50 0 1.65
1.84874e+51 0 1.66
3.69748e+51 0 1.67
7.39496e+51 0 1.68
1.47899e+52 0 1.69
2.95799e+52 0 1.7
5.91597e+52 0 1.71
1.18319e+53 0 1.72
2.36639e+53 0 1.73
4.73278e+53 0 1.74
9.46555e+53 0 1.75
1.89311e+54 0 1.76
3.78622e+54 0 1.77
7.57244e+54 0 1.78
1.51449e+55 0 1.79
3.02898e+55 0 1.8
6.05795e+55 0 1.81
1.21159e+56 0 1.82
2.42318e+56 0 1.83
4.84636e+56 0 1.84
9.69273e+56 0 1.85
1.93855e+57 0 1.86
3.87709e+57 0 1.87
7.75418e+57 0 1.88
1.55084e+58 0 1.89
3.10167e+58 0 1.9
6.20335e+58 0 1.91
1.24067e+59 0 1.92
2.48134e+59 0 1.93
4.96268e+59 0 1.94
9.92535e+59 0 1.95
1.98507e+60 0 1.96
3.97014e+60 0 1.97
7.94028e+60 0 1.98
1.58806e+61 0 1.99
3.17611e+61 0 2
6.35223e+61 0 2.01
1.27045e+62 0 2.02
2.54089e+62 0 2.03
5.08178e+62 0 2.04
1.01636e+63 0 2.05
2.03271e+63 0 2.06
4.06542e+63 0 2.07
8.13085e+63 0 2.08
1.62617e+64 0 2.09
3.25234e+64 0 2.1
6.50468e+64 0 2.11
1.30094e+65 0 2.12
2.60187e+65 0 2.13
5.20374e+65 0 2.14
1.04075e+66 0 2.15
2.0815e+66 0 2.16
4.16299e+66 0 2.17
8.32599e+66 0 2.18
1.6652e+67 0 2.19
3.3304e+67 0 2.2
6.66079e+67 0 2.21
1.33216e+68 0 2.22
2.66432e+68 0 2.23
5.32863e+68 0 2.24
1.06573e+69 0 2.25
2.13145e+69 0 2.26
4.26291e+69 0 2.27
8.52581e+69 0 2.28
1.70516e+70 0 2.29
3.41033e+70 0 2.3
6.82065e+70 0 2.31
1.36413e+71 0 2.32
2.72826e+71 0 2.33
5.45652e+71 0 2.34
1.0913e+72 0 2.35
2.18261e+72 0 2.36
4.36522e+72 0 2.37
8.73043e+72 0 2.38
1.74609e+73 0 2.39
3.49217e+73 0 2.4
6.98435e+73 0 2.41
1.39687e+74 0 2.42
2.79374e+74 0 2.43
5.58748e+74 0 2.44
1.1175e+75 0 2.45
2.23499e+75 0 2.46
4.46998e+75 0 2.47
8.93996e+75 0 2.48
1.78799e+76 0 2.49
3.57599e+76 0 2.5
7.15197e+76 0 2.51
1.43039e+77 0 2.52
2.86079e+77 0 2.53
5.72158e+77 0 2.54
1.14432e+78 0 2.55
2.28863e+78 0 2.56
4.57726e+78 0 2.57
9.15452e+78 0 2.58
1.8309e+79 0 2.59
3.66181e+79 0 2.6
7.32362e+79 0 2.61
1.46472e+80 0 2.62
2.92945e+80 0 2.63
5.85889e+80 0 2.64
1.17178e+81 0 2.65
2.34356e+81 0 2.66
4.68712e+81 0 2.67
9.37423e+81 0 2.68
1.87485e+82 0 2.69
3.74969e+82 0 2.7
7.49938e+82 0 2.71
1.49988e+83 0 2.72
2.99975e+83 0 2.73
5.99951e+83 0 2.74
1.1999e+84 0 2.75
2.3998e+84 0 2.76
4.79961e+84 0 2.77
9.59921e+84 0 2.78
1.91984e+85 0 2.79
3.83969e+85 0 2.8
7.67937e+85 0 2.81
1.53587e+86 0 2.82
3.07175e+86 0 2.83
6.1435e+86 0 2.84
1.2287e+87 0 2.85
2.4574e+87 0 2.86
4.9148e+87 0 2.87
9.82959e+87 0 2.88
1.96592e+88 0 2.89
3.93184e+88 0 2.9
7.86368e+88 0 2.91
1.57274e+89 0 2.92
3.14547e+89 0 2.93
6.29094e+89 0 2.94
1.25819e+90 0 2.95
2.51638e+90 0 2.96
5.03275e+90 0 2.97
1.00655e+91 0 2.98
2.0131e+91 0 2.99
4.0262e+91 0 3
8.0524e+91 0 3.01
1.61048e+92 0 3.02
3.22096e+92 0 3.03
6.44192e+92 0 3.04
1.28838e+93 0 3.05
2.57677e+93 0 3.06
5.15354e+93 0 3.07
1.03071e+94 0 3.08
2.06142e+94 0 3.09
4.12283e+94 0 3.1
8.24566e+94 0 3.11
1.64913e+95 0 3.12
3.29826e+95 0 3.13
6.59653e+95 0 3.14
1.31931e+96 0 3.15
2.63861e+96 0 3.16
5.27722e+96 0 3.17
1.05544e+97 0 3.18
2.11089e+97 0 3.19
4.22178e+97 0 3.2
8.44356e+97 0 3.21
1.68871e+98 0 3.22
3.37742e+98 0 3.23
6.75485e+98 0 3.24
1.35097e+99 0 3.25
2.70194e+99 0 3.26
5.40388e+99 0 3.27
1.08078e+100 0 3.28
2.16155e+100 0 3.29
4.3231e+100 0 3.3
8.6462e+100 0 3.31
1.72924e+101 0 3.32
3.45848e+101 0 3.33
6.91696e+101 0 3.34
1.38339e+102 0 3.35
2.76678e+102 0 3.36
5.53357e+102 0 3.37
1.10671e+103 0 3.38
2.21343e+103 0 3.39
4.42686e+103 0 3.4
8.85371e+103 0 3.41
1.77074e+104 0 3.42
3.54148e+104 0 3.43
7.08297e+104 0 3.44
1.41659e+105 0 3.45
2.83319e+105 0 3.46
5.66638e+105 0 3.47
1.13328e+106 0 3.48
2.26655e+106 0 3.49
4.5331e+106 0 3.5
9.0662e+106 0 3.51
1.81324e+107 0 3.52
3.62648e+107 0 3.53
7.25296e+107 0 3.54
1.45059e+108 0 3.55
2.90118e+108 0 3.56
5.80237e+108 0 3.57
1.16047e+109 0 3.58
2.32095e+109 0 3.59
4.64189e+109 0 3.6
9.28379e+109 0 3.61
1.85676e+110 0 3.62
3.71352e+110 0 3.63
7.42703e+110 0 3.64
1.48541e+111 0 3.65
2.97081e+111 0 3.66
5.94162e+111 0 3.67
1.18832e+112 0 3.68
2.37665e+112 0 3.69
4.7533e+112 0 3.7
9.5066e+112 0 3.71
1.90132e+113 0 3.72
3.80264e+113 0 3.73
7.60528e+113 0 3.74
1.52106e+114 0 3.75
3.04211e+114 0 3.76
6.08422e+114 0 3.77
1.21684e+115 0 3.78
2.43369e+115 0 3.79
4.86738e+115 0 3.8
9.73476e+115 0 3.81
1.94695e+116 0 3.82
3.8939e+116 0 3.83
7.78781e+116 0 3.84
1.55756e+117 0 3.85
3.11512e+117 0 3.86
6.23025e+117 0 3.87
1.24605e+118 0 3.88
2.4921e+118 0 3.89
4.9842e+118 0 3.9
9.96839e+118 0 3.91
1.99368e+119 0 3.92
3.98736e+119 0 3.93
7.97471e+119 0 3.94
1.59494e+120 0 3.95
3.18989e+120 0 3.96
6.37977e+120 0 3.97
1.27595e+121 0 3.98
2.55191e+121 0 3.99
5.10382e+121 0 4
1.02076e+122 0 4.01
2.04153e+122 0 4.02
4.08305e+122 0 4.03
8.16611e+122 0 4.04
1.63322e+123 0 4.05
3.26644e+123 0 4.06
6.53289e+123 0 4.07
1.30658e+124 0 4.08
2.61315e+124 0 4.09
5.22631e+124 0 4.1
1.04526e+125 0 4.11
2.09052e+125 0 4.12
4.18105e+125 0 4.13
8.36209e+125 0 4.14
1.67242e+126 0 4.15
3.34484e+126 0 4.16
6.68967e+126 0 4.17
1.33793e+127 0 4.18
2.67587e+127 0 4.19
5.35174e+127 0 4.2
1.07035e+128 0 4.21
2.1407e+128 0 4.22
4.28139e+128 0 4.23
8.56278e+128 0 4.24
1.71256e+129 0 4.25
3.42511e+129 0 4.26
6.85023e+129 0 4.27
1.37005e+130 0 4.28
2.74009e+130 0 4.29
5.48018e+130 0 4.3
1.09604e+131 0 4.31
2.19207e+131 0 4.32
4.38415e+131 0 4.33
8.76829e+131 0 4.34
1.75366e+132 0 4.35
3.50732e+132 0 4.36
7.01463e+132 0 4.37
1.40293e+133 0 4.38
2.80585e+133 0 4.39
5.61171e+133 0 4.4
1.12234e+134 0 4.41
2.24468e+134 0 4.42
4.48936e+134 0 4.43
8.97873e+134 0 4.44
1.79575e+135 0 4.45
3.59149e+135 0 4.46
7.18298e+135 0 4.47
1.4366e+136 0 4.48
2.87319e+136 0 4.49
5.74639e+136 0 4.5
1.14928e+137 0 4.51
2.29855e+137 0 4.52
4.59711e+137 0 4.53
9.19422e+137 0 4.54
1.83884e+138 0 4.55
3.67769e+138 0 4.56
7.35538e+138 0 4.57
1.47108e+139 0 4.58
2.94215e+139 0 4.59
5.8843e+139 0 4.6
1.17686e+140 0 4.61
2.35372e+140 0 4.62
4.70744e+140 0 4.63
9.41488e+140 0 4.64
1.88298e+141 0 4.65
3.76595e+141 0 4.66
7.5319e+141 0 4.67
1.50638e+142 0 4.68
3.01276e+142 0 4.69
6.02552e+142 0 4.7
1.2051e+143 0 4.71
2.41021e+143 0 4.72
4.82042e+143 0 4.73
9.64084e+143 0 4.74
1.92817e+144 0 4.75
3.85634e+144 0 4.76
7.71267e+144 0 4.77
1.54253e+145 0 4.78
3.08507e+145 0 4.79
6.17014e+145 0 4.8
1.23403e+146 0 4.81
2.46805e+146 0 4.82
4.93611e+146 0 4.83
9.87222e+146 0 4.84
1.97444e+147 0 4.85
3.94889e+147 0 4.86
7.89777e+147 0 4.87
1.57955e+148 0 4.88
3.15911e+148 0 4.89
6.31822e+148 0 4.9
1.26364e+149 0 4.91
2.52729e+149 0 4.92
5.05458e+149 0 4.93
1.01092e+150 0 4.94
2.02183e+150 0 4.95
4.04366e+150 0 4.96
8.08732e+150 0 4.97
1.61746e+151 0 4.98
3.23493e+151 0 4.99
6.46986e+151 0 5
1.29397e+152 0 5.01
2.58794e+152 0 5.02
5.17589e+152 0 5.03
1.03518e+153 0 5.04
2.07035e+153 0 5.05
4.14071e+153 0 5.06
8.28142e+153 0 5.07
1.65628e+154 0 5.08
3.31257e+154 0 5.09
6.62513e+154 0 5.1
1.32503e+155 0 5.11
2.65005e+155 0 5.12
5.30011e+155 0 5.13
1.06002e+156 0 5.14
2.12004e+156 0 5.15
4.24009e+156 0 5.16
8.48017e+156 0 5.17
1.69603e+157 0 5.18
3.39207e+157 0 5.19
6.78414e+157 0 5.2
1.35683e+158 0 5.21
2.71365e+158 0 5.22
5.42731e+158 0 5.23
1.08546e+159 0 5.24
2.17092e+159 0 5.25
4.34185e+159 0 5.26
8.68369e+159 0 5.27
1.73674e+160 0 5.28
3.47348e+160 0 5.29
6.94696e+160 0 5.3
1.38939e+161 0 5.31
2.77878e+161 0 5.32
5.55756e+161 0 5.33
1.11151e+162 0 5.34
2.22303e+162 0 5.35
4.44605e+162 0 5.36
8.8921e+162 0 5.37
1.77842e+163 0 5.38
3.55684e+163 0 5.39
7.11368e+163 0 5.4
1.42274e+164 0 5.41
2.84547e+164 0 5.42
5.69095e+164 0 5.43
1.13819e+165 0 5.44
2.27638e+165 0 5.45
4.55276e+165 0 5.46
9.10551e+165 0 5.47
1.8211e+166 0 5.48
3.64221e+166 0 5.49
7.28441e+166 0 5.5
1.45688e+167 0 5.51
2.91376e+167 0 5.52
5.82753e+167 0 5.53
1.16551e+168 0 5.54
2.33101e+168 0 5.55
4.66202e+168 0 5.56
9.32405e+168 0 5.57
1.86481e+169 0 5.58
3.72962e+169 0 5.59
7.45924e+169 0 5.6
1.49185e+170 0 5.61
2.98369e+170 0 5.62
5.96739e+170 0 5.63
1.19348e+171 0 5.64
2.38696e+171 0 5.65
4.77391e+171 0 5.66
9.54782e+171 0 5.67
1.90956e+172 0 5.68
3.81913e+172 0 5.69
7.63826e+172 0 5.7
1.52765e+173 0 5.71
3.0553e+173 0 5.72
6.11061e+173 0 5.73
1.22212e+174 0 5.74
2.44424e+174 0 5.75
4.88849e+174 0 5.76
9.77697e+174 0 5.77
1.95539e+175 0 5.78
3.91079e+175 0 5.79
7.82158e+175 0 5.8
1.56432e+176 0 5.81
3.12863e+176 0 5.82
6.25726e+176 0 5.83
1.25145e+177 0 5.84
2.5029e+177 0 5.85
5.00581e+177 0 5.86
1.00116e+178 0 5.87
2.00232e+178 0 5.88
4.00465e+178 0 5.89
8.00929e+178 0 5.9
1.60186e+179 0 5.91
3.20372e+179 0 5.92
6.40744e+179 0 5.93
1.28149e+180 0 5.94
2.56297e+180 0 5.95
5.12595e+180 0 5.96
1.02519e+181 0 5.97
2.05038e+181 0 5.98
4.10076e+181 0 5.99
8.20152e+181 0 6
1.6403e+182 0 6.01
3.28061e+182 0 6.02
6.56121e+182 0 6.03
1.31224e+183 0 6.04
2.62449e+183 0 6.05
5.24897e+183 0 6.06
1.04979e+184 0 6.07
2.09959e+184 0 6.08
4.19918e+184 0 6.09
8.39835e+184 0 6.1
1.67967e+185 0 6.11
3.35934e+185 0 6.12
6.71868e+185 0 6.13
1.34374e+186 0 6.14
2.68747e+186 0 6.15
5.37495e+186 0 6.16
1.07499e+187 0 6.17
2.14998e+187 0 6.18
4.29996e+187 0 6.19
8.59991e+187 0 6.2
1.71998e+188 0 6.21
3.43997e+188 0 6.22
6.87993e+188 0 6.23
1.37599e+189 0 6.24
2.75197e+189 0 6.25
5.50395e+189 0 6.26
1.10079e+190 0 6.27
2.20158e+190 0 6.28
4.40316e+190 0 6.29
8.80631e+190 0 6.3
1.76126e+191 0 6.31
3.52252e+191 0 6.32
7.04505e+191 0 6.33
1.40901e+192 0 6.34
2.81802e+192 0 6.35
5.63604e+192 0 6.36
1.12721e+193 0 6.37
2.25442e+193 0 6.38
4.50883e+193 0 6.39
9.01766e+193 0 6.4
1.80353e+194 0 6.41
3.60707e+194 0 6.42
7.21413e+194 0 6.43
1.44283e+195 0 6.44
2.88565e+195 0 6.45
5.7713e+195 0 6.46
1.15426e+196 0 6.47
2.30852e+196 0 6.48
4.61704e+196 0 6.49
9.23409e+196 0 6.5
1.84682e+197 0 6.51
3.69364e+197 0 6.52
7.38727e+197 0 6.53
1.47745e+198 0 6.54
2.95491e+198 0 6.55
5.90982e+198 0 6.56
1.18196e+199 0 6.57
2.36393e+199 0 6.58
4.72785e+199 0 6.59
9.45571e+199 0 6.6
1.89114e+200 0 6.61
3.78228e+200 0 6.62
7.56456e+200 0 6.63
1.51291e+201 0 6.64
3.02583e+201 0 6.65
6.05165e+201 0 6.66
1.21033e+202 0 6.67
2.42066e+202 0 6.68
4.84132e+202 0 6.69
9.68264e+202 0 6.7
1.93653e+203 0 6.71
3.87306e+203 0 6.72
7.74611e+203 0 6.73
1.54922e+204 0 6.74
3.09845e+204 0 6.75
6.19689e+204 0 6.76
1.23938e+205 0 6.77
2.47876e+205 0 6.78
4.95751e+205 0 6.79
9.91503e+205 0 6.8
1.98301e+206 0 6.81
3.96601e+206 0 6.82
7.93202e+206 0 6.83
1.5864e+207 0 6.84
3.17281e+207 0 6.85
6.34562e+207 0 6.86
1.26912e+208 0 6.87
2.53825e+208 0 6.88
5.07649e+208 0 6.89
1.0153e+209 0 6.9
2.0306e+209 0 6.91
4.06119e+209 0 6.92
8.12239e+209 0 6.93
1.62448e+210 0 6.94
3.24896e+210 0 6.95
6.49791e+210 0 6.96
1.29958e+211 0 6.97
2.59916e+211 0 6.98
5.19833e+211 0 6.99
1.03967e+212 0 7
2.07933e+212 0 7.01
4.15866e+212 0 7.02
8.31733e+212 0 7.03
1.66347e+213 0 7.04
3.32693e+213 0 7.05
6.65386e+213 0 7.06
1.33077e+214 0 7.07
2.66154e+214 0 7.08
5.32309e+214 0 7.09
1.06462e+215 0 7.1
2.12924e+215 0 7.11
4.25847e+215 0 7.12
8.51694e+215 0 7.13
1.70339e+216 0 7.14
3.40678e+216 0 7.15
6.81355e+216 0 7.16
1.36271e+217 0 7.17
2.72542e+217 0 7.18
5.45084e+217 0 7.19
1.09017e+218 0 7.2
2.18034e+218 0 7.21
4.36067e+218 0 7.22
8.72135e+218 0 7.23
1.74427e+219 0 7.24
3.48854e+219 0 7.25
6.97708e+219 0 7.26
1.39542e+220 0 7.27
2.79083e+220 0 7.28
5.58166e+220 0 7.29
1.11633e+221 0 7.3
2.23267e+221 0 7.31
4.46533e+221 0 7.32
8.93066e+221 0 7.33
1.78613e+222 0 7.34
3.57226e+222 0 7.35
7.14453e+222 0 7.36
1.42891e+223 0 7.37
2.85781e+223 0 7.38
5.71562e+223 0 7.39
1.14312e+224 0 7.4
2.28625e+224 0 7.41
4.5725e+224 0 7.42
9.145e+224 0 7.43
1.829e+225 0 7.44
3.658e+225 0 7.45
7.316e+225 0 7.46
1.4632e+226 0 7.47
2.9264e+226 0 7.48
5.8528e+226 0 7.49
1.17056e+227 0 7.5
2.34112e+227 0 7.51
4.68224e+227 0 7.52
9.36448e+227 0 7.53
1.8729e+228 0 7.54
3.74579e+228 0 7.55
7.49158e+228 0 7.56
1.49832e+229 0 7.57
2.99663e+229 0 7.58
5.99327e+229 0 7.59
1.19865e+230 0 7.6
2.39731e+230 0 7.61
4.79461e+230 0 7.62
9.58923e+230 0 7.63
1.91785e+231 0 7.64
3.83569e+231 0 7.65
7.67138e+231 0 7.66
1.53428e+232 0 7.67
3.06855e+232 0 7.68
6.1371e+232 0 7.69
1.22742e+233 0 7.7
2.45484e+233 0 7.71
4.90968e+233 0 7.72
9.81937e+233 0 7.73
1.96387e+234 0 7.74
3.92775e+234 0 7.75
7.85549e+234 0 7.76
1.5711e+235 0 7.77
3.1422e+235 0 7.78
6.28439e+235 0 7.79
1.25688e+236 0 7.8
2.51376e+236 0 7.81
5.02752e+236 0 7.82
1.0055e+237 0 7.83
2.01101e+237 0 7.84
4.02201e+237 0 7.85
8.04402e+237 0 7.86
1.6088e+238 0 7.87
3.21761e+238 0 7.88
6.43522e+238 0 7.89
1.28704e+239 0 7.9
2.57409e+239 0 7.91
5.14818e+239 0 7.92
1.02964e+240 0 7.93
2.05927e+240 0 7.94
4.11854e+240 0 7.95
8.23708e+240 0 7.96
1.64742e+241 0 7.97
3.29483e+241 0 7.98
6.58967e+241 0 7.99
1.31793e+242 0 8
2.63587e+242 0 8.01
5.27173e+242 0 8.02
1.05435e+243 0 8.03
2.10869e+243 0 8.04
4.21739e+243 0 8.05
8.43477e+243 0 8.06
1.68695e+244 0 8.07
3.37391e+244 0 8.08
6.74782e+244 0 8.09
1.34956e+245 0 8.1
2.69913e+245 0 8.11
5.39825e+245 0 8.12
1.07965e+246 0 8.13
2.1593e+246 0 8.14
4.3186e+246 0 8.15
8.63721e+246 0 8.16
1.72744e+247 0 8.17
3.45488e+247 0 8.18
6.90976e+247 0 8.19
1.38195e+248 0 8.2
2.76391e+248 0 8.21
5.52781e+248 0 8.22
1.10556e+249 0 8.23
2.21112e+249 0 8.24
4.42225e+249 0 8.25
8.8445e+249 0 8.26
1.7689e+250 0 8.27
3.5378e+250 0 8.28
7.0756e+250 0 8.29
1.41512e+251 0 8.3
2.83024e+251 0 8.31
5.66048e+251 0 8.32
1.1321e+252 0 8.33
2.26419e+252 0 8.34
4.52838e+252 0 8.35
9.05677e+252 0 8.36
1.81135e+253 0 8.37
3.62271e+253 0 8.38
7.24541e+253 0 8.39
1.44908e+254 0 8.4
2.89817e+254 0 8.41
5.79633e+254 0 8.42
1.15927e+255 0 8.43
2.31853e+255 0 8.44
4.63706e+255 0 8.45
9.27413e+255 0 8.46
1.85483e+256 0 8.47
3.70965e+256 0 8.48
7.4193e+256 0 8.49
1.48386e+257 0 8.5
2.96772e+257 0 8.51
5.93544e+257 0 8.52
1.18709e+258 0 8.53
2.37418e+258 0 8.54
4.74835e+258 0 8.55
9.49671e+258 0 8.56
1.89934e+259 0 8.57
3.79868e+259 0 8.58
7.59737e+259 0 8.59
1.51947e+260 0 8.6
3.03895e+260 0 8.61
6.07789e+260 0 8.62
1.21558e+261 0 8.63
2.43116e+261 0 8.64
4.86231e+261 0 8.65
9.72463e+261 0 8.66
1.94493e+262 0 8.67
3.88985e+262 0 8.68
7.7797e+262 0 8.69
1.55594e+263 0 8.7
3.11188e+263 0 8.71
6.22376e+263 0 8.72
1.24475e+264 0 8.73
2.48951e+264 0 8.74
4.97901e+264 0 8.75
9.95802e+264 0 8.76
1.9916e+265 0 8.77
3.98321e+265 0 8.78
7.96642e+265 0 8.79
1.59328e+266 0 8.8
3.18657e+266 0 8.81
6.37313e+266 0 8.82
1.27463e+267 0 8.83
2.54925e+267 0 8.84
5.09851e+267 0 8.85
1.0197e+268 0 8.86
2.0394e+268 0 8.87
4.07881e+268 0 8.88
8.15761e+268 0 8.89
1.63152e+269 0 8.9
3.26304e+269 0 8.91
6.52609e+269 0 8.92
1.30522e+270 0 8.93
2.61044e+270 0 8.94
5.22087e+270 0 8.95
1.04417e+271 0 8.96
2.08835e+271 0 8.97
4.1767e+271 0 8.98
8.35339e+271 0 8.99
1.67068e+272 0 9
3.34136e+272 0 9.01
6.68271e+272 0 9.02
1.33654e+273 0 9.03
2.67309e+273 0 9.04
5.34617e+273 0 9.05
1.06923e+274 0 9.06
2.13847e+274 0 9.07
4.27694e+274 0 9.08
8.55387e+274 0 9.09
1.71077e+275 0 9.1
3.42155e+275 0 9.11
6.8431e+275 0 9.12
1.36862e+276 0 9.13
2.73724e+276 0 9.14
5.47448e+276 0 9.15
1.0949e+277 0 9.16
2.18979e+277 0 9.17
4.37958e+277 0 9.18
8.75917e+277 0 9.19
1.75183e+278 0 9.2
3.50367e+278 0 9.21
7.00733e+278 0 9.22
1.40147e+279 0 9.23
2.80293e+279 0 9.24
5.60587e+279 0 9.25
1.12117e+280 0 9.26
2.24235e+280 0 9.27
4.48469e+280 0 9.28
8.96939e+280 0 9.29
1.79388e+281 0 9.3
3.58776e+281 0 9.31
7.17551e+281 0 9.32
1.4351e+282 0 9.33
2.8702e+282 0 9.34
5.74041e+282 0 9.35
1.14808e+283 0 9.36
2.29616e+283 0 9.37
4.59233e+283 0 9.38
9.18465e+283 0 9.39
1.83693e+284 0 9.4
3.67386e+284 0 9.41
7.34772e+284 0 9.42
1.46954e+285 0 9.43
2.93909e+285 0 9.44
5.87818e+285 0 9.45
1.17564e+286 0 9.46
2.35127e+286 0 9.47
4.70254e+286 0 9.48
9.40508e+286 0 9.49
1.88102e+287 0 9.5
3.76203e+287 0 9.51
7.52407e+287 0 9.52
1.50481e+288 0 9.53
3.00963e+288 0 9.54
6.01925e+288 0 9.55
1.20385e+289 0 9.56
2.4077e+289 0 9.57
4.8154e+289 0 9.58
9.63081e+289 0 9.59
1.92616e+290 0 9.6
3.85232e+290 0 9.61
7.70465e+290 0 9.62
1.54093e+291 0 9.63
3.08186e+291 0 9.64
6.16372e+291 0 9.65
1.23274e+292 0 9.66
2.46549e+292 0 9.67
4.93097e+292 0 9.68
9.86195e+292 0 9.69
1.97239e+293 0 9.7
3.94478e+293 0 9.71
7.88956e+293 0 9.72
1.57791e+294 0 9.73
3.15582e+294 0 9.74
6.31165e+294 0 9.75
1.26233e+295 0 9.76
2.52466e+295 0 9.77
5.04932e+295 0 9.78
1.00986e+296 0 9.79
2.01973e+296 0 9.8
4.03945e+296 0 9.81
8.07891e+296 0 9.82
1.61578e+297 0 9.83
3.23156e+297 0 9.84
6.46312e+297 0 9.85
1.29262e+298 0 9.86
2.58525e+298 0 9.87
5.1705e+298 0 9.88
1.0341e+299 0 9.89
2.0682e+299 0 9.9
4.1364e+299 0 9.91
8.2728e+299 0 9.92
1.65456e+300 0 9.93
3.30912e+300 0 9.94
6.61824e+300 0 9.95
1.32365e+301 0 9.96
2.6473e+301 0 9.97
5.29459e+301 0 9.98
1.05892e+302 0 9.99
