9.54 0 0
9.54 0 0.01
19.08 0 0.02
38.16 0 0.03
76.32 0 0.04
152.64 0 0.05
305.28 0 0.06
610.56 0 0.07
1221.12 0 0.08
2442.24 0 0.09
4884.48 0 0.1
9768.96 0 0.11
19537.9 0 0.12
39075.8 0 0.13
78151.7 0 0.14
156303 0 0.15
312607 0 0.16
625213 0 0.17
1.25043e+06 0 0.18
2.50085e+06 0 0.19
5.00171e+06 0 0.2
1.00034e+07 0 0.21
2.00068e+07 0 0.22
4.00137e+07 0 0.23
8.00273e+07 0 0.24
1.60055e+08 0 0.25
3.20109e+08 0 0.26
6.40219e+08 0 0.27
1.28044e+09 0 0.28
2.56087e+09 0 0.29
5.12175e+09 0 0.3
1.02435e+10 0 0.31
2.0487e+10 0 0.32
4.0974e+10 0 0.33
8.1948e+10 0 0.34
1.63896e+11 0 0.35
3.27792e+11 0 0.36
6.55584e+11 0 0.37
1.31117e+12 0 0.38
2.62234e+12 0 0.39
5.24467e+12 0 0.4
1.04893e+13 0 0.41
2.09787e+13 0 0.42
4.19574e+13 0 0.43
8.39147e+13 0 0.44
1.67829e+14 0 0.45
3.35659e+14 0 0.46
6.71318e+14 0 0.47
1.34264e+15 0 0.48
2.68527e+15 0 0.49
5.37054e+15 0 0.5
1.07411e+16 0 0.51
2.14822e+16 0 0.52
4.29643e+16 0 0.53
8.59287e+16 0 0.54
1.71857e+17 0 0.55
3.43715e+17 0 0.56
6.87429e+17 0 0.57
1.37486e+18 0 0.58
2.74972e+18 0 0.59
5.49944e+18 0 0.6
1.09989e+19 0 0.61
2.19977e+19 0 0.62
4.39955e+19 0 0.63
8.7991e+19 0 0.64
1.75982e+20 0 0.65
3.51964e+20 0 0.66
7.03928e+20 0 0.67
1.40786e+21 0 0.68
2.81571e+21 0 0.69
5.63142e+21 0 0.7
1.12628e+22 0 0.71
2.25257e+22 0 0.72
4.50514e+22 0 0.73
9.01028e+22 0 0.74
1.80206e+23 0 0.75
3.60411e+23 0 0.76
7.20822e+23 0 0.77
1.44164e+24 0 0.78
2.88329e+24 0 0.79
5.76658e+24 0 0.8
1.15332e+25 0 0.81
2.30663e+25 0 0.82
4.61326e+25 0 0.83
9.22652e+25 0 0.84
1.8453e+26 0 0.85
3.69061e+26 0 0.86
7.38122e+26 0 0.87
1.47624e+27 0 0.88
2.95249e+27 0 0.89
5.90497e+27 0 0.9
1.18099e+28 0 0.91
2.36199e+28 0 0.92
4.72398e+28 0 0.93
9.44796e+28 0 0.94
1.88959e+29 0 0.95
3.77918e+29 0 0.96
7.55837e+29 0 0.97
1.51167e+30 0 0.98
3.02335e+30 0 0.99
6.04669e+30 0 1
1.20934e+31 0 1.01
2.41868e+31 0 1.02
4.83735e+31 0 1.03
9.67471e+31 0 1.04
1.93494e+32 0 1.05
3.86988e+32 0 1.06
7.73977e+32 0 1.07
1.54795e+33 0 1.08
3.09591e+33 0 1.09
6.19181e+33 0 1.1
1.23836e+34 0 1.11
2.47673e+34 0 1.12
4.95345e+34 0 1.13
9.9069e+34 0 1.14
1.98138e+35 0 1.15
3.96276e+35 0 1.16
7.92552e+35 0 1.17
1.5851e+36 0 1.18
3.17021e+36 0 1.19
6.34042e+36 0 1.2
1.26808e+37 0 1.21
2.53617e+37 0 1.22
5.07233e+37 0 1.23
1.01447e+38 0 1.24
2.02893e+38 0 1.25
4.05787e+38 0 1.26
8.11573e+38 0 1.27
1.62315e+39 0 1.28
3.24629e+39 0 1.29
6.49259e+39 0 1.3
1.29852e+40 0 1.31
2.59704e+40 0 1.32
5.19407e+40 0 1.33
1.03881e+41 0 1.34
2.07763e+41 0 1.35
4.15526e+41 0 1.36
8.31051e+41 0 1.37
1.6621e+42 0 1.38
3.3242e+42 0 1.39
6.64841e+42 0 1.4
1.32968e+43 0 1.41
2.65936e+43 0 1.42
5.31873e+43 0 1.43
1.06375e+44 0 1.44
2.12749e+44 0 1.45
4.25498e+44 0 1.46
8.50996e+44 0 1.47
1.70199e+45 0 1.48
3.40399e+45 0 1.49
6.80797e+45 0 1.5
1.36159e+46 0 1.51
2.72319e+46 0 1.52
5.44638e+46 0 1.53
1.08928e+47 0 1.54
2.17855e+47 0 1.55
4.3571e+47 0 1.56
8.7142e+47 0 1.57
1.74284e+48 0 1.58
3.48568e+48 0 1.59
6.97136e+48 0 1.6
1.39427e+49 0 1.61
2.78855e+49 0 1.62
5.57709e+49 0 1.63
1.11542e+50 0 1.64
2.23084e+50 0 1.65
4.46167e+50 0 1.66
8.92334e+50 0 1.67
1.78467e+51 0 1.68
3.56934e+51 0 1.69
7.13868e+51 0 1.7
1.42774e+52 0 1.71
2.85547e+52 0 1.72
5.71094e+52 0 1.73
1.14219e+53 0 1.74
2.28438e+53 0 1.75
4.56875e+53 0 1.76
9.1375e+53 0 1.77
1.8275e+54 0 1.78
3.655e+54 0 1.79
7.31e+54 0 1.8
1.462e+55 0 1.81
2.924e+55 0 1.82
5.848e+55 0 1.83
1.1696e+56 0 1.84
2.3392e+56 0 1.85
4.6784e+56 0 1.86
9.3568e+56 0 1.87
1.87136e+57 0 1.88
3.74272e+57 0 1.89
7.48544e+57 0 1.9
1.49709e+58 0 1.91
2.99418e+58 0 1.92
5.98836e+58 0 1.93
1.19767e+59 0 1.94
2.39534e+59 0 1.95
4.79068e+59 0 1.96
9.58137e+59 0 1.97
1.91627e+60 0 1.98
3.83255e+60 0 1.99
7.66509e+60 0 2
1.53302e+61 0 2.01
3.06604e+61 0 2.02
6.13208e+61 0 2.03
1.22642e+62 0 2.04
2.45283e+62 0 2.05
4.90566e+62 0 2.06
9.81132e+62 0 2.07
1.96226e+63 0 2.08
3.92453e+63 0 2.09
7.84906e+63 0 2.1
1.56981e+64 0 2.11
3.13962e+64 0 2.12
6.27925e+64 0 2.13
1.25585e+65 0 2.14
2.5117e+65 0 2.15
5.0234e+65 0 2.16
1.00468e+66 0 2.17
2.00936e+66 0 2.18
4.01872e+66 0 2.19
8.03743e+66 0 2.2
1.60749e+67 0 2.21
3.21497e+67 0 2.22
6.42995e+67 0 2.23
1.28599e+68 0 2.24
2.57198e+68 0 2.25
5.14396e+68 0 2.26
1.02879e+69 0 2.27
2.05758e+69 0 2.28
4.11517e+69 0 2.29
8.23033e+69 0 2.3
1.64607e+70 0 2.31
3.29213e+70 0 2.32
6.58427e+70 0 2.33
1.31685e+71 0 2.34
2.63371e+71 0 2.35
5.26741e+71 0 2.36
1.05348e+72 0 2.37
2.10697e+72 0 2.38
4.21393e+72 0 2.39
8.42786e+72 0 2.4
1.68557e+73 0 2.41
3.37114e+73 0 2.42
6.74229e+73 0 2.43
1.34846e+74 0 2.44
2.69692e+74 0 2.45
5.39383e+74 0 2.46
1.07877e+75 0 2.47
2.15753e+75 0 2.48
4.31506e+75 0 2.49
8.63013e+75 0 2.5
1.72603e+76 0 2.51
3.45205e+76 0 2.52
6.9041e+76 0 2.53
1.38082e+77 0 2.54
2.76164e+77 0 2.55
5.52328e+77 0 2.56
1.10466e+78 0 2.57
2.20931e+78 0 2.58
4.41863e+78 0 2.59
8.83725e+78 0 2.6
1.76745e+79 0 2.61
3.5349e+79 0 2.62
7.0698e+79 0 2.63
1.41396e+80 0 2.64
2.82792e+80 0 2.65
5.65584e+80 0 2.66
1.13117e+81 0 2.67
2.26234e+81 0 2.68
4.52467e+81 0 2.69
9.04935e+81 0 2.7
1.80987e+82 0 2.71
3.61974e+82 0 2.72
7.23948e+82 0 2.73
1.4479e+83 0 2.74
2.89579e+83 0 2.75
5.79158e+83 0 2.76
1.15832e+84 0 2.77
2.31663e+84 0 2.78
4.63327e+84 0 2.79
9.26653e+84 0 2.8
1.85331e+85 0 2.81
3.70661e+85 0 2.82
7.41322e+85 0 2.83
1.48264e+86 0 2.84
2.96529e+86 0 2.85
5.93058e+86 0 2.86
1.18612e+87 0 2.87
2.37223e+87 0 2.88
4.74446e+87 0 2.89
9.48893e+87 0 2.9
1.89779e+88 0 2.91
3.79557e+88 0 2.92
7.59114e+88 0 2.93
1.51823e+89 0 2.94
3.03646e+89 0 2.95
6.07291e+89 0 2.96
1.21458e+90 0 2.97
2.42917e+90 0 2.98
4.85833e+90 0 2.99
9.71666e+90 0 3
1.94333e+91 0 3.01
3.88666e+91 0 3.02
7.77333e+91 0 3.03
1.55467e+92 0 3.04
3.10933e+92 0 3.05
6.21866e+92 0 3.06
1.24373e+93 0 3.07
2.48747e+93 0 3.08
4.97493e+93 0 3.09
9.94986e+93 0 3.1
1.98997e+94 0 3.11
3.97994e+94 0 3.12
7.95989e+94 0 3.13
1.59198e+95 0 3.14
3.18396e+95 0 3.15
6.36791e+95 0 3.16
1.27358e+96 0 3.17
2.54716e+96 0 3.18
5.09433e+96 0 3.19
1.01887e+97 0 3.2
2.03773e+97 0 3.21
4.07546e+97 0 3.22
8.15093e+97 0 3.23
1.63019e+98 0 3.24
3.26037e+98 0 3.25
6.52074e+98 0 3.26
1.30415e+99 0 3.27
2.6083e+99 0 3.28
5.21659e+99 0 3.29
1.04332e+100 0 3.3
2.08664e+100 0 3.31
4.17327e+100 0 3.32
8.34655e+100 0 3.33
1.66931e+101 0 3.34
3.33862e+101 0 3.35
6.67724e+101 0 3.36
1.33545e+102 0 3.37
2.6709e+102 0 3.38
5.34179e+102 0 3.39
1.06836e+103 0 3.4
2.13672e+103 0 3.41
4.27343e+103 0 3.42
8.54687e+103 0 3.43
1.70937e+104 0 3.44
3.41875e+104 0 3.45
6.83749e+104 0 3.46
1.3675e+105 0 3.47
2.735e+105 0 3.48
5.46999e+105 0 3.49
1.094e+106 0 3.5
2.188e+106 0 3.51
4.376e+106 0 3.52
8.75199e+106 0 3.53
1.7504e+107 0 3.54
3.5008e+107 0 3.55
7.00159e+107 0 3.56
1.40032e+108 0 3.57
2.80064e+108 0 3.58
5.60127e+108 0 3.59
1.12025e+109 0 3.6
2.24051e+109 0 3.61
4.48102e+109 0 3.62
8.96204e+109 0 3.63
1.79241e+110 0 3.64
3.58482e+110 0 3.65
7.16963e+110 0 3.66
1.43393e+111 0 3.67
2.86785e+111 0 3.68
5.7357e+111 0 3.69
1.14714e+112 0 3.7
2.29428e+112 0 3.71
4.58856e+112 0 3.72
9.17713e+112 0 3.73
1.83543e+113 0 3.74
3.67085e+113 0 3.75
7.3417e+113 0 3.76
1.46834e+114 0 3.77
2.93668e+114 0 3.78
5.87336e+114 0 3.79
1.17467e+115 0 3.8
2.34934e+115 0 3.81
4.69869e+115 0 3.82
9.39738e+115 0 3.83
1.87948e+116 0 3.84
3.75895e+116 0 3.85
7.5179e+116 0 3.86
1.50358e+117 0 3.87
3.00716e+117 0 3.88
6.01432e+117 0 3.89
1.20286e+118 0 3.9
2.40573e+118 0 3.91
4.81146e+118 0 3.92
9.62292e+118 0 3.93
1.92458e+119 0 3.94
3.84917e+119 0 3.95
7.69833e+119 0 3.96
1.53967e+120 0 3.97
3.07933e+120 0 3.98
6.15867e+120 0 3.99
1.23173e+121 0 4
2.46347e+121 0 4.01
4.92693e+121 0 4.02
9.85387e+121 0 4.03
1.97077e+122 0 4.04
3.94155e+122 0 4.05
7.88309e+122 0 4.06
1.57662e+123 0 4.07
3.15324e+123 0 4.08
6.30647e+123 0 4.09
1.26129e+124 0 4.1
2.52259e+124 0 4.11
5.04518e+124 0 4.12
1.00904e+125 0 4.13
2.01807e+125 0 4.14
4.03614e+125 0 4.15
8.07229e+125 0 4.16
1.61446e+126 0 4.17
3.22891e+126 0 4.18
6.45783e+126 0 4.19
1.29157e+127 0 4.2
2.58313e+127 0 4.21
5.16626e+127 0 4.22
1.03325e+128 0 4.23
2.06651e+128 0 4.24
4.13301e+128 0 4.25
8.26602e+128 0 4.26
1.6532e+129 0 4.27
3.30641e+129 0 4.28
6.61282e+129 0 4.29
1.32256e+130 0 4.3
2.64513e+130 0 4.31
5.29025e+130 0 4.32
1.05805e+131 0 4.33
2.1161e+131 0 4.34
4.2322e+131 0 4.35
8.46441e+131 0 4.36
1.69288e+132 0 4.37
3.38576e+132 0 4.38
6.77152e+132 0 4.39
1.3543e+133 0 4.4
2.70861e+133 0 4.41
5.41722e+133 0 4.42
1.08344e+134 0 4.43
2.16689e+134 0 4.44
4.33378e+134 0 4.45
8.66755e+134 0 4.46
1.73351e+135 0 4.47
3.46702e+135 0 4.48
6.93404e+135 0 4.49
1.38681e+136 0 4.5
2.77362e+136 0 4.51
5.54723e+136 0 4.52
1.10945e+137 0 4.53
2.21889e+137 0 4.54
4.43779e+137 0 4.55
8.87557e+137 0 4.56
1.77511e+138 0 4.57
3.55023e+138 0 4.58
7.10046e+138 0 4.59
1.42009e+139 0 4.6
2.84018e+139 0 4.61
5.68037e+139 0 4.62
1.13607e+140 0 4.63
2.27215e+140 0 4.64
4.54429e+140 0 4.65
9.08859e+140 0 4.66
1.81772e+141 0 4.67
3.63543e+141 0 4.68
7.27087e+141 0 4.69
1.45417e+142 0 4.7
2.90835e+142 0 4.71
5.8167e+142 0 4.72
1.16334e+143 0 4.73
2.32668e+143 0 4.74
4.65336e+143 0 4.75
9.30671e+143 0 4.76
1.86134e+144 0 4.77
3.72269e+144 0 4.78
7.44537e+144 0 4.79
1.48907e+145 0 4.8
2.97815e+145 0 4.81
5.9563e+145 0 4.82
1.19126e+146 0 4.83
2.38252e+146 0 4.84
4.76504e+146 0 4.85
9.53007e+146 0 4.86
1.90601e+147 0 4.87
3.81203e+147 0 4.88
7.62406e+147 0 4.89
1.52481e+148 0 4.9
3.04962e+148 0 4.91
6.09925e+148 0 4.92
1.21985e+149 0 4.93
2.4397e+149 0 4.94
4.8794e+149 0 4.95
9.7588e+149 0 4.96
1.95176e+150 0 4.97
3.90352e+150 0 4.98
7.80704e+150 0 4.99
1.56141e+151 0 5
3.12281e+151 0 5.01
6.24563e+151 0 5.02
1.24913e+152 0 5.03
2.49825e+152 0 5.04
4.9965e+152 0 5.05
9.99301e+152 0 5.06
1.9986e+153 0 5.07
3.9972e+153 0 5.08
7.99441e+153 0 5.09
1.59888e+154 0 5.1
3.19776e+154 0 5.11
6.39552e+154 0 5.12
1.2791e+155 0 5.13
2.55821e+155 0 5.14
5.11642e+155 0 5.15
1.02328e+156 0 5.16
2.04657e+156 0 5.17
4.09314e+156 0 5.18
8.18627e+156 0 5.19
1.63725e+157 0 5.2
3.27451e+157 0 5.21
6.54902e+157 0 5.22
1.3098e+158 0 5.23
2.61961e+158 0 5.24
5.23921e+158 0 5.25
1.04784e+159 0 5.26
2.09569e+159 0 5.27
4.19137e+159 0 5.28
8.38274e+159 0 5.29
1.67655e+160 0 5.3
3.3531e+160 0 5.31
6.70619e+160 0 5.32
1.34124e+161 0 5.33
2.68248e+161 0 5.34
5.36495e+161 0 5.35
1.07299e+162 0 5.36
2.14598e+162 0 5.37
4.29196e+162 0 5.38
8.58393e+162 0 5.39
1.71679e+163 0 5.4
3.43357e+163 0 5.41
6.86714e+163 0 5.42
1.37343e+164 0 5.43
2.74686e+164 0 5.44
5.49371e+164 0 5.45
1.09874e+165 0 5.46
2.19749e+165 0 5.47
4.39497e+165 0 5.48
8.78994e+165 0 5.49
1.75799e+166 0 5.5
3.51598e+166 0 5.51
7.03195e+166 0 5.52
1.40639e+167 0 5.53
2.81278e+167 0 5.54
5.62556e+167 0 5.55
1.12511e+168 0 5.56
2.25023e+168 0 5.57
4.50045e+168 0 5.58
9.0009e+168 0 5.59
1.80018e+169 0 5.6
3.60036e+169 0 5.61
7.20072e+169 0 5.62
1.44014e+170 0 5.63
2.88029e+170 0 5.64
5.76058e+170 0 5.65
1.15212e+171 0 5.66
2.30423e+171 0 5.67
4.60846e+171 0 5.68
9.21692e+171 0 5.69
1.84338e+172 0 5.7
3.68677e+172 0 5.71
7.37354e+172 0 5.72
1.47471e+173 0 5.73
2.94942e+173 0 5.74
5.89883e+173 0 5.75
1.17977e+174 0 5.76
2.35953e+174 0 5.77
4.71906e+174 0 5.78
9.43813e+174 0 5.79
1.88763e+175 0 5.8
3.77525e+175 0 5.81
7.5505e+175 0 5.82
1.5101e+176 0 5.83
3.0202e+176 0 5.84
6.0404e+176 0 5.85
1.20808e+177 0 5.86
2.41616e+177 0 5.87
4.83232e+177 0 5.88
9.66464e+177 0 5.89
1.93293e+178 0 5.9
3.86586e+178 0 5.91
7.73171e+178 0 5.92
1.54634e+179 0 5.93
3.09269e+179 0 5.94
6.18537e+179 0 5.95
1.23707e+180 0 5.96
2.47415e+180 0 5.97
4.9483e+180 0 5.98
9.89659e+180 0 5.99
1.97932e+181 0 6
3.95864e+181 0 6.01
7.91728e+181 0 6.02
1.58346e+182 0 6.03
3.16691e+182 0 6.04
6.33382e+182 0 6.05
1.26676e+183 0 6.06
2.53353e+183 0 6.07
5.06706e+183 0 6.08
1.01341e+184 0 6.09
2.02682e+184 0 6.1
4.05365e+184 0 6.11
8.10729e+184 0 6.12
1.62146e+185 0 6.13
3.24292e+185 0 6.14
6.48583e+185 0 6.15
1.29717e+186 0 6.16
2.59433e+186 0 6.17
5.18867e+186 0 6.18
1.03773e+187 0 6.19
2.07547e+187 0 6.2
4.15093e+187 0 6.21
8.30187e+187 0 6.22
1.66037e+188 0 6.23
3.32075e+188 0 6.24
6.64149e+188 0 6.25
1.3283e+189 0 6.26
2.6566e+189 0 6.27
5.31319e+189 0 6.28
1.06264e+190 0 6.29
2.12528e+190 0 6.3
4.25056e+190 0 6.31
8.50111e+190 0 6.32
1.70022e+191 0 6.33
3.40044e+191 0 6.34
6.80089e+191 0 6.35
1.36018e+192 0 6.36
2.72036e+192 0 6.37
5.44071e+192 0 6.38
1.08814e+193 0 6.39
2.17628e+193 0 6.4
4.35257e+193 0 6.41
8.70514e+193 0 6.42
1.74103e+194 0 6.43
3.48205e+194 0 6.44
6.96411e+194 0 6.45
1.39282e+195 0 6.46
2.78564e+195 0 6.47
5.57129e+195 0 6.48
1.11426e+196 0 6.49
2.22851e+196 0 6.5
4.45703e+196 0 6.51
8.91406e+196 0 6.52
1.78281e+197 0 6.53
3.56562e+197 0 6.54
7.13125e+197 0 6.55
1.42625e+198 0 6.56
2.8525e+198 0 6.57
5.705e+198 0 6.58
1.141e+199 0 6.59
2.282e+199 0 6.6
4.564e+199 0 6.61
9.128e+199 0 6.62
1.8256e+200 0 6.63
3.6512e+200 0 6.64
7.3024e+200 0 6.65
1.46048e+201 0 6.66
2.92096e+201 0 6.67
5.84192e+201 0 6.68
1.16838e+202 0 6.69
2.33677e+202 0 6.7
4.67353e+202 0 6.71
9.34707e+202 0 6.72
1.86941e+203 0 6.73
3.73883e+203 0 6.74
7.47766e+203 0 6.75
1.49553e+204 0 6.76
2.99106e+204 0 6.77
5.98212e+204 0 6.78
1.19642e+205 0 6.79
2.39285e+205 0 6.8
4.7857e+205 0 6.81
9.5714e+205 0 6.82
1.91428e+206 0 6.83
3.82856e+206 0 6.84
7.65712e+206 0 6.85
1.53142e+207 0 6.86
3.06285e+207 0 6.87
6.1257e+207 0 6.88
1.22514e+208 0 6.89
2.45028e+208 0 6.9
4.90056e+208 0 6.91
9.80111e+208 0 6.92
1.96022e+209 0 6.93
3.92045e+209 0 6.94
7.84089e+209 0 6.95
1.56818e+210 0 6.96
3.13636e+210 0 6.97
6.27271e+210 0 6.98
1.25454e+211 0 6.99
2.50908e+211 0 7
5.01817e+211 0 7.01
1.00363e+212 0 7.02
2.00727e+212 0 7.03
4.01454e+212 0 7.04
8.02907e+212 0 7.05
1.60581e+213 0 7.06
3.21163e+213 0 7.07
6.42326e+213 0 7.08
1.28465e+214 0 7.09
2.5693e+214 0 7.1
5.13861e+214 0 7.11
1.02772e+215 0 7.12
2.05544e+215 0 7.13
4.11088e+215 0 7.14
8.22177e+215 0 7.15
1.64435e+216 0 7.16
3.28871e+216 0 7.17
6.57742e+216 0 7.18
1.31548e+217 0 7.19
2.63097e+217 0 7.2
5.26193e+217 0 7.21
1.05239e+218 0 7.22
2.10477e+218 0 7.23
4.20955e+218 0 7.24
8.41909e+218 0 7.25
1.68382e+219 0 7.26
3.36764e+219 0 7.27
6.73527e+219 0 7.28
1.34705e+220 0 7.29
2.69411e+220 0 7.3
5.38822e+220 0 7.31
1.07764e+221 0 7.32
2.15529e+221 0 7.33
4.31057e+221 0 7.34
8.62115e+221 0 7.35
1.72423e+222 0 7.36
3.44846e+222 0 7.37
6.89692e+222 0 7.38
1.37938e+223 0 7.39
2.75877e+223 0 7.4
5.51754e+223 0 7.41
1.10351e+224 0 7.42
2.20701e+224 0 7.43
4.41403e+224 0 7.44
8.82806e+224 0 7.45
1.76561e+225 0 7.46
3.53122e+225 0 7.47
7.06245e+225 0 7.48
1.41249e+226 0 7.49
2.82498e+226 0 7.5
5.64996e+226 0 7.51
1.12999e+227 0 7.52
2.25998e+227 0 7.53
4.51997e+227 0 7.54
9.03993e+227 0 7.55
1.80799e+228 0 7.56
3.61597e+228 0 7.57
7.23194e+228 0 7.58
1.44639e+229 0 7.59
2.89278e+229 0 7.6
5.78556e+229 0 7.61
1.15711e+230 0 7.62
2.31422e+230 0 7.63
4.62844e+230 0 7.64
9.25689e+230 0 7.65
1.85138e+231 0 7.66
3.70276e+231 0 7.67
7.40551e+231 0 7.68
1.4811e+232 0 7.69
2.9622e+232 0 7.7
5.92441e+232 0 7.71
1.18488e+233 0 7.72
2.36976e+233 0 7.73
4.73953e+233 0 7.74
9.47905e+233 0 7.75
1.89581e+234 0 7.76
3.79162e+234 0 7.77
7.58324e+234 0 7.78
1.51665e+235 0 7.79
3.0333e+235 0 7.8
6.06659e+235 0 7.81
1.21332e+236 0 7.82
2.42664e+236 0 7.83
4.85328e+236 0 7.84
9.70655e+236 0 7.85
1.94131e+237 0 7.86
3.88262e+237 0 7.87
7.76524e+237 0 7.88
1.55305e+238 0 7.89
3.1061e+238 0 7.9
6.21219e+238 0 7.91
1.24244e+239 0 7.92
2.48488e+239 0 7.93
4.96975e+239 0 7.94
9.93951e+239 0 7.95
1.9879e+240 0 7.96
3.9758e+240 0 7.97
7.95161e+240 0 7.98
1.59032e+241 0 7.99
3.18064e+241 0 8
6.36129e+241 0 8.01
1.27226e+242 0 8.02
2.54451e+242 0 8.03
5.08903e+242 0 8.04
1.01781e+243 0 8.05
2.03561e+243 0 8.06
4.07122e+243 0 8.07
8.14245e+243 0 8.08
1.62849e+244 0 8.09
3.25698e+244 0 8.1
6.51396e+244 0 8.11
1.30279e+245 0 8.12
2.60558e+245 0 8.13
5.21117e+245 0 8.14
1.04223e+246 0 8.15
2.08447e+246 0 8.16
4.16893e+246 0 8.17
8.33786e+246 0 8.18
1.66757e+247 0 8.19
3.33515e+247 0 8.2
6.67029e+247 0 8.21
1.33406e+248 0 8.22
2.66812e+248 0 8.23
5.33623e+248 0 8.24
1.06725e+249 0 8.25
2.13449e+249 0 8.26
4.26899e+249 0 8.27
8.53797e+249 0 8.28
1.70759e+250 0 8.29
3.41519e+250 0 8.3
6.83038e+250 0 8.31
1.36608e+251 0 8.32
2.73215e+251 0 8.33
5.4643e+251 0 8.34
1.09286e+252 0 8.35
2.18572e+252 0 8.36
4.37144e+252 0 8.37
8.74288e+252 0 8.38
1.74858e+253 0 8.39
3.49715e+253 0 8.4
6.99431e+253 0 8.41
1.39886e+254 0 8.42
2.79772e+254 0 8.43
5.59545e+254 0 8.44
1.11909e+255 0 8.45
2.23818e+255 0 8.46
4.47636e+255 0 8.47
8.95271e+255 0 8.48
1.79054e+256 0 8.49
3.58109e+256 0 8.5
7.16217e+256 0 8.51
1.43243e+257 0 8.52
2.86487e+257 0 8.53
5.72974e+257 0 8.54
1.14595e+258 0 8.55
2.29189e+258 0 8.56
4.58379e+258 0 8.57
9.16758e+258 0 8.58
1.83352e+259 0 8.59
3.66703e+259 0 8.6
7.33406e+259 0 8.61
1.46681e+260 0 8.62
2.93363e+260 0 8.63
5.86725e+260 0 8.64
1.17345e+261 0 8.65
2.3469e+261 0 8.66
4.6938e+261 0 8.67
9.3876e+261 0 8.68
1.87752e+262 0 8.69
3.75504e+262 0 8.7
7.51008e+262 0 8.71
1.50202e+263 0 8.72
3.00403e+263 0 8.73
6.00806e+263 0 8.74
1.20161e+264 0 8.75
2.40323e+264 0 8.76
4.80645e+264 0 8.77
9.6129e+264 0 8.78
1.92258e+265 0 8.79
3.84516e+265 0 8.8
7.69032e+265 0 8.81
1.53806e+266 0 8.82
3.07613e+266 0 8.83
6.15226e+266 0 8.84
1.23045e+267 0 8.85
2.4609e+267 0 8.86
4.92181e+267 0 8.87
9.84361e+267 0 8.88
1.96872e+268 0 8.89
3.93745e+268 0 8.9
7.87489e+268 0 8.91
1.57498e+269 0 8.92
3.14996e+269 0 8.93
6.29991e+269 0 8.94
1.25998e+270 0 8.95
2.51996e+270 0 8.96
5.03993e+270 0 8.97
1.00799e+271 0 8.98
2.01597e+271 0 8.99
4.03194e+271 0 9
8.06389e+271 0 9.01
1.61278e+272 0 9.02
3.22556e+272 0 9.03
6.45111e+272 0 9.04
1.29022e+273 0 9.05
2.58044e+273 0 9.06
5.16089e+273 0 9.07
1.03218e+274 0 9.08
2.06436e+274 0 9.09
4.12871e+274 0 9.1
8.25742e+274 0 9.11
1.65148e+275 0 9.12
3.30297e+275 0 9.13
6.60594e+275 0 9.14
1.32119e+276 0 9.15
2.64237e+276 0 9.16
5.28475e+276 0 9.17
1.05695e+277 0 9.18
2.1139e+277 0 9.19
4.2278e+277 0 9.2
8.4556e+277 0 9.21
1.69112e+278 0 9.22
3.38224e+278 0 9.23
6.76448e+278 0 9.24
1.3529e+279 0 9.25
2.70579e+279 0 9.26
5.41158e+279 0 9.27
1.08232e+280 0 9.28
2.16463e+280 0 9.29
4.32927e+280 0 9.3
8.65853e+280 0 9.31
1.73171e+281 0 9.32
3.46341e+281 0 9.33
6.92683e+281 0 9.34
1.38537e+282 0 9.35
2.77073e+282 0 9.36
5.54146e+282 0 9.37
1.10829e+283 0 9.38
2.21658e+283 0 9.39
4.43317e+283 0 9.4
8.86634e+283 0 9.41
1.77327e+284 0 9.42
3.54654e+284 0 9.43
7.09307e+284 0 9.44
1.41861e+285 0 9.45
2.83723e+285 0 9.46
5.67446e+285 0 9.47
1.13489e+286 0 9.48
2.26978e+286 0 9.49
4.53957e+286 0 9.5
9.07913e+286 0 9.51
1.81583e+287 0 9.52
3.63165e+287 0 9.53
7.2633e+287 0 9.54
1.45266e+288 0 9.55
2.90532e+288 0 9.56
5.81064e+288 0 9.57
1.16213e+289 0 9.58
2.32426e+289 0 9.59
4.64851e+289 0 9.6
9.29703e+289 0 9.61
1.85941e+290 0 9.62
3.71881e+290 0 9.63
7.43762e+290 0 9.64
1.48752e+291 0 9.65
2.97505e+291 0 9.66
5.9501e+291 0 9.67
1.19002e+292 0 9.68
2.38004e+292 0 9.69
4.76008e+292 0 9.7
9.52016e+292 0 9.71
1.90403e+293 0 9.72
3.80806e+293 0 9.73
7.61613e+293 0 9.74
1.52323e+294 0 9.75
3.04645e+294 0 9.76
6.0929e+294 0 9.77
1.21858e+295 0 9.78
2.43716e+295 0 9.79
4.87432e+295 0 9.8
9.74864e+295 0 9.81
1.94973e+296 0 9.82
3.89946e+296 0 9.83
7.79891e+296 0 9.84
1.55978e+297 0 9.85
3.11957e+297 0 9.86
6.23913e+297 0 9.87
1.24783e+298 0 9.88
2.49565e+298 0 9.89
4.9913e+298 0 9.9
9.98261e+298 0 9.91
1.99652e+299 0 9.92
3.99304e+299 0 9.93
7.98609e+299 0 9.94
1.59722e+300 0 9.95
3.19444e+300 0 9.96
6.38887e+300 0 9.97
1.27777e+301 0 9.98
2.55555e+301 0 9.99
