0 0 6.91778e+24 0
-1.42569e-07 2.63967e-05 6.92816e+24 0.01
-4.2593e-07 5.28116e-05 6.93834e+24 0.02
-8.47818e-07 7.92432e-05 6.94808e+24 0.03
-1.40533e-06 0.00010569 6.95721e+24 0.04
-2.09482e-06 0.000132149 6.96569e+24 0.05
-2.91199e-06 0.00015862 6.97369e+24 0.06
-3.85226e-06 0.000185102 6.98155e+24 0.07
-4.91141e-06 0.000211595 6.9897e+24 0.08
-6.08615e-06 0.0002381 6.99838e+24 0.09
-7.37439e-06 0.000264616 7.00756e+24 0.1
-8.77504e-06 0.000291145 7.01695e+24 0.11
-1.02877e-05 0.000317685 7.02611e+24 0.12
-1.19123e-05 0.000344234 7.03463e+24 0.13
-1.3649e-05 0.000370791 7.04218e+24 0.14
-1.5498e-05 0.000397352 7.04852e+24 0.15
-1.74594e-05 0.000423914 7.0535e+24 0.16
-1.95338e-05 0.000450475 7.05704e+24 0.17
-2.17216e-05 0.00047703 7.05911e+24 0.18
-2.40234e-05 0.000503577 7.05973e+24 0.19
-2.64399e-05 0.000530113 7.05894e+24 0.2
-2.8972e-05 0.000556633 7.0568e+24 0.21
-3.16208e-05 0.000583136 7.05339e+24 0.22
-3.43871e-05 0.000609617 7.04878e+24 0.23
-3.72721e-05 0.000636076 7.04308e+24 0.24
-4.02767e-05 0.000662508 7.03636e+24 0.25
-4.34016e-05 0.000688911 7.02873e+24 0.26
-4.66472e-05 0.000715285 7.02031e+24 0.27
-5.00137e-05 0.000741625 7.01127e+24 0.28
-5.35006e-05 0.000767932 7.00188e+24 0.29
-5.71072e-05 0.000794205 6.99251e+24 0.3
-6.08329e-05 0.000820445 6.9837e+24 0.31
-6.46773e-05 0.000846652 6.97597e+24 0.32
-6.86408e-05 0.00087283 6.96974e+24 0.33
-7.2725e-05 0.00089898 6.96509e+24 0.34
-7.69323e-05 0.000925105 6.96179e+24 0.35
-8.12652e-05 0.000951204 6.95943e+24 0.36
-8.57261e-05 0.000977278 6.95759e+24 0.37
-9.03168e-05 0.00100333 6.95598e+24 0.38
-9.50386e-05 0.00102935 6.95443e+24 0.39
-9.98922e-05 0.00105534 6.95287e+24 0.4
-0.000104878 0.00108131 6.95126e+24 0.41
-0.000109996 0.00110725 6.94962e+24 0.42
-0.000115246 0.00113316 6.94794e+24 0.43
-0.000120627 0.00115903 6.94625e+24 0.44
-0.000126139 0.00118488 6.94455e+24 0.45
-0.000131781 0.0012107 6.94282e+24 0.46
-0.000137552 0.00123648 6.94105e+24 0.47
-0.000143451 0.00126223 6.93924e+24 0.48
-0.000149476 0.00128795 6.93737e+24 0.49
-0.000155625 0.00131364 6.93543e+24 0.5
-0.000161897 0.00133929 6.93343e+24 0.51
-0.00016829 0.0013649 6.93145e+24 0.52
-0.0001748 0.00139049 6.92957e+24 0.53
-0.000181427 0.00141604 6.92801e+24 0.54
-0.000188166 0.00144156 6.92703e+24 0.55
-0.000195018 0.00146705 6.92691e+24 0.56
-0.000201981 0.00149251 6.92781e+24 0.57
-0.000209055 0.00151795 6.92964e+24 0.58
-0.00021624 0.00154335 6.93201e+24 0.59
-0.000223538 0.00156873 6.93429e+24 0.6
-0.00023095 0.00159409 6.93588e+24 0.61
-0.000238474 0.0016194 6.93634e+24 0.62
-0.00024611 0.00164469 6.93543e+24 0.63
-0.000253856 0.00166993 6.93306e+24 0.64
-0.00026171 0.00169514 6.9292e+24 0.65
-0.000269669 0.00172029 6.92387e+24 0.66
-0.000277733 0.00174541 6.91707e+24 0.67
-0.000285898 0.00177047 6.90882e+24 0.68
-0.000294163 0.00179548 6.8991e+24 0.69
-0.000302525 0.00182044 6.88793e+24 0.7
-0.000310984 0.00184534 6.87531e+24 0.71
-0.000319537 0.00187018 6.86125e+24 0.72
-0.000328184 0.00189495 6.84581e+24 0.73
-0.000336924 0.00191966 6.82907e+24 0.74
-0.000345756 0.0019443 6.81114e+24 0.75
-0.000354679 0.00196886 6.7922e+24 0.76
-0.000363694 0.00199335 6.77247e+24 0.77
-0.000372802 0.00201777 6.75226e+24 0.78
-0.000382003 0.00204211 6.7319e+24 0.79
-0.0003913 0.00206637 6.71175e+24 0.8
-0.000400696 0.00209055 6.69209e+24 0.81
-0.000410195 0.00211466 6.673e+24 0.82
-0.000419801 0.00213868 6.65432e+24 0.83
-0.000429519 0.00216261 6.63569e+24 0.84
-0.000439354 0.00218646 6.61677e+24 0.85
-0.000449308 0.00221022 6.5974e+24 0.86
-0.000459384 0.00223388 6.57766e+24 0.87
-0.000469582 0.00225745 6.55782e+24 0.88
-0.000479906 0.00228093 6.53824e+24 0.89
-0.000490354 0.00230431 6.51923e+24 0.9
-0.000500929 0.00232759 6.50109e+24 0.91
-0.000511632 0.00235077 6.48401e+24 0.92
-0.000522463 0.00237387 6.46818e+24 0.93
-0.000533423 0.00239686 6.45372e+24 0.94
-0.000544513 0.00241977 6.4407e+24 0.95
-0.000555734 0.00244259 6.4292e+24 0.96
-0.000567086 0.00246532 6.41927e+24 0.97
-0.000578571 0.00248797 6.41095e+24 0.98
-0.000590187 0.00251054 6.40427e+24 0.99
-0.000601936 0.00253302 6.39927e+24 1
-0.000613817 0.00255543 6.396e+24 1.01
-0.000625831 0.00257776 6.39449e+24 1.02
-0.000637979 0.00260002 6.39481e+24 1.03
-0.00065026 0.00262222 6.39695e+24 1.04
-0.000662676 0.00264435 6.40085e+24 1.05
-0.000675228 0.00266641 6.40632e+24 1.06
-0.000687916 0.00268841 6.41294e+24 1.07
-0.000700742 0.00271034 6.42015e+24 1.08
-0.000713705 0.00273222 6.42734e+24 1.09
-0.000726804 0.00275402 6.43409e+24 1.1
-0.000740034 0.00277577 6.44026e+24 1.11
-0.000753393 0.00279744 6.44596e+24 1.12
-0.000766876 0.00281905 6.45139e+24 1.13
-0.000780481 0.0028406 6.45676e+24 1.14
-0.000794203 0.00286209 6.46218e+24 1.15
-0.000808038 0.00288351 6.46769e+24 1.16
-0.000821985 0.00290488 6.47327e+24 1.17
-0.000836039 0.00292619 6.47882e+24 1.18
-0.000850198 0.00294744 6.48426e+24 1.19
-0.000864458 0.00296864 6.48947e+24 1.2
-0.000878817 0.00298978 6.49433e+24 1.21
-0.000893271 0.00301087 6.49872e+24 1.22
-0.000907818 0.0030319 6.50252e+24 1.23
-0.000922455 0.00305288 6.50563e+24 1.24
-0.00093718 0.0030738 6.50794e+24 1.25
-0.000951989 0.00309467 6.50937e+24 1.26
-0.000966881 0.00311548 6.50981e+24 1.27
-0.000981853 0.00313622 6.50916e+24 1.28
-0.000996905 0.00315691 6.50726e+24 1.29
-0.00101203 0.00317753 6.50388e+24 1.3
-0.00102724 0.00319808 6.49868e+24 1.31
-0.00104252 0.00321856 6.49123e+24 1.32
-0.00105788 0.00323896 6.48112e+24 1.33
-0.00107331 0.00325927 6.46811e+24 1.34
-0.0010888 0.00327949 6.45229e+24 1.35
-0.00110436 0.00329961 6.43407e+24 1.36
-0.00111998 0.00331964 6.41404e+24 1.37
-0.00113566 0.00333957 6.39274e+24 1.38
-0.00115139 0.0033594 6.37062e+24 1.39
-0.00116719 0.00337912 6.34801e+24 1.4
-0.00118304 0.00339874 6.32513e+24 1.41
-0.00119896 0.00341824 6.30217e+24 1.42
-0.00121494 0.00343764 6.27929e+24 1.43
-0.00123098 0.00345693 6.25663e+24 1.44
-0.00124709 0.0034761 6.23433e+24 1.45
-0.00126326 0.00349515 6.21253e+24 1.46
-0.00127951 0.00351409 6.19135e+24 1.47
-0.00129583 0.00353291 6.17091e+24 1.48
-0.00131223 0.00355162 6.15129e+24 1.49
-0.00132871 0.0035702 6.13256e+24 1.5
-0.00134527 0.00358866 6.11478e+24 1.51
-0.00136191 0.003607 6.09793e+24 1.52
-0.00137863 0.00362522 6.08197e+24 1.53
-0.00139545 0.00364331 6.06677e+24 1.54
-0.00141235 0.00366128 6.05213e+24 1.55
-0.00142935 0.00367913 6.03776e+24 1.56
-0.00144643 0.00369685 6.02338e+24 1.57
-0.00146361 0.00371443 6.00881e+24 1.58
-0.00148088 0.00373189 5.99411e+24 1.59
-0.00149823 0.00374922 5.97961e+24 1.6
-0.00151566 0.00376643 5.96577e+24 1.61
-0.00153318 0.00378351 5.95304e+24 1.62
-0.00155078 0.00380047 5.94166e+24 1.63
-0.00156847 0.00381732 5.93169e+24 1.64
-0.00158624 0.00383405 5.92305e+24 1.65
-0.0016041 0.00385066 5.9156e+24 1.66
-0.00162204 0.00386717 5.90917e+24 1.67
-0.00164007 0.00388356 5.90361e+24 1.68
-0.00165819 0.00389984 5.89877e+24 1.69
-0.00167639 0.00391601 5.89453e+24 1.7
-0.00169469 0.00393207 5.89077e+24 1.71
-0.00171306 0.00394802 5.88737e+24 1.72
-0.00173153 0.00396386 5.88424e+24 1.73
-0.00175007 0.00397959 5.88124e+24 1.74
-0.00176871 0.00399521 5.87827e+24 1.75
-0.00178742 0.00401072 5.87518e+24 1.76
-0.00180622 0.00402612 5.87181e+24 1.77
-0.0018251 0.00404141 5.86796e+24 1.78
-0.00184406 0.00405659 5.8634e+24 1.79
-0.00186309 0.00407165 5.85789e+24 1.8
-0.0018822 0.0040866 5.8512e+24 1.81
-0.00190137 0.00410143 5.8432e+24 1.82
-0.00192061 0.00411615 5.83391e+24 1.83
-0.00193991 0.00413075 5.82365e+24 1.84
-0.00195927 0.00414524 5.81287e+24 1.85
-0.00197868 0.00415962 5.80202e+24 1.86
-0.00199815 0.00417388 5.79136e+24 1.87
-0.00201767 0.00418804 5.78092e+24 1.88
-0.00203724 0.00420208 5.77055e+24 1.89
-0.00205687 0.00421601 5.76004e+24 1.9
-0.00207656 0.00422982 5.74922e+24 1.91
-0.00209629 0.00424352 5.73796e+24 1.92
-0.00211608 0.0042571 5.72618e+24 1.93
-0.00213592 0.00427055 5.71389e+24 1.94
-0.00215581 0.00428388 5.70111e+24 1.95
-0.00217576 0.00429708 5.68791e+24 1.96
-0.00219576 0.00431015 5.67438e+24 1.97
-0.00221581 0.00432308 5.66063e+24 1.98
-0.00223591 0.00433588 5.64677e+24 1.99
-0.00225607 0.00434854 5.63289e+24 2
-0.00227628 0.00436105 5.6191e+24 2.01
-0.00229655 0.00437342 5.60548e+24 2.02
-0.00231687 0.00438565 5.59207e+24 2.03
-0.00233725 0.00439772 5.57893e+24 2.04
-0.00235768 0.00440965 5.56611e+24 2.05
-0.00237817 0.00442144 5.55372e+24 2.06
-0.00239871 0.00443307 5.54195e+24 2.07
-0.00241931 0.00444456 5.53117e+24 2.08
-0.00243996 0.00445591 5.52184e+24 2.09
-0.00246067 0.00446712 5.5144e+24 2.1
-0.00248144 0.0044782 5.50912e+24 2.11
-0.00250228 0.00448914 5.50595e+24 2.12
-0.00252318 0.00449995 5.50459e+24 2.13
-0.00254414 0.00451063 5.50467e+24 2.14
-0.00256518 0.00452117 5.5058e+24 2.15
-0.00258629 0.00453159 5.50768e+24 2.16
-0.00260746 0.00454188 5.51008e+24 2.17
-0.0026287 0.00455203 5.51281e+24 2.18
-0.00265002 0.00456206 5.51573e+24 2.19
-0.00267139 0.00457196 5.51871e+24 2.2
-0.00269284 0.00458173 5.52163e+24 2.21
-0.00271435 0.00459138 5.52439e+24 2.22
-0.00273591 0.0046009 5.52686e+24 2.23
-0.00275754 0.0046103 5.52895e+24 2.24
-0.00277922 0.00461958 5.53052e+24 2.25
-0.00280096 0.00462873 5.53148e+24 2.26
-0.00282275 0.00463777 5.53171e+24 2.27
-0.00284459 0.00464668 5.53113e+24 2.28
-0.00286647 0.00465548 5.52968e+24 2.29
-0.00288839 0.00466416 5.52736e+24 2.3
-0.00291035 0.00467273 5.52425e+24 2.31
-0.00293234 0.00468119 5.52057e+24 2.32
-0.00295437 0.00468953 5.51662e+24 2.33
-0.00297643 0.00469777 5.51273e+24 2.34
-0.00299851 0.00470591 5.50906e+24 2.35
-0.00302063 0.00471393 5.50552e+24 2.36
-0.00304278 0.00472186 5.50176e+24 2.37
-0.00306496 0.00472967 5.4973e+24 2.38
-0.00308717 0.00473737 5.49172e+24 2.39
-0.00310939 0.00474495 5.48473e+24 2.4
-0.00313164 0.00475242 5.47618e+24 2.41
-0.00315391 0.00475978 5.46602e+24 2.42
-0.00317618 0.00476701 5.45425e+24 2.43
-0.00319847 0.00477412 5.44092e+24 2.44
-0.00322076 0.0047811 5.42608e+24 2.45
-0.00324306 0.00478796 5.40979e+24 2.46
-0.00326535 0.00479469 5.39213e+24 2.47
-0.00328764 0.00480129 5.37318e+24 2.48
-0.00330992 0.00480776 5.35303e+24 2.49
-0.0033322 0.0048141 5.3318e+24 2.5
-0.00335446 0.00482029 5.30962e+24 2.51
-0.00337671 0.00482635 5.28664e+24 2.52
-0.00339894 0.00483227 5.26308e+24 2.53
-0.00342116 0.00483804 5.23918e+24 2.54
-0.00344336 0.00484367 5.21525e+24 2.55
-0.00346554 0.00484915 5.19167e+24 2.56
-0.00348771 0.00485448 5.16889e+24 2.57
-0.00350987 0.00485966 5.14733e+24 2.58
-0.00353201 0.00486469 5.12731e+24 2.59
-0.00355415 0.00486956 5.10894e+24 2.6
-0.00357629 0.00487427 5.09204e+24 2.61
-0.00359842 0.00487881 5.07629e+24 2.62
-0.00362055 0.00488318 5.06141e+24 2.63
-0.00364269 0.00488738 5.04727e+24 2.64
-0.00366483 0.0048914 5.03388e+24 2.65
-0.00368697 0.00489524 5.02136e+24 2.66
-0.00370912 0.00489891 5.00986e+24 2.67
-0.00373127 0.0049024 4.99952e+24 2.68
-0.00375343 0.0049057 4.99043e+24 2.69
-0.00377559 0.00490883 4.98267e+24 2.7
-0.00379777 0.00491179 4.97626e+24 2.71
-0.00381995 0.00491457 4.97121e+24 2.72
-0.00384215 0.00491717 4.96749e+24 2.73
-0.00386437 0.00491961 4.96507e+24 2.74
-0.0038866 0.00492187 4.9639e+24 2.75
-0.00390884 0.00492397 4.96395e+24 2.76
-0.0039311 0.0049259 4.96518e+24 2.77
-0.00395339 0.00492768 4.96758e+24 2.78
-0.00397569 0.00492929 4.97116e+24 2.79
-0.00399801 0.00493075 4.97595e+24 2.8
-0.00402036 0.00493205 4.98202e+24 2.81
-0.00404273 0.0049332 4.98941e+24 2.82
-0.00406513 0.0049342 4.99808e+24 2.83
-0.00408755 0.00493505 5.00786e+24 2.84
-0.00411001 0.00493575 5.01832e+24 2.85
-0.00413249 0.0049363 5.02891e+24 2.86
-0.004155 0.0049367 5.03909e+24 2.87
-0.00417753 0.00493695 5.04847e+24 2.88
-0.00420009 0.00493705 5.05693e+24 2.89
-0.00422266 0.004937 5.06451e+24 2.9
-0.00424524 0.00493681 5.07133e+24 2.91
-0.00426783 0.00493648 5.07749e+24 2.92
-0.00429044 0.00493601 5.08309e+24 2.93
-0.00431305 0.0049354 5.08817e+24 2.94
-0.00433567 0.00493466 5.09275e+24 2.95
-0.0043583 0.00493379 5.09683e+24 2.96
-0.00438092 0.00493279 5.10039e+24 2.97
-0.00440355 0.00493166 5.10342e+24 2.98
-0.00442618 0.00493041 5.1059e+24 2.99
-0.0044488 0.00492903 5.10782e+24 3
-0.00447142 0.00492753 5.10919e+24 3.01
-0.00449403 0.0049259 5.11003e+24 3.02
-0.00451664 0.00492416 5.11039e+24 3.03
-0.00453923 0.00492229 5.11031e+24 3.04
-0.00456181 0.0049203 5.10988e+24 3.05
-0.00458438 0.00491819 5.10914e+24 3.06
-0.00460694 0.00491595 5.1081e+24 3.07
-0.00462948 0.00491359 5.10664e+24 3.08
-0.004652 0.0049111 5.10454e+24 3.09
-0.0046745 0.00490848 5.10141e+24 3.1
-0.00469697 0.00490572 5.0969e+24 3.11
-0.00471941 0.00490283 5.09084e+24 3.12
-0.00474182 0.0048998 5.08334e+24 3.13
-0.00476419 0.00489663 5.07474e+24 3.14
-0.00478652 0.00489332 5.06549e+24 3.15
-0.0048088 0.00488987 5.056e+24 3.16
-0.00483104 0.00488628 5.04664e+24 3.17
-0.00485324 0.00488256 5.03768e+24 3.18
-0.0048754 0.00487869 5.02932e+24 3.19
-0.00489751 0.00487468 5.02172e+24 3.2
-0.00491958 0.00487053 5.01502e+24 3.21
-0.00494161 0.00486623 5.00932e+24 3.22
-0.0049636 0.00486178 5.0047e+24 3.23
-0.00498556 0.00485719 5.00121e+24 3.24
-0.00500747 0.00485246 4.99891e+24 3.25
-0.00502935 0.00484757 4.99781e+24 3.26
-0.0050512 0.00484254 4.99793e+24 3.27
-0.00507302 0.00483735 4.99926e+24 3.28
-0.0050948 0.00483202 5.00174e+24 3.29
-0.00511656 0.00482653 5.00532e+24 3.3
-0.00513829 0.0048209 5.00985e+24 3.31
-0.00515999 0.00481511 5.01511e+24 3.32
-0.00518166 0.00480917 5.02077e+24 3.33
-0.0052033 0.00480307 5.0264e+24 3.34
-0.00522491 0.00479683 5.03156e+24 3.35
-0.00524649 0.00479043 5.03594e+24 3.36
-0.00526803 0.00478388 5.03948e+24 3.37
-0.00528953 0.00477718 5.04238e+24 3.38
-0.00531099 0.00477035 5.04499e+24 3.39
-0.00533242 0.00476337 5.04762e+24 3.4
-0.0053538 0.00475626 5.05044e+24 3.41
-0.00537515 0.00474901 5.05354e+24 3.42
-0.00539646 0.00474163 5.0569e+24 3.43
-0.00541773 0.00473411 5.06049e+24 3.44
-0.00543897 0.00472647 5.06422e+24 3.45
-0.00546016 0.0047187 5.06802e+24 3.46
-0.00548132 0.00471079 5.07183e+24 3.47
-0.00550244 0.00470275 5.0756e+24 3.48
-0.00552351 0.00469459 5.07927e+24 3.49
-0.00554455 0.0046863 5.08281e+24 3.5
-0.00556554 0.00467787 5.08618e+24 3.51
-0.00558648 0.00466932 5.08935e+24 3.52
-0.00560738 0.00466064 5.09226e+24 3.53
-0.00562823 0.00465182 5.09486e+24 3.54
-0.00564903 0.00464288 5.09707e+24 3.55
-0.00566978 0.0046338 5.09873e+24 3.56
-0.00569047 0.00462459 5.09965e+24 3.57
-0.0057111 0.00461525 5.09961e+24 3.58
-0.00573167 0.00460578 5.09835e+24 3.59
-0.00575217 0.00459617 5.09576e+24 3.6
-0.00577259 0.00458643 5.09191e+24 3.61
-0.00579295 0.00457657 5.08717e+24 3.62
-0.00581323 0.00456658 5.08205e+24 3.63
-0.00583344 0.00455646 5.07703e+24 3.64
-0.00585357 0.00454622 5.07247e+24 3.65
-0.00587362 0.00453585 5.06852e+24 3.66
-0.0058936 0.00452535 5.06525e+24 3.67
-0.00591351 0.00451473 5.06264e+24 3.68
-0.00593334 0.00450397 5.0607e+24 3.69
-0.00595309 0.00449307 5.05942e+24 3.7
-0.00597277 0.00448204 5.05886e+24 3.71
-0.00599237 0.00447087 5.05906e+24 3.72
-0.00601188 0.00445956 5.06011e+24 3.73
-0.00603132 0.0044481 5.0621e+24 3.74
-0.00605068 0.0044365 5.0651e+24 3.75
-0.00606996 0.00442474 5.06922e+24 3.76
-0.00608915 0.00441283 5.07451e+24 3.77
-0.00610827 0.00440076 5.08103e+24 3.78
-0.00612731 0.00438854 5.08878e+24 3.79
-0.00614626 0.00437615 5.09773e+24 3.8
-0.00616514 0.00436361 5.10778e+24 3.81
-0.00618394 0.0043509 5.11881e+24 3.82
-0.00620266 0.00433803 5.13065e+24 3.83
-0.0062213 0.004325 5.1432e+24 3.84
-0.00623986 0.00431181 5.15649e+24 3.85
-0.00625836 0.00429847 5.17074e+24 3.86
-0.00627678 0.00428497 5.18632e+24 3.87
-0.00629514 0.00427132 5.20358e+24 3.88
-0.00631344 0.00425752 5.22269e+24 3.89
-0.00633168 0.00424357 5.24358e+24 3.9
-0.00634987 0.00422947 5.26599e+24 3.91
-0.006368 0.00421522 5.28958e+24 3.92
-0.00638609 0.00420082 5.31398e+24 3.93
-0.00640413 0.00418628 5.33889e+24 3.94
-0.00642212 0.00417159 5.36402e+24 3.95
-0.00644007 0.00415675 5.38914e+24 3.96
-0.00645796 0.00414178 5.41406e+24 3.97
-0.00647581 0.00412667 5.43857e+24 3.98
-0.00649361 0.00411142 5.46254e+24 3.99
-0.00651136 0.00409603 5.48579e+24 4
-0.00652906 0.00408052 5.5082e+24 4.01
-0.00654671 0.00406487 5.52961e+24 4.02
-0.0065643 0.00404911 5.54988e+24 4.03
-0.00658184 0.00403322 5.56887e+24 4.04
-0.00659932 0.00401721 5.58644e+24 4.05
-0.00661675 0.00400109 5.60244e+24 4.06
-0.00663411 0.00398485 5.61678e+24 4.07
-0.0066514 0.00396851 5.62942e+24 4.08
-0.00666863 0.00395207 5.64047e+24 4.09
-0.0066858 0.00393553 5.6502e+24 4.1
-0.0067029 0.00391889 5.65904e+24 4.11
-0.00671993 0.00390216 5.66747e+24 4.12
-0.0067369 0.00388534 5.67579e+24 4.13
-0.0067538 0.00386842 5.68404e+24 4.14
-0.00677063 0.00385142 5.69201e+24 4.15
-0.00678738 0.00383432 5.6994e+24 4.16
-0.00680407 0.00381712 5.70593e+24 4.17
-0.00682067 0.00379984 5.71142e+24 4.18
-0.00683719 0.00378246 5.71575e+24 4.19
-0.00685362 0.00376499 5.71892e+24 4.2
-0.00686996 0.00374743 5.72094e+24 4.21
-0.0068862 0.00372978 5.72188e+24 4.22
-0.00690234 0.00371203 5.72182e+24 4.23
-0.00691838 0.0036942 5.72087e+24 4.24
-0.00693432 0.00367627 5.71912e+24 4.25
-0.00695014 0.00365825 5.7167e+24 4.26
-0.00696585 0.00364014 5.71373e+24 4.27
-0.00698144 0.00362194 5.71034e+24 4.28
-0.00699691 0.00360365 5.70669e+24 4.29
-0.00701226 0.00358527 5.70292e+24 4.3
-0.00702748 0.00356679 5.69922e+24 4.31
-0.00704257 0.00354821 5.69585e+24 4.32
-0.00705754 0.00352954 5.69312e+24 4.33
-0.00707238 0.00351078 5.69146e+24 4.34
-0.0070871 0.00349191 5.69138e+24 4.35
-0.00710169 0.00347295 5.69342e+24 4.36
-0.00711615 0.00345387 5.69796e+24 4.37
-0.0071305 0.00343469 5.70509e+24 4.38
-0.00714472 0.00341539 5.71461e+24 4.39
-0.00715881 0.00339596 5.72615e+24 4.4
-0.00717279 0.00337642 5.73936e+24 4.41
-0.00718663 0.00335675 5.75396e+24 4.42
-0.00720035 0.00333695 5.7698e+24 4.43
-0.00721395 0.00331702 5.78678e+24 4.44
-0.00722742 0.00329696 5.80484e+24 4.45
-0.00724077 0.00327677 5.82391e+24 4.46
-0.007254 0.00325646 5.84392e+24 4.47
-0.00726711 0.00323601 5.86478e+24 4.48
-0.00728011 0.00321544 5.88639e+24 4.49
-0.00729298 0.00319474 5.90862e+24 4.5
-0.00730575 0.00317392 5.93134e+24 4.51
-0.0073184 0.00315297 5.95444e+24 4.52
-0.00733094 0.0031319 5.97779e+24 4.53
-0.00734338 0.00311071 6.00131e+24 4.54
-0.00735571 0.00308941 6.02491e+24 4.55
-0.00736793 0.00306798 6.04859e+24 4.56
-0.00738005 0.00304645 6.07239e+24 4.57
-0.00739208 0.0030248 6.09642e+24 4.58
-0.007404 0.00300305 6.12088e+24 4.59
-0.00741584 0.00298118 6.14599e+24 4.6
-0.00742758 0.0029592 6.17186e+24 4.61
-0.00743922 0.00293712 6.1984e+24 4.62
-0.00745077 0.00291492 6.22523e+24 4.63
-0.00746222 0.00289261 6.25181e+24 4.64
-0.00747358 0.0028702 6.2776e+24 4.65
-0.00748483 0.00284768 6.30225e+24 4.66
-0.00749598 0.00282505 6.32562e+24 4.67
-0.00750702 0.00280232 6.34774e+24 4.68
-0.00751796 0.0027795 6.36868e+24 4.69
-0.00752879 0.00275658 6.38858e+24 4.7
-0.00753951 0.00273357 6.40755e+24 4.71
-0.00755012 0.00271047 6.4257e+24 4.72
-0.00756063 0.00268728 6.44311e+24 4.73
-0.00757102 0.00266401 6.45987e+24 4.74
-0.00758131 0.00264065 6.47605e+24 4.75
-0.00759148 0.00261721 6.49173e+24 4.76
-0.00760154 0.00259369 6.50699e+24 4.77
-0.00761149 0.00257009 6.52194e+24 4.78
-0.00762132 0.00254641 6.53669e+24 4.79
-0.00763104 0.00252265 6.55137e+24 4.8
-0.00764065 0.00249882 6.56618e+24 4.81
-0.00765015 0.00247491 6.58134e+24 4.82
-0.00765952 0.00245092 6.59707e+24 4.83
-0.00766879 0.00242685 6.61363e+24 4.84
-0.00767793 0.0024027 6.63117e+24 4.85
-0.00768696 0.00237846 6.64968e+24 4.86
-0.00769586 0.00235414 6.66889e+24 4.87
-0.00770464 0.00232973 6.68837e+24 4.88
-0.00771328 0.00230524 6.70767e+24 4.89
-0.0077218 0.00228067 6.72654e+24 4.9
-0.00773018 0.002256 6.74501e+24 4.91
-0.00773842 0.00223126 6.76332e+24 4.92
-0.00774652 0.00220643 6.78179e+24 4.93
-0.0077545 0.00218152 6.80071e+24 4.94
-0.00776233 0.00215653 6.82035e+24 4.95
-0.00777003 0.00213146 6.8409e+24 4.96
-0.0077776 0.0021063 6.86249e+24 4.97
-0.00778504 0.00208106 6.8852e+24 4.98
-0.00779234 0.00205573 6.90906e+24 4.99
-0.00779952 0.00203031 6.93408e+24 5
-0.00780657 0.00200481 6.96023e+24 5.01
-0.0078135 0.00197923 6.98747e+24 5.02
-0.00782031 0.00195355 7.01572e+24 5.03
-0.00782699 0.00192778 7.04491e+24 5.04
-0.00783356 0.00190193 7.07496e+24 5.05
-0.00784002 0.00187599 7.10579e+24 5.06
-0.00784636 0.00184996 7.1373e+24 5.07
-0.00785259 0.00182384 7.16938e+24 5.08
-0.00785871 0.00179763 7.20182e+24 5.09
-0.00786472 0.00177133 7.23429e+24 5.1
-0.00787062 0.00174495 7.26631e+24 5.11
-0.00787641 0.00171849 7.2972e+24 5.12
-0.00788208 0.00169194 7.32632e+24 5.13
-0.00788765 0.00166532 7.3532e+24 5.14
-0.00789309 0.00163863 7.37773e+24 5.15
-0.00789843 0.00161188 7.40011e+24 5.16
-0.00790365 0.00158506 7.42067e+24 5.17
-0.00790876 0.00155819 7.43972e+24 5.18
-0.00791376 0.00153126 7.45754e+24 5.19
-0.00791865 0.00150428 7.47429e+24 5.2
-0.00792344 0.00147726 7.49007e+24 5.21
-0.00792811 0.00145018 7.50498e+24 5.22
-0.00793267 0.00142307 7.51908e+24 5.23
-0.00793713 0.0013959 7.53242e+24 5.24
-0.00794147 0.0013687 7.54507e+24 5.25
-0.00794569 0.00134146 7.55712e+24 5.26
-0.0079498 0.00131417 7.56864e+24 5.27
-0.0079538 0.00128685 7.57973e+24 5.28
-0.00795767 0.0012595 7.59049e+24 5.29
-0.00796142 0.0012321 7.60103e+24 5.3
-0.00796504 0.00120467 7.61143e+24 5.31
-0.00796854 0.00117721 7.62176e+24 5.32
-0.00797191 0.00114971 7.63201e+24 5.33
-0.00797514 0.00112217 7.64212e+24 5.34
-0.00797823 0.0010946 7.65187e+24 5.35
-0.00798117 0.001067 7.66095e+24 5.36
-0.00798397 0.00103937 7.66904e+24 5.37
-0.00798662 0.00101171 7.67599e+24 5.38
-0.00798912 0.00098403 7.68196e+24 5.39
-0.00799147 0.000956323 7.68744e+24 5.4
-0.00799366 0.000928593 7.69306e+24 5.41
-0.0079957 0.000900841 7.69941e+24 5.42
-0.00799759 0.000873064 7.70692e+24 5.43
-0.00799933 0.000845261 7.71586e+24 5.44
-0.00800091 0.000817429 7.72637e+24 5.45
-0.00800233 0.000789567 7.73855e+24 5.46
-0.0080036 0.000761673 7.75246e+24 5.47
-0.0080047 0.000733743 7.76816e+24 5.48
-0.00800565 0.000705776 7.78569e+24 5.49
-0.00800643 0.000677769 7.80512e+24 5.5
-0.00800705 0.000649719 7.8265e+24 5.51
-0.0080075 0.000621625 7.84987e+24 5.52
-0.00800779 0.000593483 7.87527e+24 5.53
-0.00800791 0.00056529 7.90271e+24 5.54
-0.00800787 0.000537045 7.93216e+24 5.55
-0.00800765 0.000508745 7.96355e+24 5.56
-0.00800727 0.000480388 7.99674e+24 5.57
-0.00800672 0.000451972 8.0315e+24 5.58
-0.008006 0.000423496 8.06751e+24 5.59
-0.00800512 0.00039496 8.10435e+24 5.6
-0.00800407 0.000366363 8.14158e+24 5.61
-0.00800286 0.000337708 8.17887e+24 5.62
-0.00800149 0.000308995 8.21611e+24 5.63
-0.00799996 0.000280223 8.25353e+24 5.64
-0.00799829 0.000251394 8.29151e+24 5.65
-0.00799648 0.000222506 8.3304e+24 5.66
-0.00799452 0.000193557 8.37031e+24 5.67
-0.00799243 0.000164547 8.41114e+24 5.68
-0.00799021 0.000135475 8.45261e+24 5.69
-0.00798786 0.000106341 8.49437e+24 5.7
-0.00798538 7.71454e-05 8.53607e+24 5.71
-0.00798277 4.78898e-05 8.57741e+24 5.72
-0.00798004 1.85758e-05 8.61812e+24 5.73
-0.00797718 -1.07949e-05 8.65797e+24 5.74
-0.00797421 -4.02199e-05 8.69677e+24 5.75
-0.00797111 -6.96966e-05 8.73438e+24 5.76
-0.00796789 -9.92223e-05 8.77067e+24 5.77
-0.00796456 -0.000128794 8.80553e+24 5.78
-0.0079611 -0.000158409 8.83885e+24 5.79
-0.00795753 -0.000188063 8.87053e+24 5.8
-0.00795383 -0.000217754 8.90046e+24 5.81
-0.00795002 -0.000247476 8.9285e+24 5.82
-0.00794608 -0.000277228 8.9545e+24 5.83
-0.00794203 -0.000307003 8.97831e+24 5.84
-0.00793786 -0.000336798 8.99981e+24 5.85
-0.00793357 -0.000366609 9.01899e+24 5.86
-0.00792916 -0.000396431 9.03608e+24 5.87
-0.00792463 -0.000426262 9.0516e+24 5.88
-0.00792 -0.000456101 9.06625e+24 5.89
-0.00791525 -0.000485946 9.08071e+24 5.9
-0.00791038 -0.000515798 9.0954e+24 5.91
-0.00790541 -0.000545656 9.11041e+24 5.92
-0.00790031 -0.00057552 9.12559e+24 5.93
-0.0078951 -0.000605389 9.14071e+24 5.94
-0.00788977 -0.000635262 9.15556e+24 5.95
-0.00788431 -0.000665137 9.17e+24 5.96
-0.00787873 -0.000695012 9.18396e+24 5.97
-0.00787301 -0.000724885 9.1974e+24 5.98
-0.00786717 -0.000754755 9.21035e+24 5.99
-0.0078612 -0.000784619 9.22285e+24 6
-0.00785509 -0.000814477 9.23496e+24 6.01
-0.00784884 -0.000844326 9.24675e+24 6.02
-0.00784245 -0.000874165 9.25828e+24 6.03
-0.00783592 -0.000903992 9.26961e+24 6.04
-0.00782925 -0.000933806 9.28081e+24 6.05
-0.00782243 -0.000963607 9.29191e+24 6.06
-0.00781547 -0.000993392 9.30296e+24 6.07
-0.00780836 -0.00102316 9.314e+24 6.08
-0.0078011 -0.00105291 9.32513e+24 6.09
-0.00779369 -0.00108265 9.33652e+24 6.1
-0.00778614 -0.00111237 9.34849e+24 6.11
-0.00777844 -0.00114207 9.36153e+24 6.12
-0.00777059 -0.00117176 9.37631e+24 6.13
-0.0077626 -0.00120144 9.39342e+24 6.14
-0.00775446 -0.00123111 9.4132e+24 6.15
-0.00774617 -0.00126078 9.43558e+24 6.16
-0.00773774 -0.00129045 9.46017e+24 6.17
-0.00772915 -0.00132012 9.48646e+24 6.18
-0.00772041 -0.0013498 9.51396e+24 6.19
-0.00771152 -0.00137947 9.54229e+24 6.2
-0.00770247 -0.00140915 9.57117e+24 6.21
-0.00769328 -0.00143883 9.60036e+24 6.22
-0.00768393 -0.00146851 9.62967e+24 6.23
-0.00767443 -0.0014982 9.65893e+24 6.24
-0.00766478 -0.00152789 9.68797e+24 6.25
-0.00765499 -0.00155757 9.71661e+24 6.26
-0.00764505 -0.00158726 9.74467e+24 6.27
-0.00763497 -0.00161695 9.772e+24 6.28
-0.00762475 -0.00164663 9.79844e+24 6.29
-0.00761439 -0.0016763 9.82384e+24 6.3
-0.00760389 -0.00170598 9.84811e+24 6.31
-0.00759326 -0.00173564 9.87118e+24 6.32
-0.0075825 -0.00176529 9.89303e+24 6.33
-0.00757162 -0.00179493 9.91377e+24 6.34
-0.0075606 -0.00182456 9.93361e+24 6.35
-0.00754947 -0.00185417 9.95291e+24 6.36
-0.00753821 -0.00188377 9.97215e+24 6.37
-0.00752682 -0.00191336 9.99181e+24 6.38
-0.00751532 -0.00194293 1.00121e+25 6.39
-0.00750369 -0.00197249 1.0033e+25 6.4
-0.00749193 -0.00200204 1.00541e+25 6.41
-0.00748004 -0.00203157 1.00747e+25 6.42
-0.00746803 -0.00206108 1.00944e+25 6.43
-0.00745588 -0.00209056 1.0113e+25 6.44
-0.00744359 -0.00212002 1.01304e+25 6.45
-0.00743117 -0.00214946 1.01467e+25 6.46
-0.00741862 -0.00217886 1.01621e+25 6.47
-0.00740593 -0.00220823 1.01766e+25 6.48
-0.00739311 -0.00223756 1.01906e+25 6.49
-0.00738015 -0.00226686 1.02041e+25 6.5
-0.00736705 -0.00229612 1.02172e+25 6.51
-0.00735382 -0.00232534 1.02302e+25 6.52
-0.00734046 -0.00235452 1.02431e+25 6.53
-0.00732696 -0.00238366 1.0256e+25 6.54
-0.00731332 -0.00241277 1.02691e+25 6.55
-0.00729955 -0.00244183 1.02824e+25 6.56
-0.00728564 -0.00247084 1.02963e+25 6.57
-0.00727159 -0.00249982 1.03108e+25 6.58
-0.00725741 -0.00252876 1.03264e+25 6.59
-0.00724309 -0.00255766 1.03432e+25 6.6
-0.00722864 -0.00258653 1.03617e+25 6.61
-0.00721404 -0.00261536 1.03822e+25 6.62
-0.00719931 -0.00264416 1.04048e+25 6.63
-0.00718443 -0.00267292 1.04295e+25 6.64
-0.0071694 -0.00270166 1.04557e+25 6.65
-0.00715422 -0.00273036 1.04827e+25 6.66
-0.00713889 -0.00275903 1.05099e+25 6.67
-0.00712341 -0.00278767 1.05372e+25 6.68
-0.00710778 -0.00281627 1.05644e+25 6.69
-0.00709199 -0.00284484 1.05918e+25 6.7
-0.00707606 -0.00287338 1.06195e+25 6.71
-0.00705997 -0.00290188 1.06478e+25 6.72
-0.00704374 -0.00293034 1.06767e+25 6.73
-0.00702737 -0.00295878 1.07064e+25 6.74
-0.00701085 -0.00298719 1.07369e+25 6.75
-0.00699419 -0.00301557 1.07682e+25 6.76
-0.00697739 -0.00304392 1.08002e+25 6.77
-0.00696045 -0.00307225 1.08328e+25 6.78
-0.00694338 -0.00310056 1.08659e+25 6.79
-0.00692618 -0.00312885 1.08994e+25 6.8
-0.00690885 -0.00315712 1.09332e+25 6.81
-0.00689139 -0.00318538 1.09671e+25 6.82
-0.00687381 -0.00321361 1.10011e+25 6.83
-0.00685611 -0.00324184 1.10351e+25 6.84
-0.00683829 -0.00327005 1.1069e+25 6.85
-0.00682035 -0.00329824 1.11027e+25 6.86
-0.00680231 -0.00332642 1.11359e+25 6.87
-0.00678414 -0.00335459 1.11681e+25 6.88
-0.00676587 -0.00338274 1.11987e+25 6.89
-0.00674749 -0.00341087 1.12267e+25 6.9
-0.00672899 -0.00343897 1.12514e+25 6.91
-0.0067104 -0.00346704 1.12724e+25 6.92
-0.0066917 -0.00349507 1.12898e+25 6.93
-0.0066729 -0.00352307 1.13039e+25 6.94
-0.00665401 -0.00355102 1.13151e+25 6.95
-0.00663504 -0.00357892 1.13238e+25 6.96
-0.00661597 -0.00360678 1.13303e+25 6.97
-0.00659681 -0.00363458 1.13349e+25 6.98
-0.00657758 -0.00366233 1.13377e+25 6.99
-0.00655825 -0.00369003 1.13389e+25 7
-0.00653885 -0.00371767 1.13388e+25 7.01
-0.00651936 -0.00374524 1.13375e+25 7.02
-0.00649978 -0.00377275 1.13351e+25 7.03
-0.00648012 -0.0038002 1.13318e+25 7.04
-0.00646038 -0.00382758 1.13279e+25 7.05
-0.00644055 -0.00385488 1.13235e+25 7.06
-0.00642063 -0.00388212 1.13189e+25 7.07
-0.00640062 -0.00390928 1.13142e+25 7.08
-0.00638053 -0.00393636 1.13096e+25 7.09
-0.00636033 -0.00396336 1.13052e+25 7.1
-0.00634004 -0.00399029 1.13011e+25 7.11
-0.00631965 -0.00401713 1.1297e+25 7.12
-0.00629915 -0.00404388 1.12926e+25 7.13
-0.00627855 -0.00407054 1.12874e+25 7.14
-0.00625784 -0.0040971 1.12811e+25 7.15
-0.00623702 -0.00412357 1.12736e+25 7.16
-0.00621609 -0.00414993 1.12654e+25 7.17
-0.00619506 -0.0041762 1.12569e+25 7.18
-0.00617392 -0.00420236 1.1249e+25 7.19
-0.00615267 -0.00422842 1.12423e+25 7.2
-0.00613131 -0.00425438 1.1237e+25 7.21
-0.00610984 -0.00428024 1.12335e+25 7.22
-0.00608825 -0.004306 1.12319e+25 7.23
-0.00606655 -0.00433167 1.12324e+25 7.24
-0.00604473 -0.00435724 1.12349e+25 7.25
-0.00602279 -0.00438272 1.12396e+25 7.26
-0.00600073 -0.0044081 1.12464e+25 7.27
-0.00597854 -0.0044334 1.12555e+25 7.28
-0.00595623 -0.0044586 1.12668e+25 7.29
-0.00593378 -0.00448372 1.12804e+25 7.3
-0.00591121 -0.00450875 1.12962e+25 7.31
-0.0058885 -0.00453369 1.13142e+25 7.32
-0.00586566 -0.00455856 1.13343e+25 7.33
-0.00584269 -0.00458334 1.13563e+25 7.34
-0.00581957 -0.00460805 1.13799e+25 7.35
-0.00579632 -0.00463268 1.14048e+25 7.36
-0.00577294 -0.00465722 1.14303e+25 7.37
-0.00574942 -0.0046817 1.14559e+25 7.38
-0.00572576 -0.00470609 1.1481e+25 7.39
-0.00570198 -0.00473041 1.15052e+25 7.4
-0.00567807 -0.00475466 1.15287e+25 7.41
-0.00565404 -0.00477883 1.15517e+25 7.42
-0.00562989 -0.00480294 1.15749e+25 7.43
-0.00560563 -0.00482698 1.15984e+25 7.44
-0.00558126 -0.00485096 1.16222e+25 7.45
-0.00555679 -0.00487488 1.16462e+25 7.46
-0.0055322 -0.00489875 1.167e+25 7.47
-0.00550752 -0.00492255 1.16935e+25 7.48
-0.00548273 -0.0049463 1.17162e+25 7.49
-0.00545784 -0.00496998 1.17379e+25 7.5
-0.00543285 -0.00499361 1.17584e+25 7.51
-0.00540777 -0.00501718 1.17777e+25 7.52
-0.0053826 -0.00504069 1.17955e+25 7.53
-0.00535733 -0.00506413 1.18117e+25 7.54
-0.00533197 -0.00508751 1.18265e+25 7.55
-0.00530653 -0.00511082 1.18396e+25 7.56
-0.005281 -0.00513406 1.18512e+25 7.57
-0.00525538 -0.00515722 1.1861e+25 7.58
-0.00522967 -0.00518031 1.18691e+25 7.59
-0.00520389 -0.00520332 1.18753e+25 7.6
-0.00517802 -0.00522624 1.18795e+25 7.61
-0.00515207 -0.00524908 1.18815e+25 7.62
-0.00512604 -0.00527183 1.18812e+25 7.63
-0.00509993 -0.00529448 1.18787e+25 7.64
-0.00507376 -0.00531704 1.18746e+25 7.65
-0.00504751 -0.00533951 1.18696e+25 7.66
-0.00502119 -0.00536189 1.18647e+25 7.67
-0.0049948 -0.00538418 1.18605e+25 7.68
-0.00496835 -0.00540637 1.18572e+25 7.69
-0.00494182 -0.00542847 1.18548e+25 7.7
-0.00491521 -0.00545048 1.18533e+25 7.71
-0.00488853 -0.00547239 1.18523e+25 7.72
-0.00486178 -0.00549421 1.18518e+25 7.73
-0.00483494 -0.00551593 1.18515e+25 7.74
-0.00480803 -0.00553756 1.18515e+25 7.75
-0.00478103 -0.00555908 1.18516e+25 7.76
-0.00475396 -0.0055805 1.18519e+25 7.77
-0.0047268 -0.00560182 1.18523e+25 7.78
-0.00469956 -0.00562304 1.18529e+25 7.79
-0.00467224 -0.00564415 1.18537e+25 7.8
-0.00464483 -0.00566516 1.18545e+25 7.81
-0.00461734 -0.00568605 1.18554e+25 7.82
-0.00458977 -0.00570684 1.18563e+25 7.83
-0.00456211 -0.00572753 1.18571e+25 7.84
-0.00453438 -0.0057481 1.18577e+25 7.85
-0.00450656 -0.00576856 1.1858e+25 7.86
-0.00447866 -0.00578891 1.18581e+25 7.87
-0.00445068 -0.00580916 1.1858e+25 7.88
-0.00442263 -0.0058293 1.18581e+25 7.89
-0.0043945 -0.00584934 1.18591e+25 7.9
-0.00436629 -0.00586927 1.18617e+25 7.91
-0.00433801 -0.00588911 1.18662e+25 7.92
-0.00430965 -0.00590886 1.18728e+25 7.93
-0.00428121 -0.00592851 1.1881e+25 7.94
-0.0042527 -0.00594807 1.18904e+25 7.95
-0.0042241 -0.00596754 1.19003e+25 7.96
-0.00419542 -0.00598692 1.19102e+25 7.97
-0.00416667 -0.0060062 1.19198e+25 7.98
-0.00413783 -0.0060254 1.19288e+25 7.99
-0.00410892 -0.0060445 1.19367e+25 8
-0.00407994 -0.00606351 1.19435e+25 8.01
-0.0040509 -0.00608243 1.19489e+25 8.02
-0.00402178 -0.00610125 1.19527e+25 8.03
-0.0039926 -0.00611999 1.19547e+25 8.04
-0.00396336 -0.00613862 1.19547e+25 8.05
-0.00393406 -0.00615716 1.19526e+25 8.06
-0.00390471 -0.00617561 1.19482e+25 8.07
-0.00387531 -0.00619396 1.19414e+25 8.08
-0.00384586 -0.00621221 1.19321e+25 8.09
-0.00381637 -0.00623035 1.19204e+25 8.1
-0.00378685 -0.0062484 1.19065e+25 8.11
-0.00375728 -0.00626634 1.18905e+25 8.12
-0.00372769 -0.00628418 1.18729e+25 8.13
-0.00369806 -0.00630191 1.18545e+25 8.14
-0.0036684 -0.00631954 1.18359e+25 8.15
-0.00363871 -0.00633706 1.18177e+25 8.16
-0.00360898 -0.00635447 1.18e+25 8.17
-0.00357922 -0.00637177 1.17827e+25 8.18
-0.00354942 -0.00638896 1.17652e+25 8.19
-0.00351959 -0.00640602 1.17473e+25 8.2
-0.00348971 -0.00642297 1.17286e+25 8.21
-0.0034598 -0.00643978 1.17092e+25 8.22
-0.00342984 -0.00645647 1.16891e+25 8.23
-0.00339985 -0.00647302 1.16686e+25 8.24
-0.00336982 -0.00648944 1.16478e+25 8.25
-0.00333974 -0.00650572 1.16269e+25 8.26
-0.00330963 -0.00652186 1.16062e+25 8.27
-0.00327947 -0.00653785 1.15858e+25 8.28
-0.00324928 -0.00655371 1.15659e+25 8.29
-0.00321904 -0.00656943 1.15466e+25 8.3
-0.00318876 -0.006585 1.15281e+25 8.31
-0.00315843 -0.00660042 1.15104e+25 8.32
-0.00312806 -0.00661571 1.14937e+25 8.33
-0.00309765 -0.00663085 1.14781e+25 8.34
-0.00306718 -0.00664585 1.14639e+25 8.35
-0.00303668 -0.00666072 1.14512e+25 8.36
-0.00300612 -0.00667544 1.14404e+25 8.37
-0.00297551 -0.00669003 1.14319e+25 8.38
-0.00294484 -0.00670448 1.1426e+25 8.39
-0.00291412 -0.00671881 1.14231e+25 8.4
-0.00288334 -0.006733 1.1423e+25 8.41
-0.0028525 -0.00674706 1.14252e+25 8.42
-0.00282159 -0.00676099 1.14289e+25 8.43
-0.00279061 -0.00677478 1.14336e+25 8.44
-0.00275956 -0.00678844 1.14387e+25 8.45
-0.00272845 -0.00680197 1.14439e+25 8.46
-0.00269728 -0.00681537 1.14493e+25 8.47
-0.00266603 -0.00682864 1.1455e+25 8.48
-0.00263473 -0.00684178 1.1461e+25 8.49
-0.00260336 -0.0068548 1.14674e+25 8.5
-0.00257193 -0.00686769 1.14741e+25 8.51
-0.00254044 -0.00688046 1.14812e+25 8.52
-0.00250889 -0.00689311 1.14886e+25 8.53
-0.00247729 -0.00690566 1.14962e+25 8.54
-0.00244562 -0.00691809 1.15038e+25 8.55
-0.00241391 -0.00693041 1.15114e+25 8.56
-0.00238214 -0.00694263 1.15188e+25 8.57
-0.00235032 -0.00695475 1.15259e+25 8.58
-0.00231846 -0.00696677 1.15326e+25 8.59
-0.00228655 -0.0069787 1.15388e+25 8.6
-0.00225459 -0.00699053 1.15444e+25 8.61
-0.0022226 -0.00700228 1.15496e+25 8.62
-0.00219057 -0.00701394 1.15542e+25 8.63
-0.00215849 -0.00702551 1.15582e+25 8.64
-0.00212639 -0.00703699 1.15611e+25 8.65
-0.00209425 -0.00704839 1.15624e+25 8.66
-0.00206208 -0.0070597 1.15611e+25 8.67
-0.00202988 -0.00707091 1.15566e+25 8.68
-0.00199767 -0.00708203 1.15483e+25 8.69
-0.00196544 -0.00709305 1.15361e+25 8.7
-0.0019332 -0.00710397 1.15204e+25 8.71
-0.00190095 -0.0071148 1.15016e+25 8.72
-0.00186871 -0.00712552 1.148e+25 8.73
-0.00183647 -0.00713614 1.1456e+25 8.74
-0.00180424 -0.00714666 1.143e+25 8.75
-0.00177201 -0.00715707 1.14022e+25 8.76
-0.0017398 -0.00716738 1.13729e+25 8.77
-0.0017076 -0.00717758 1.13424e+25 8.78
-0.00167542 -0.00718766 1.13108e+25 8.79
-0.00164325 -0.00719764 1.12785e+25 8.8
-0.0016111 -0.00720751 1.12456e+25 8.81
-0.00157896 -0.00721726 1.12123e+25 8.82
-0.00154685 -0.00722689 1.1179e+25 8.83
-0.00151474 -0.0072364 1.11457e+25 8.84
-0.00148266 -0.00724579 1.11129e+25 8.85
-0.00145059 -0.00725506 1.10806e+25 8.86
-0.00141853 -0.00726421 1.1049e+25 8.87
-0.00138649 -0.00727322 1.10182e+25 8.88
-0.00135445 -0.00728211 1.09881e+25 8.89
-0.00132243 -0.00729086 1.09582e+25 8.9
-0.00129041 -0.00729947 1.0928e+25 8.91
-0.00125841 -0.00730794 1.0897e+25 8.92
-0.00122642 -0.00731627 1.0865e+25 8.93
-0.00119444 -0.00732444 1.08321e+25 8.94
-0.00116248 -0.00733248 1.07988e+25 8.95
-0.00113053 -0.00734037 1.07656e+25 8.96
-0.0010986 -0.00734811 1.07331e+25 8.97
-0.00106669 -0.00735571 1.07016e+25 8.98
-0.00103479 -0.00736316 1.06712e+25 8.99
-0.0010029 -0.00737048 1.06423e+25 9
-0.000971021 -0.00737765 1.06148e+25 9.01
-0.000939154 -0.00738468 1.05887e+25 9.02
-0.000907294 -0.00739157 1.05641e+25 9.03
-0.00087544 -0.00739831 1.05409e+25 9.04
-0.000843592 -0.00740492 1.05193e+25 9.05
-0.000811747 -0.00741139 1.04991e+25 9.06
-0.000779903 -0.00741772 1.04803e+25 9.07
-0.000748059 -0.00742391 1.0463e+25 9.08
-0.000716214 -0.00742996 1.04471e+25 9.09
-0.000684367 -0.00743587 1.04325e+25 9.1
-0.000652515 -0.00744165 1.0419e+25 9.11
-0.000620659 -0.00744729 1.04065e+25 9.12
-0.000588798 -0.0074528 1.03946e+25 9.13
-0.000556931 -0.00745816 1.03828e+25 9.14
-0.000525062 -0.00746339 1.03706e+25 9.15
-0.000493191 -0.00746849 1.03572e+25 9.16
-0.000461322 -0.00747345 1.03425e+25 9.17
-0.000429459 -0.00747827 1.03262e+25 9.18
-0.000397604 -0.00748297 1.03089e+25 9.19
-0.000365758 -0.00748754 1.02909e+25 9.2
-0.000333925 -0.00749199 1.02727e+25 9.21
-0.000302104 -0.00749632 1.02544e+25 9.22
-0.000270296 -0.00750054 1.0236e+25 9.23
-0.000238503 -0.00750464 1.02174e+25 9.24
-0.000206725 -0.00750863 1.01984e+25 9.25
-0.000174965 -0.0075125 1.01788e+25 9.26
-0.000143223 -0.00751626 1.01585e+25 9.27
-0.000111501 -0.00751991 1.01374e+25 9.28
-7.98014e-05 -0.00752345 1.01155e+25 9.29
-4.81253e-05 -0.00752687 1.00927e+25 9.3
-1.64746e-05 -0.00753018 1.00691e+25 9.31
1.51493e-05 -0.00753337 1.00446e+25 9.32
4.67448e-05 -0.00753644 1.00194e+25 9.33
7.83104e-05 -0.00753939 9.99343e+24 9.34
0.000109845 -0.00754222 9.9668e+24 9.35
0.000141347 -0.00754492 9.93947e+24 9.36
0.000172814 -0.0075475 9.91139e+24 9.37
0.000204246 -0.00754994 9.88243e+24 9.38
0.000235639 -0.00755226 9.85243e+24 9.39
0.000266993 -0.00755444 9.82124e+24 9.4
0.000298303 -0.00755648 9.7889e+24 9.41
0.000329569 -0.0075584 9.75577e+24 9.42
0.000360788 -0.00756018 9.72248e+24 9.43
0.000391963 -0.00756183 9.68982e+24 9.44
0.000423093 -0.00756335 9.65843e+24 9.45
0.000454181 -0.00756474 9.62865e+24 9.46
0.000485229 -0.007566 9.60055e+24 9.47
0.000516239 -0.00756714 9.57404e+24 9.48
0.000547213 -0.00756814 9.54892e+24 9.49
0.000578152 -0.00756902 9.52502e+24 9.5
0.000609058 -0.00756976 9.5022e+24 9.51
0.00063993 -0.00757037 9.48031e+24 9.52
0.000670771 -0.00757085 9.45925e+24 9.53
0.00070158 -0.0075712 9.43894e+24 9.54
0.000732358 -0.00757141 9.41928e+24 9.55
0.000763106 -0.00757149 9.40021e+24 9.56
0.000793824 -0.00757144 9.38162e+24 9.57
0.000824511 -0.00757126 9.36341e+24 9.58
0.000855167 -0.00757094 9.34547e+24 9.59
0.000885793 -0.0075705 9.32764e+24 9.6
0.000916387 -0.00756992 9.30975e+24 9.61
0.000946949 -0.00756921 9.29159e+24 9.62
0.000977476 -0.00756837 9.27296e+24 9.63
0.00100797 -0.00756741 9.2537e+24 9.64
0.00103842 -0.00756632 9.23379e+24 9.65
0.00106884 -0.00756511 9.21342e+24 9.66
0.00109922 -0.00756379 9.19304e+24 9.67
0.00112956 -0.00756235 9.17322e+24 9.68
0.00115986 -0.00756081 9.15441e+24 9.69
0.00119013 -0.00755916 9.13677e+24 9.7
0.00122037 -0.0075574 9.12008e+24 9.71
0.00125057 -0.00755554 9.10393e+24 9.72
0.00128074 -0.00755358 9.08785e+24 9.73
0.00131087 -0.00755152 9.0714e+24 9.74
0.00134097 -0.00754936 9.05422e+24 9.75
0.00137103 -0.00754709 9.03602e+24 9.76
0.00140106 -0.00754473 9.01655e+24 9.77
0.00143103 -0.00754228 8.99562e+24 9.78
0.00146097 -0.00753972 8.97303e+24 9.79
0.00149085 -0.00753708 8.94863e+24 9.8
0.00152068 -0.00753434 8.92226e+24 9.81
0.00155045 -0.0075315 8.89379e+24 9.82
0.00158017 -0.00752858 8.8631e+24 9.83
0.00160981 -0.00752557 8.83009e+24 9.84
0.00163939 -0.00752246 8.79467e+24 9.85
0.0016689 -0.00751927 8.7568e+24 9.86
0.00169832 -0.00751599 8.71649e+24 9.87
0.00172767 -0.00751262 8.67384e+24 9.88
0.00175692 -0.00750916 8.62908e+24 9.89
0.00178609 -0.00750562 8.5826e+24 9.9
0.00181516 -0.00750199 8.53501e+24 9.91
0.00184414 -0.00749827 8.48702e+24 9.92
0.00187303 -0.00749447 8.43926e+24 9.93
0.00190182 -0.00749058 8.39208e+24 9.94
0.00193051 -0.00748659 8.34548e+24 9.95
0.00195911 -0.0074825 8.29921e+24 9.96
0.00198762 -0.00747831 8.253e+24 9.97
0.00201602 -0.00747401 8.20667e+24 9.98
0.00204433 -0.00746961 0 9.99
