0 0 6.91778e+26 0
-1.39601e-06 0.000263792 6.91899e+26 0.01
-4.18626e-06 0.000527596 6.92017e+26 0.02
-8.36847e-06 0.000791403 6.92131e+26 0.03
-1.39396e-05 0.0010552 6.92238e+26 0.04
-2.0896e-05 0.00131899 6.92338e+26 0.05
-2.92333e-05 0.00158276 6.92432e+26 0.06
-3.89466e-05 0.00184649 6.92525e+26 0.07
-5.00316e-05 0.00211019 6.92619e+26 0.08
-6.24848e-05 0.00237385 6.92718e+26 0.09
-7.63038e-05 0.00263746 6.9282e+26 0.1
-9.14871e-05 0.00290102 6.92923e+26 0.11
-0.000108034 0.00316451 6.93023e+26 0.12
-0.000125943 0.00342793 6.93115e+26 0.13
-0.000145216 0.00369127 6.93198e+26 0.14
-0.00016585 0.00395452 6.93267e+26 0.15
-0.000187847 0.00421766 6.93323e+26 0.16
-0.000211205 0.0044807 6.93364e+26 0.17
-0.000235925 0.00474363 6.9339e+26 0.18
-0.000262008 0.00500642 6.93401e+26 0.19
-0.000289452 0.00526907 6.93397e+26 0.2
-0.000318258 0.00553157 6.9338e+26 0.21
-0.000348428 0.00579391 6.9335e+26 0.22
-0.00037996 0.00605609 6.93308e+26 0.23
-0.000412855 0.00631809 6.93255e+26 0.24
-0.000447114 0.0065799 6.93191e+26 0.25
-0.000482736 0.00684151 6.93118e+26 0.26
-0.000519721 0.00710292 6.93037e+26 0.27
-0.000558068 0.00736412 6.92949e+26 0.28
-0.000597776 0.00762509 6.92856e+26 0.29
-0.000638843 0.00788584 6.92762e+26 0.3
-0.000681267 0.00814635 6.92673e+26 0.31
-0.000725046 0.00840662 6.92592e+26 0.32
-0.00077018 0.00866665 6.92525e+26 0.33
-0.000816669 0.00892643 6.92472e+26 0.34
-0.000864513 0.00918595 6.92433e+26 0.35
-0.000913714 0.00944521 6.92404e+26 0.36
-0.000964272 0.00970421 6.9238e+26 0.37
-0.00101619 0.00996294 6.92359e+26 0.38
-0.00106946 0.0102214 6.92338e+26 0.39
-0.0011241 0.0104795 6.92317e+26 0.4
-0.00118008 0.0107374 6.92295e+26 0.41
-0.00123743 0.010995 6.92272e+26 0.42
-0.00129612 0.0112522 6.92248e+26 0.43
-0.00135617 0.0115092 6.92223e+26 0.44
-0.00141757 0.0117658 6.92196e+26 0.45
-0.00148032 0.012022 6.92168e+26 0.46
-0.00154441 0.012278 6.92139e+26 0.47
-0.00160984 0.0125336 6.92108e+26 0.48
-0.00167661 0.0127888 6.92075e+26 0.49
-0.00174471 0.0130437 6.9204e+26 0.5
-0.00181415 0.0132982 6.92003e+26 0.51
-0.00188491 0.0135524 6.91964e+26 0.52
-0.001957 0.0138061 6.91925e+26 0.53
-0.0020304 0.0140595 6.91886e+26 0.54
-0.00210512 0.0143125 6.91851e+26 0.55
-0.00218116 0.0145651 6.91822e+26 0.56
-0.0022585 0.0148172 6.91802e+26 0.57
-0.00233714 0.015069 6.9179e+26 0.58
-0.00241709 0.0153204 6.91785e+26 0.59
-0.00249835 0.0155713 6.91781e+26 0.6
-0.0025809 0.0158218 6.91772e+26 0.61
-0.00266475 0.0160719 6.91753e+26 0.62
-0.0027499 0.0163216 6.91721e+26 0.63
-0.00283634 0.0165708 6.91675e+26 0.64
-0.00292407 0.0168195 6.91613e+26 0.65
-0.00301309 0.0170677 6.91535e+26 0.66
-0.00310338 0.0173155 6.91442e+26 0.67
-0.00319495 0.0175628 6.91334e+26 0.68
-0.00328779 0.0178096 6.91209e+26 0.69
-0.0033819 0.0180558 6.91069e+26 0.7
-0.00347727 0.0183016 6.90913e+26 0.71
-0.0035739 0.0185468 6.90742e+26 0.72
-0.00367179 0.0187915 6.90556e+26 0.73
-0.00377092 0.0190356 6.90355e+26 0.74
-0.00387131 0.0192792 6.90141e+26 0.75
-0.00397294 0.0195222 6.89915e+26 0.76
-0.00407581 0.0197647 6.89681e+26 0.77
-0.00417992 0.0200066 6.89439e+26 0.78
-0.00428527 0.0202478 6.89195e+26 0.79
-0.00439186 0.0204885 6.88952e+26 0.8
-0.00449969 0.0207286 6.88713e+26 0.81
-0.00460875 0.0209681 6.88482e+26 0.82
-0.00471905 0.021207 6.88258e+26 0.83
-0.0048306 0.0214452 6.8804e+26 0.84
-0.00494338 0.0216828 6.87823e+26 0.85
-0.00505742 0.0219198 6.87605e+26 0.86
-0.00517269 0.0221561 6.87385e+26 0.87
-0.00528921 0.0223918 6.87163e+26 0.88
-0.00540696 0.0226267 6.86944e+26 0.89
-0.00552596 0.0228611 6.86729e+26 0.9
-0.00564619 0.0230947 6.86521e+26 0.91
-0.00576766 0.0233277 6.86322e+26 0.92
-0.00589035 0.02356 6.86135e+26 0.93
-0.00601428 0.0237916 6.85961e+26 0.94
-0.00613943 0.0240224 6.85799e+26 0.95
-0.00626581 0.0242526 6.85652e+26 0.96
-0.00639341 0.0244821 6.8552e+26 0.97
-0.00652222 0.0247109 6.85402e+26 0.98
-0.00665225 0.024939 6.853e+26 0.99
-0.00678349 0.0251663 6.85213e+26 1
-0.00691594 0.025393 6.85141e+26 1.01
-0.00704959 0.0256189 6.85087e+26 1.02
-0.00718445 0.0258441 6.85049e+26 1.03
-0.00732049 0.0260686 6.85028e+26 1.04
-0.00745774 0.0262923 6.85025e+26 1.05
-0.00759617 0.0265153 6.85039e+26 1.06
-0.00773579 0.0267376 6.85067e+26 1.07
-0.0078766 0.0269591 6.85104e+26 1.08
-0.00801858 0.0271799 6.85145e+26 1.09
-0.00816175 0.0274 6.85183e+26 1.1
-0.00830608 0.0276193 6.85214e+26 1.11
-0.00845158 0.0278378 6.85238e+26 1.12
-0.00859824 0.0280555 6.85256e+26 1.13
-0.00874604 0.0282725 6.85268e+26 1.14
-0.00889499 0.0284887 6.85277e+26 1.15
-0.00904507 0.0287041 6.85284e+26 1.16
-0.00919627 0.0289187 6.85289e+26 1.17
-0.0093486 0.0291325 6.85291e+26 1.18
-0.00950203 0.0293455 6.85289e+26 1.19
-0.00965657 0.0295578 6.85283e+26 1.2
-0.00981221 0.0297692 6.85272e+26 1.21
-0.00996893 0.0299798 6.85253e+26 1.22
-0.0101267 0.0301896 6.85227e+26 1.23
-0.0102856 0.0303986 6.85192e+26 1.24
-0.0104456 0.0306067 6.85147e+26 1.25
-0.0106066 0.030814 6.85092e+26 1.26
-0.0107686 0.0310205 6.85025e+26 1.27
-0.0109318 0.0312261 6.84946e+26 1.28
-0.0110959 0.0314309 6.84854e+26 1.29
-0.0112611 0.0316348 6.84749e+26 1.3
-0.0114273 0.0318379 6.84627e+26 1.31
-0.0115946 0.03204 6.84486e+26 1.32
-0.0117628 0.0322413 6.84322e+26 1.33
-0.0119321 0.0324417 6.84131e+26 1.34
-0.0121024 0.0326412 6.8391e+26 1.35
-0.0122737 0.0328397 6.83661e+26 1.36
-0.012446 0.0330373 6.83387e+26 1.37
-0.0126192 0.033234 6.83095e+26 1.38
-0.0127935 0.0334297 6.8279e+26 1.39
-0.0129687 0.0336245 6.82477e+26 1.4
-0.0131449 0.0338183 6.8216e+26 1.41
-0.013322 0.0340112 6.8184e+26 1.42
-0.0135002 0.0342031 6.81522e+26 1.43
-0.0136792 0.034394 6.81206e+26 1.44
-0.0138593 0.0345839 6.80894e+26 1.45
-0.0140403 0.0347728 6.80588e+26 1.46
-0.0142222 0.0349607 6.80289e+26 1.47
-0.0144051 0.0351477 6.79999e+26 1.48
-0.014589 0.0353336 6.79718e+26 1.49
-0.0147737 0.0355185 6.79449e+26 1.5
-0.0149595 0.0357024 6.7919e+26 1.51
-0.0151462 0.0358852 6.78943e+26 1.52
-0.0153338 0.0360671 6.78708e+26 1.53
-0.0155223 0.0362479 6.78483e+26 1.54
-0.0157118 0.0364276 6.78269e+26 1.55
-0.0159022 0.0366063 6.78061e+26 1.56
-0.0160936 0.036784 6.77858e+26 1.57
-0.0162858 0.0369606 6.77654e+26 1.58
-0.016479 0.0371361 6.77449e+26 1.59
-0.0166731 0.0373106 6.77241e+26 1.6
-0.0168681 0.037484 6.77033e+26 1.61
-0.017064 0.0376564 6.7683e+26 1.62
-0.0172607 0.0378277 6.76635e+26 1.63
-0.0174584 0.0379978 6.76453e+26 1.64
-0.0176569 0.038167 6.76283e+26 1.65
-0.0178563 0.038335 6.76126e+26 1.66
-0.0180566 0.038502 6.75981e+26 1.67
-0.0182578 0.0386678 6.75846e+26 1.68
-0.0184598 0.0388326 6.7572e+26 1.69
-0.0186626 0.0389963 6.75601e+26 1.7
-0.0188663 0.0391589 6.75489e+26 1.71
-0.0190709 0.0393205 6.75382e+26 1.72
-0.0192763 0.0394809 6.75279e+26 1.73
-0.0194825 0.0396402 6.75178e+26 1.74
-0.0196895 0.0397984 6.75079e+26 1.75
-0.0198974 0.0399555 6.7498e+26 1.76
-0.0201061 0.0401115 6.74881e+26 1.77
-0.0203155 0.0402664 6.74778e+26 1.78
-0.0205258 0.0404201 6.7467e+26 1.79
-0.0207369 0.0405727 6.74555e+26 1.8
-0.0209487 0.0407242 6.7443e+26 1.81
-0.0211614 0.0408746 6.74291e+26 1.82
-0.0213748 0.0410238 6.74136e+26 1.83
-0.0215889 0.0411718 6.73966e+26 1.84
-0.0218038 0.0413188 6.73781e+26 1.85
-0.0220195 0.0414645 6.73586e+26 1.86
-0.0222358 0.0416091 6.73387e+26 1.87
-0.0224529 0.0417526 6.73186e+26 1.88
-0.0226707 0.0418949 6.72986e+26 1.89
-0.0228892 0.042036 6.72786e+26 1.9
-0.0231084 0.042176 6.72585e+26 1.91
-0.0233284 0.0423148 6.72381e+26 1.92
-0.023549 0.0424524 6.72174e+26 1.93
-0.0237703 0.0425888 6.71963e+26 1.94
-0.0239922 0.0427241 6.71748e+26 1.95
-0.0242149 0.0428581 6.7153e+26 1.96
-0.0244382 0.0429909 6.71309e+26 1.97
-0.0246622 0.0431226 6.71087e+26 1.98
-0.0248868 0.043253 6.70864e+26 1.99
-0.0251121 0.0433822 6.70641e+26 2
-0.0253381 0.0435102 6.70421e+26 2.01
-0.0255646 0.0436369 6.70203e+26 2.02
-0.0257919 0.0437624 6.69989e+26 2.03
-0.0260197 0.0438867 6.69777e+26 2.04
-0.0262482 0.0440097 6.6957e+26 2.05
-0.0264773 0.0441315 6.69365e+26 2.06
-0.026707 0.0442521 6.69164e+26 2.07
-0.0269374 0.0443713 6.68967e+26 2.08
-0.0271683 0.0444894 6.68776e+26 2.09
-0.0273998 0.0446061 6.68596e+26 2.1
-0.027632 0.0447217 6.68432e+26 2.11
-0.0278647 0.0448359 6.68287e+26 2.12
-0.028098 0.044949 6.68163e+26 2.13
-0.0283318 0.0450607 6.68059e+26 2.14
-0.0285663 0.0451713 6.6797e+26 2.15
-0.0288013 0.0452805 6.67892e+26 2.16
-0.0290369 0.0453885 6.67823e+26 2.17
-0.029273 0.0454953 6.67759e+26 2.18
-0.0295097 0.0456008 6.67698e+26 2.19
-0.029747 0.045705 6.67638e+26 2.2
-0.0299848 0.045808 6.67578e+26 2.21
-0.0302231 0.0459097 6.67515e+26 2.22
-0.0304619 0.0460101 6.67449e+26 2.23
-0.0307013 0.0461093 6.67378e+26 2.24
-0.0309411 0.0462072 6.67301e+26 2.25
-0.0311815 0.0463038 6.67218e+26 2.26
-0.0314223 0.0463992 6.67126e+26 2.27
-0.0316636 0.0464932 6.67024e+26 2.28
-0.0319054 0.046586 6.66911e+26 2.29
-0.0321477 0.0466776 6.66787e+26 2.3
-0.0323904 0.0467678 6.6665e+26 2.31
-0.0326335 0.0468568 6.66501e+26 2.32
-0.0328771 0.0469445 6.66342e+26 2.33
-0.0331211 0.0470309 6.66175e+26 2.34
-0.0333655 0.047116 6.66005e+26 2.35
-0.0336103 0.0471998 6.65834e+26 2.36
-0.0338555 0.0472824 6.65665e+26 2.37
-0.0341012 0.0473637 6.65495e+26 2.38
-0.0343472 0.0474437 6.65322e+26 2.39
-0.0345935 0.0475224 6.65141e+26 2.4
-0.0348403 0.0475999 6.64947e+26 2.41
-0.0350874 0.047676 6.6474e+26 2.42
-0.0353348 0.0477508 6.64516e+26 2.43
-0.0355826 0.0478243 6.64277e+26 2.44
-0.0358308 0.0478965 6.64021e+26 2.45
-0.0360792 0.0479674 6.63749e+26 2.46
-0.036328 0.048037 6.63462e+26 2.47
-0.0365771 0.0481052 6.63161e+26 2.48
-0.0368265 0.0481722 6.62846e+26 2.49
-0.0370761 0.0482378 6.62519e+26 2.5
-0.0373261 0.048302 6.6218e+26 2.51
-0.0375763 0.0483649 6.61831e+26 2.52
-0.0378267 0.0484265 6.61474e+26 2.53
-0.0380775 0.0484868 6.6111e+26 2.54
-0.0383284 0.0485457 6.60743e+26 2.55
-0.0385796 0.0486032 6.60375e+26 2.56
-0.0388311 0.0486594 6.60009e+26 2.57
-0.0390828 0.0487142 6.59652e+26 2.58
-0.0393347 0.0487677 6.59307e+26 2.59
-0.0395868 0.0488198 6.58982e+26 2.6
-0.0398391 0.0488705 6.58678e+26 2.61
-0.0400917 0.0489199 6.58396e+26 2.62
-0.0403444 0.0489679 6.58136e+26 2.63
-0.0405974 0.0490145 6.57892e+26 2.64
-0.0408506 0.0490597 6.57662e+26 2.65
-0.041104 0.0491036 6.57443e+26 2.66
-0.0413575 0.049146 6.57236e+26 2.67
-0.0416113 0.0491871 6.5704e+26 2.68
-0.0418652 0.0492268 6.56856e+26 2.69
-0.0421194 0.0492651 6.56685e+26 2.7
-0.0423737 0.049302 6.56527e+26 2.71
-0.0426281 0.0493375 6.56382e+26 2.72
-0.0428828 0.0493716 6.5625e+26 2.73
-0.0431376 0.0494043 6.5613e+26 2.74
-0.0433925 0.0494356 6.56023e+26 2.75
-0.0436476 0.0494656 6.55927e+26 2.76
-0.0439028 0.0494942 6.55842e+26 2.77
-0.0441582 0.0495214 6.55767e+26 2.78
-0.0444137 0.0495472 6.55702e+26 2.79
-0.0446693 0.0495716 6.55647e+26 2.8
-0.0449251 0.0495947 6.55602e+26 2.81
-0.0451809 0.0496164 6.55567e+26 2.82
-0.0454369 0.0496367 6.55545e+26 2.83
-0.045693 0.0496557 6.55536e+26 2.84
-0.0459491 0.0496733 6.55539e+26 2.85
-0.0462054 0.0496895 6.55554e+26 2.86
-0.0464618 0.0497044 6.55575e+26 2.87
-0.0467182 0.0497179 6.55597e+26 2.88
-0.0469747 0.0497301 6.55612e+26 2.89
-0.0472312 0.0497409 6.55618e+26 2.9
-0.0474878 0.0497503 6.55613e+26 2.91
-0.0477445 0.0497584 6.55595e+26 2.92
-0.0480012 0.0497651 6.55567e+26 2.93
-0.0482579 0.0497705 6.55529e+26 2.94
-0.0485146 0.0497745 6.55482e+26 2.95
-0.0487714 0.0497771 6.55425e+26 2.96
-0.0490281 0.0497784 6.5536e+26 2.97
-0.0492848 0.0497784 6.55287e+26 2.98
-0.0495415 0.049777 6.55204e+26 2.99
-0.0497982 0.0497743 6.55113e+26 3
-0.0500548 0.0497702 6.55013e+26 3.01
-0.0503114 0.0497648 6.54905e+26 3.02
-0.050568 0.0497581 6.54787e+26 3.03
-0.0508244 0.04975 6.54662e+26 3.04
-0.0510808 0.0497406 6.54529e+26 3.05
-0.0513372 0.0497299 6.54391e+26 3.06
-0.0515934 0.0497178 6.54247e+26 3.07
-0.0518495 0.0497044 6.541e+26 3.08
-0.0521056 0.0496897 6.5395e+26 3.09
-0.0523615 0.0496736 6.53797e+26 3.1
-0.0526173 0.0496562 6.53638e+26 3.11
-0.052873 0.0496374 6.5347e+26 3.12
-0.0531285 0.0496173 6.5329e+26 3.13
-0.0533839 0.0495959 6.53094e+26 3.14
-0.0536391 0.0495731 6.52883e+26 3.15
-0.0538942 0.049549 6.52661e+26 3.16
-0.0541491 0.0495235 6.52432e+26 3.17
-0.0544038 0.0494966 6.52201e+26 3.18
-0.0546583 0.0494684 6.51971e+26 3.19
-0.0549126 0.0494389 6.51745e+26 3.2
-0.0551668 0.049408 6.51527e+26 3.21
-0.0554207 0.0493758 6.51318e+26 3.22
-0.0556744 0.0493422 6.5112e+26 3.23
-0.0559278 0.0493073 6.50933e+26 3.24
-0.0561811 0.049271 6.50758e+26 3.25
-0.0564341 0.0492334 6.50597e+26 3.26
-0.0566869 0.0491945 6.50449e+26 3.27
-0.0569394 0.0491542 6.50315e+26 3.28
-0.0571917 0.0491125 6.50194e+26 3.29
-0.0574438 0.0490695 6.50087e+26 3.3
-0.0576956 0.0490252 6.49994e+26 3.31
-0.0579472 0.0489795 6.49913e+26 3.32
-0.0581985 0.0489325 6.49843e+26 3.33
-0.0584495 0.0488842 6.49784e+26 3.34
-0.0587002 0.0488345 6.4973e+26 3.35
-0.0589507 0.0487835 6.49677e+26 3.36
-0.0592009 0.0487312 6.49621e+26 3.37
-0.0594508 0.0486775 6.49557e+26 3.38
-0.0597004 0.0486225 6.49482e+26 3.39
-0.0599497 0.0485661 6.49399e+26 3.4
-0.0601986 0.0485085 6.49311e+26 3.41
-0.0604473 0.0484495 6.49221e+26 3.42
-0.0606956 0.0483892 6.49131e+26 3.43
-0.0609435 0.0483276 6.49043e+26 3.44
-0.0611911 0.0482647 6.48957e+26 3.45
-0.0614384 0.0482005 6.48874e+26 3.46
-0.0616853 0.048135 6.48792e+26 3.47
-0.0619319 0.0480682 6.48713e+26 3.48
-0.062178 0.0480001 6.48634e+26 3.49
-0.0624238 0.0479308 6.48556e+26 3.5
-0.0626692 0.0478601 6.48478e+26 3.51
-0.0629143 0.0477881 6.484e+26 3.52
-0.0631589 0.0477149 6.48321e+26 3.53
-0.0634031 0.0476404 6.48242e+26 3.54
-0.0636469 0.0475646 6.48161e+26 3.55
-0.0638903 0.0474875 6.4808e+26 3.56
-0.0641333 0.0474092 6.47996e+26 3.57
-0.0643758 0.0473295 6.47908e+26 3.58
-0.0646179 0.0472486 6.47814e+26 3.59
-0.0648596 0.0471665 6.47712e+26 3.6
-0.0651007 0.047083 6.47599e+26 3.61
-0.0653415 0.0469983 6.47471e+26 3.62
-0.0655817 0.0469123 6.47328e+26 3.63
-0.0658214 0.0468251 6.47172e+26 3.64
-0.0660607 0.0467365 6.47009e+26 3.65
-0.0662994 0.0466468 6.46843e+26 3.66
-0.0665377 0.0465558 6.4668e+26 3.67
-0.0667754 0.0464635 6.46523e+26 3.68
-0.0670126 0.04637 6.46372e+26 3.69
-0.0672493 0.0462752 6.46229e+26 3.7
-0.0674854 0.0461792 6.46094e+26 3.71
-0.067721 0.046082 6.45968e+26 3.72
-0.0679561 0.0459835 6.45852e+26 3.73
-0.0681906 0.0458837 6.45745e+26 3.74
-0.0684246 0.0457827 6.4565e+26 3.75
-0.068658 0.0456805 6.45566e+26 3.76
-0.0688908 0.045577 6.45496e+26 3.77
-0.069123 0.0454723 6.45439e+26 3.78
-0.0693547 0.0453663 6.45397e+26 3.79
-0.0695858 0.0452591 6.4537e+26 3.8
-0.0698164 0.0451506 6.45358e+26 3.81
-0.0700463 0.0450409 6.45361e+26 3.82
-0.0702757 0.0449299 6.45376e+26 3.83
-0.0705044 0.0448177 6.45402e+26 3.84
-0.0707325 0.0447043 6.45437e+26 3.85
-0.0709601 0.0445897 6.45477e+26 3.86
-0.071187 0.0444738 6.45522e+26 3.87
-0.0714133 0.0443567 6.45572e+26 3.88
-0.071639 0.0442383 6.45631e+26 3.89
-0.0718641 0.0441188 6.45701e+26 3.9
-0.0720885 0.0439981 6.45786e+26 3.91
-0.0723123 0.0438761 6.45887e+26 3.92
-0.0725355 0.043753 6.46003e+26 3.93
-0.0727581 0.0436287 6.4613e+26 3.94
-0.07298 0.0435032 6.46265e+26 3.95
-0.0732013 0.0433766 6.46405e+26 3.96
-0.0734219 0.0432487 6.46547e+26 3.97
-0.0736419 0.0431197 6.46688e+26 3.98
-0.0738613 0.0429896 6.46827e+26 3.99
-0.07408 0.0428582 6.46961e+26 4
-0.074298 0.0427258 6.47089e+26 4.01
-0.0745153 0.0425921 6.47209e+26 4.02
-0.074732 0.0424574 6.4732e+26 4.03
-0.074948 0.0423215 6.4742e+26 4.04
-0.0751633 0.0421845 6.47508e+26 4.05
-0.0753779 0.0420463 6.47582e+26 4.06
-0.0755917 0.0419071 6.47642e+26 4.07
-0.0758049 0.0417667 6.47685e+26 4.08
-0.0760173 0.0416252 6.47709e+26 4.09
-0.076229 0.0414827 6.47715e+26 4.1
-0.07644 0.041339 6.477e+26 4.11
-0.0766502 0.0411943 6.47668e+26 4.12
-0.0768597 0.0410485 6.47622e+26 4.13
-0.0770684 0.0409016 6.47567e+26 4.14
-0.0772763 0.0407537 6.47507e+26 4.15
-0.0774835 0.0406047 6.47446e+26 4.16
-0.0776899 0.0404546 6.47383e+26 4.17
-0.0778955 0.0403035 6.47318e+26 4.18
-0.0781003 0.0401514 6.47247e+26 4.19
-0.0783043 0.0399982 6.47168e+26 4.2
-0.0785075 0.039844 6.47081e+26 4.21
-0.0787099 0.0396887 6.46984e+26 4.22
-0.0789115 0.0395324 6.46877e+26 4.23
-0.0791122 0.039375 6.46761e+26 4.24
-0.0793121 0.0392167 6.46637e+26 4.25
-0.0795111 0.0390573 6.46505e+26 4.26
-0.0797093 0.0388969 6.46367e+26 4.27
-0.0799066 0.0387354 6.46224e+26 4.28
-0.0801031 0.0385729 6.46077e+26 4.29
-0.0802986 0.0384095 6.45927e+26 4.3
-0.0804933 0.038245 6.45777e+26 4.31
-0.080687 0.0380795 6.45627e+26 4.32
-0.0808799 0.037913 6.45479e+26 4.33
-0.0810718 0.0377455 6.45336e+26 4.34
-0.0812629 0.0375769 6.45198e+26 4.35
-0.081453 0.0374074 6.4507e+26 4.36
-0.0816422 0.0372369 6.44957e+26 4.37
-0.0818304 0.0370654 6.44864e+26 4.38
-0.0820178 0.0368929 6.44796e+26 4.39
-0.0822042 0.0367194 6.44757e+26 4.4
-0.0823897 0.0365449 6.44749e+26 4.41
-0.0825742 0.0363694 6.44768e+26 4.42
-0.0827578 0.036193 6.44811e+26 4.43
-0.0829405 0.0360155 6.44873e+26 4.44
-0.0831222 0.0358371 6.44952e+26 4.45
-0.083303 0.0356576 6.45045e+26 4.46
-0.0834828 0.0354772 6.45151e+26 4.47
-0.0836616 0.0352958 6.45267e+26 4.48
-0.0838396 0.0351135 6.45393e+26 4.49
-0.0840165 0.0349301 6.45528e+26 4.5
-0.0841925 0.0347458 6.4567e+26 4.51
-0.0843675 0.0345606 6.45818e+26 4.52
-0.0845416 0.0343744 6.4597e+26 4.53
-0.0847147 0.0341872 6.46125e+26 4.54
-0.0848868 0.0339992 6.46281e+26 4.55
-0.085058 0.0338102 6.46438e+26 4.56
-0.0852282 0.0336202 6.46594e+26 4.57
-0.0853974 0.0334294 6.46749e+26 4.58
-0.0855656 0.0332376 6.46903e+26 4.59
-0.0857328 0.033045 6.47056e+26 4.6
-0.0858991 0.0328515 6.47209e+26 4.61
-0.0860643 0.032657 6.47366e+26 4.62
-0.0862286 0.0324617 6.47528e+26 4.63
-0.0863919 0.0322656 6.47698e+26 4.64
-0.0865541 0.0320685 6.47875e+26 4.65
-0.0867154 0.0318706 6.48055e+26 4.66
-0.0868757 0.0316719 6.48234e+26 4.67
-0.087035 0.0314723 6.48406e+26 4.68
-0.0871932 0.0312718 6.48568e+26 4.69
-0.0873505 0.0310705 6.48718e+26 4.7
-0.0875067 0.0308683 6.48856e+26 4.71
-0.0876618 0.0306654 6.48982e+26 4.72
-0.087816 0.0304616 6.49097e+26 4.73
-0.087969 0.030257 6.49202e+26 4.74
-0.0881211 0.0300516 6.49297e+26 4.75
-0.0882721 0.0298454 6.49383e+26 4.76
-0.088422 0.0296384 6.49462e+26 4.77
-0.0885708 0.0294307 6.49533e+26 4.78
-0.0887186 0.0292221 6.49598e+26 4.79
-0.0888654 0.0290128 6.49656e+26 4.8
-0.089011 0.0288027 6.4971e+26 4.81
-0.0891556 0.0285919 6.4976e+26 4.82
-0.0892991 0.0283803 6.49808e+26 4.83
-0.0894415 0.028168 6.49855e+26 4.84
-0.0895828 0.0279549 6.49904e+26 4.85
-0.089723 0.0277411 6.49959e+26 4.86
-0.0898621 0.0275266 6.50021e+26 4.87
-0.0900001 0.0273113 6.50093e+26 4.88
-0.090137 0.0270953 6.50177e+26 4.89
-0.0902728 0.0268786 6.5027e+26 4.9
-0.0904074 0.0266612 6.50368e+26 4.91
-0.090541 0.026443 6.50468e+26 4.92
-0.0906734 0.0262242 6.50567e+26 4.93
-0.0908046 0.0260046 6.50664e+26 4.94
-0.0909348 0.0257843 6.5076e+26 4.95
-0.0910638 0.0255634 6.50858e+26 4.96
-0.0911916 0.0253417 6.5096e+26 4.97
-0.0913183 0.0251194 6.51068e+26 4.98
-0.0914438 0.0248964 6.51185e+26 4.99
-0.0915682 0.0246727 6.5131e+26 5
-0.0916914 0.0244483 6.51445e+26 5.01
-0.0918135 0.0242233 6.51589e+26 5.02
-0.0919344 0.0239976 6.51744e+26 5.03
-0.0920542 0.0237713 6.51907e+26 5.04
-0.0921727 0.0235443 6.52078e+26 5.05
-0.0922902 0.0233167 6.52257e+26 5.06
-0.0924065 0.0230885 6.52442e+26 5.07
-0.0925216 0.0228596 6.52634e+26 5.08
-0.0926356 0.0226301 6.52831e+26 5.09
-0.0927484 0.0224 6.53033e+26 5.1
-0.09286 0.0221692 6.5324e+26 5.11
-0.0929705 0.0219379 6.53451e+26 5.12
-0.0930798 0.021706 6.53663e+26 5.13
-0.093188 0.0214734 6.53874e+26 5.14
-0.0932949 0.0212403 6.54077e+26 5.15
-0.0934007 0.0210066 6.54268e+26 5.16
-0.0935053 0.0207724 6.5444e+26 5.17
-0.0936088 0.0205376 6.54592e+26 5.18
-0.093711 0.0203022 6.54725e+26 5.19
-0.0938121 0.0200663 6.54841e+26 5.2
-0.0939119 0.0198299 6.54942e+26 5.21
-0.0940106 0.0195929 6.55032e+26 5.22
-0.0941081 0.0193555 6.55112e+26 5.23
-0.0942043 0.0191175 6.55185e+26 5.24
-0.0942994 0.018879 6.55251e+26 5.25
-0.0943932 0.0186401 6.55311e+26 5.26
-0.0944858 0.0184006 6.55366e+26 5.27
-0.0945773 0.0181607 6.55417e+26 5.28
-0.0946675 0.0179203 6.55465e+26 5.29
-0.0947564 0.0176795 6.55511e+26 5.3
-0.0948442 0.0174381 6.55555e+26 5.31
-0.0949307 0.0171964 6.556e+26 5.32
-0.095016 0.0169542 6.55646e+26 5.33
-0.0951001 0.0167115 6.55694e+26 5.34
-0.0951829 0.0164684 6.55746e+26 5.35
-0.0952645 0.0162249 6.55801e+26 5.36
-0.0953448 0.0159809 6.5586e+26 5.37
-0.0954239 0.0157366 6.55922e+26 5.38
-0.0955017 0.0154918 6.55983e+26 5.39
-0.0955782 0.0152466 6.56041e+26 5.4
-0.0956535 0.015001 6.56092e+26 5.41
-0.0957275 0.014755 6.56135e+26 5.42
-0.0958002 0.0145086 6.56172e+26 5.43
-0.0958716 0.0142618 6.56209e+26 5.44
-0.0959418 0.0140147 6.5625e+26 5.45
-0.0960106 0.0137672 6.56299e+26 5.46
-0.0960782 0.0135193 6.5636e+26 5.47
-0.0961445 0.013271 6.56435e+26 5.48
-0.0962095 0.0130224 6.56525e+26 5.49
-0.0962732 0.0127735 6.56633e+26 5.5
-0.0963356 0.0125241 6.56757e+26 5.51
-0.0963968 0.0122745 6.569e+26 5.52
-0.0964566 0.0120245 6.57062e+26 5.53
-0.0965151 0.0117741 6.57242e+26 5.54
-0.0965723 0.0115234 6.57443e+26 5.55
-0.0966283 0.0112724 6.57663e+26 5.56
-0.0966829 0.011021 6.57904e+26 5.57
-0.0967362 0.0107693 6.58164e+26 5.58
-0.0967883 0.0105173 6.58443e+26 5.59
-0.096839 0.0102649 6.5874e+26 5.6
-0.0968884 0.0100123 6.59053e+26 5.61
-0.0969365 0.00975929 6.59378e+26 5.62
-0.0969834 0.00950599 6.59712e+26 5.63
-0.0970289 0.00925239 6.60049e+26 5.64
-0.0970731 0.00899849 6.60385e+26 5.65
-0.097116 0.00874431 6.60717e+26 5.66
-0.0971576 0.00848984 6.61043e+26 5.67
-0.097198 0.00823511 6.61364e+26 5.68
-0.097237 0.0079801 6.61685e+26 5.69
-0.0972747 0.00772485 6.62007e+26 5.7
-0.0973112 0.00746934 6.62332e+26 5.71
-0.0973464 0.00721359 6.62658e+26 5.72
-0.0973803 0.0069576 6.62983e+26 5.73
-0.097413 0.00670138 6.63307e+26 5.74
-0.0974443 0.00644495 6.63626e+26 5.75
-0.0974744 0.00618829 6.63939e+26 5.76
-0.0975033 0.00593143 6.64244e+26 5.77
-0.0975308 0.00567438 6.6454e+26 5.78
-0.0975571 0.00541713 6.64826e+26 5.79
-0.0975821 0.00515971 6.65101e+26 5.8
-0.0976058 0.00490211 6.65365e+26 5.81
-0.0976283 0.00464435 6.65617e+26 5.82
-0.0976494 0.00438643 6.65856e+26 5.83
-0.0976693 0.00412837 6.66081e+26 5.84
-0.097688 0.00387017 6.66293e+26 5.85
-0.0977053 0.00361185 6.66489e+26 5.86
-0.0977213 0.0033534 6.66668e+26 5.87
-0.0977361 0.00309485 6.66829e+26 5.88
-0.0977496 0.0028362 6.6697e+26 5.89
-0.0977617 0.00257747 6.6709e+26 5.9
-0.0977726 0.00231865 6.67191e+26 5.91
-0.0977822 0.00205977 6.67277e+26 5.92
-0.0977906 0.00180083 6.67355e+26 5.93
-0.0977976 0.00154184 6.67429e+26 5.94
-0.0978033 0.00128279 6.67505e+26 5.95
-0.0978078 0.00102371 6.67582e+26 5.96
-0.097811 0.000764599 6.67662e+26 5.97
-0.0978128 0.000505456 6.67743e+26 5.98
-0.0978134 0.00024629 6.67825e+26 5.99
-0.0978127 -1.28905e-05 6.67906e+26 6
-0.0978106 -0.00027208 6.67987e+26 6.01
-0.0978073 -0.000531272 6.68068e+26 6.02
-0.0978027 -0.000790459 6.68148e+26 6.03
-0.0977967 -0.00104963 6.68229e+26 6.04
-0.0977894 -0.00130879 6.68311e+26 6.05
-0.0977809 -0.00156793 6.68395e+26 6.06
-0.097771 -0.00182703 6.68482e+26 6.07
-0.0977597 -0.0020861 6.68572e+26 6.08
-0.0977472 -0.00234513 6.68666e+26 6.09
-0.0977333 -0.0026041 6.68763e+26 6.1
-0.0977181 -0.00286302 6.68865e+26 6.11
-0.0977016 -0.00312189 6.6897e+26 6.12
-0.0976837 -0.00338068 6.6908e+26 6.13
-0.0976645 -0.0036394 6.69194e+26 6.14
-0.097644 -0.00389804 6.69314e+26 6.15
-0.0976222 -0.0041566 6.69445e+26 6.16
-0.097599 -0.00441507 6.69591e+26 6.17
-0.0975745 -0.00467346 6.69758e+26 6.18
-0.0975487 -0.00493175 6.69948e+26 6.19
-0.0975216 -0.00518995 6.70162e+26 6.2
-0.0974932 -0.00544805 6.70398e+26 6.21
-0.0974634 -0.00570605 6.70651e+26 6.22
-0.0974323 -0.00596395 6.70917e+26 6.23
-0.0973999 -0.00622174 6.71193e+26 6.24
-0.0973662 -0.00647942 6.71475e+26 6.25
-0.0973312 -0.00673698 6.71761e+26 6.26
-0.0972949 -0.00699441 6.72049e+26 6.27
-0.0972572 -0.00725171 6.72337e+26 6.28
-0.0972183 -0.00750887 6.72622e+26 6.29
-0.097178 -0.00776589 6.72903e+26 6.3
-0.0971364 -0.00802275 6.73179e+26 6.31
-0.0970936 -0.00827945 6.73447e+26 6.32
-0.0970494 -0.00853599 6.73708e+26 6.33
-0.097004 -0.00879234 6.73959e+26 6.34
-0.0969572 -0.00904851 6.742e+26 6.35
-0.0969092 -0.00930449 6.7443e+26 6.36
-0.0968599 -0.00956026 6.74648e+26 6.37
-0.0968092 -0.00981582 6.74856e+26 6.38
-0.0967574 -0.0100712 6.75054e+26 6.39
-0.0967042 -0.0103263 6.75245e+26 6.4
-0.0966497 -0.0105812 6.75433e+26 6.41
-0.096594 -0.0108358 6.75624e+26 6.42
-0.096537 -0.0110902 6.7582e+26 6.43
-0.0964788 -0.0113444 6.76024e+26 6.44
-0.0964193 -0.0115983 6.76233e+26 6.45
-0.0963585 -0.011852 6.76443e+26 6.46
-0.0962964 -0.0121053 6.76651e+26 6.47
-0.0962331 -0.0123584 6.76855e+26 6.48
-0.0961684 -0.0126113 6.77053e+26 6.49
-0.0961026 -0.0128638 6.77244e+26 6.5
-0.0960354 -0.013116 6.7743e+26 6.51
-0.095967 -0.013368 6.7761e+26 6.52
-0.0958973 -0.0136196 6.77785e+26 6.53
-0.0958263 -0.0138709 6.77955e+26 6.54
-0.095754 -0.0141218 6.78123e+26 6.55
-0.0956805 -0.0143725 6.78287e+26 6.56
-0.0956057 -0.0146228 6.7845e+26 6.57
-0.0955297 -0.0148727 6.78611e+26 6.58
-0.0954524 -0.0151223 6.78771e+26 6.59
-0.0953738 -0.0153715 6.78932e+26 6.6
-0.095294 -0.0156204 6.79093e+26 6.61
-0.0952129 -0.0158688 6.79257e+26 6.62
-0.0951306 -0.0161169 6.79425e+26 6.63
-0.095047 -0.0163646 6.79601e+26 6.64
-0.0949621 -0.016612 6.79787e+26 6.65
-0.094876 -0.0168589 6.79987e+26 6.66
-0.0947887 -0.0171055 6.80206e+26 6.67
-0.0947001 -0.0173516 6.80443e+26 6.68
-0.0946102 -0.0175973 6.80697e+26 6.69
-0.0945191 -0.0178427 6.80964e+26 6.7
-0.0944268 -0.0180876 6.81239e+26 6.71
-0.0943332 -0.0183321 6.81518e+26 6.72
-0.0942384 -0.0185762 6.81799e+26 6.73
-0.0941423 -0.0188199 6.82081e+26 6.74
-0.094045 -0.0190631 6.82365e+26 6.75
-0.0939464 -0.0193059 6.82651e+26 6.76
-0.0938466 -0.0195482 6.82939e+26 6.77
-0.0937456 -0.0197901 6.83228e+26 6.78
-0.0936433 -0.0200315 6.83519e+26 6.79
-0.0935398 -0.0202725 6.83811e+26 6.8
-0.0934351 -0.020513 6.84102e+26 6.81
-0.0933292 -0.020753 6.84391e+26 6.82
-0.0932221 -0.0209926 6.84678e+26 6.83
-0.0931138 -0.0212317 6.84959e+26 6.84
-0.0930043 -0.0214703 6.85235e+26 6.85
-0.0928936 -0.0217084 6.85504e+26 6.86
-0.0927818 -0.021946 6.85765e+26 6.87
-0.0926687 -0.0221831 6.86019e+26 6.88
-0.0925545 -0.0224197 6.86266e+26 6.89
-0.0924391 -0.0226558 6.86506e+26 6.9
-0.0923226 -0.0228913 6.86741e+26 6.91
-0.0922049 -0.0231264 6.8697e+26 6.92
-0.0920861 -0.0233609 6.8719e+26 6.93
-0.0919661 -0.0235948 6.87396e+26 6.94
-0.0918449 -0.0238282 6.87583e+26 6.95
-0.0917226 -0.0240611 6.87746e+26 6.96
-0.0915992 -0.0242933 6.87884e+26 6.97
-0.0914746 -0.024525 6.87997e+26 6.98
-0.0913489 -0.0247561 6.88088e+26 6.99
-0.091222 -0.0249866 6.88159e+26 7
-0.0910941 -0.0252164 6.88212e+26 7.01
-0.0909649 -0.0254457 6.88252e+26 7.02
-0.0908347 -0.0256743 6.88279e+26 7.03
-0.0907034 -0.0259023 6.88296e+26 7.04
-0.0905709 -0.0261296 6.88304e+26 7.05
-0.0904373 -0.0263563 6.88307e+26 7.06
-0.0903027 -0.0265823 6.88305e+26 7.07
-0.0901669 -0.0268077 6.88299e+26 7.08
-0.09003 -0.0270323 6.88293e+26 7.09
-0.0898919 -0.0272564 6.88288e+26 7.1
-0.0897528 -0.0274797 6.88286e+26 7.11
-0.0896126 -0.0277023 6.88289e+26 7.12
-0.0894713 -0.0279242 6.88299e+26 7.13
-0.0893288 -0.0281455 6.88319e+26 7.14
-0.0891853 -0.028366 6.8835e+26 7.15
-0.0890407 -0.0285858 6.88394e+26 7.16
-0.0888949 -0.0288049 6.88449e+26 7.17
-0.0887481 -0.0290232 6.88512e+26 7.18
-0.0886001 -0.0292409 6.8858e+26 7.19
-0.088451 -0.0294578 6.88647e+26 7.2
-0.0883009 -0.0296739 6.88714e+26 7.21
-0.0881496 -0.0298893 6.88781e+26 7.22
-0.0879972 -0.0301039 6.88852e+26 7.23
-0.0878438 -0.0303178 6.8893e+26 7.24
-0.0876892 -0.0305309 6.89019e+26 7.25
-0.0875336 -0.0307432 6.89122e+26 7.26
-0.0873768 -0.0309548 6.8924e+26 7.27
-0.087219 -0.0311655 6.89374e+26 7.28
-0.0870601 -0.0313755 6.89527e+26 7.29
-0.0869001 -0.0315848 6.89697e+26 7.3
-0.0867391 -0.0317932 6.89885e+26 7.31
-0.086577 -0.0320009 6.90092e+26 7.32
-0.0864138 -0.0322077 6.90317e+26 7.33
-0.0862495 -0.0324138 6.9056e+26 7.34
-0.0860842 -0.0326191 6.9082e+26 7.35
-0.0859178 -0.0328236 6.91097e+26 7.36
-0.0857503 -0.0330273 6.91389e+26 7.37
-0.0855818 -0.0332302 6.91696e+26 7.38
-0.0854123 -0.0334323 6.92016e+26 7.39
-0.0852416 -0.0336337 6.92346e+26 7.4
-0.08507 -0.0338342 6.92682e+26 7.41
-0.0848973 -0.0340339 6.93019e+26 7.42
-0.0847236 -0.0342328 6.9335e+26 7.43
-0.0845489 -0.0344309 6.93669e+26 7.44
-0.0843731 -0.0346281 6.93971e+26 7.45
-0.0841964 -0.0348245 6.94254e+26 7.46
-0.0840186 -0.0350201 6.94521e+26 7.47
-0.0838399 -0.0352149 6.94772e+26 7.48
-0.0836602 -0.0354088 6.95012e+26 7.49
-0.0834795 -0.0356019 6.95241e+26 7.5
-0.0832979 -0.0357941 6.9546e+26 7.51
-0.0831153 -0.0359855 6.95668e+26 7.52
-0.0829317 -0.036176 6.95865e+26 7.53
-0.0827472 -0.0363656 6.96052e+26 7.54
-0.0825618 -0.0365544 6.96227e+26 7.55
-0.0823754 -0.0367423 6.9639e+26 7.56
-0.0821881 -0.0369294 6.96543e+26 7.57
-0.0819999 -0.0371155 6.96685e+26 7.58
-0.0818108 -0.0373007 6.96816e+26 7.59
-0.0816208 -0.0374851 6.96939e+26 7.6
-0.0814298 -0.0376685 6.97052e+26 7.61
-0.081238 -0.037851 6.97157e+26 7.62
-0.0810452 -0.0380326 6.97254e+26 7.63
-0.0808516 -0.0382133 6.97343e+26 7.64
-0.0806571 -0.038393 6.97423e+26 7.65
-0.0804617 -0.0385718 6.97493e+26 7.66
-0.0802654 -0.0387496 6.97549e+26 7.67
-0.0800682 -0.0389265 6.97591e+26 7.68
-0.0798702 -0.0391024 6.97616e+26 7.69
-0.0796712 -0.0392774 6.97626e+26 7.7
-0.0794715 -0.0394513 6.97626e+26 7.71
-0.0792709 -0.0396243 6.9762e+26 7.72
-0.0790694 -0.0397963 6.97616e+26 7.73
-0.0788671 -0.0399673 6.97616e+26 7.74
-0.078664 -0.0401373 6.97622e+26 7.75
-0.07846 -0.0403063 6.97636e+26 7.76
-0.0782552 -0.0404742 6.97658e+26 7.77
-0.0780496 -0.0406412 6.97686e+26 7.78
-0.0778431 -0.0408072 6.97721e+26 7.79
-0.0776358 -0.0409722 6.97762e+26 7.8
-0.0774277 -0.0411361 6.97809e+26 7.81
-0.0772188 -0.041299 6.97863e+26 7.82
-0.077009 -0.0414609 6.97922e+26 7.83
-0.0767985 -0.0416217 6.97988e+26 7.84
-0.0765871 -0.0417815 6.9806e+26 7.85
-0.076375 -0.0419403 6.98137e+26 7.86
-0.076162 -0.042098 6.9822e+26 7.87
-0.0759483 -0.0422547 6.98308e+26 7.88
-0.0757337 -0.0424103 6.98399e+26 7.89
-0.0755184 -0.0425648 6.98491e+26 7.9
-0.0753023 -0.0427183 6.98583e+26 7.91
-0.0750854 -0.0428707 6.98671e+26 7.92
-0.0748677 -0.043022 6.98756e+26 7.93
-0.0746493 -0.0431723 6.98836e+26 7.94
-0.0744301 -0.0433214 6.98914e+26 7.95
-0.0742102 -0.0434695 6.98994e+26 7.96
-0.0739895 -0.0436165 6.99082e+26 7.97
-0.0737681 -0.0437625 6.9918e+26 7.98
-0.073546 -0.0439074 6.99287e+26 7.99
-0.0733231 -0.0440511 6.99401e+26 8
-0.0730995 -0.0441938 6.9952e+26 8.01
-0.0728752 -0.0443355 6.9964e+26 8.02
-0.0726502 -0.044476 6.99757e+26 8.03
-0.0724245 -0.0446154 6.99869e+26 8.04
-0.0721981 -0.0447537 6.99973e+26 8.05
-0.071971 -0.044891 7.00068e+26 8.06
-0.0717432 -0.0450271 7.00152e+26 8.07
-0.0715147 -0.0451621 7.00224e+26 8.08
-0.0712856 -0.045296 7.00284e+26 8.09
-0.0710558 -0.0454288 7.00329e+26 8.1
-0.0708253 -0.0455605 7.0036e+26 8.11
-0.0705942 -0.045691 7.00377e+26 8.12
-0.0703625 -0.0458204 7.00379e+26 8.13
-0.0701301 -0.0459486 7.00366e+26 8.14
-0.0698972 -0.0460757 7.00339e+26 8.15
-0.0696635 -0.0462017 7.00296e+26 8.16
-0.0694293 -0.0463265 7.0024e+26 8.17
-0.0691945 -0.0464501 7.00172e+26 8.18
-0.0689591 -0.0465725 7.00096e+26 8.19
-0.0687231 -0.0466938 7.00019e+26 8.2
-0.0684865 -0.0468139 6.99948e+26 8.21
-0.0682494 -0.0469328 6.99886e+26 8.22
-0.0680116 -0.0470506 6.99838e+26 8.23
-0.0677733 -0.0471672 6.99802e+26 8.24
-0.0675344 -0.0472825 6.99776e+26 8.25
-0.0672949 -0.0473967 6.99759e+26 8.26
-0.0670549 -0.0475097 6.99748e+26 8.27
-0.0668143 -0.0476215 6.99742e+26 8.28
-0.0665732 -0.0477321 6.99741e+26 8.29
-0.0663315 -0.0478414 6.99745e+26 8.3
-0.0660893 -0.0479496 6.99753e+26 8.31
-0.0658465 -0.0480565 6.99766e+26 8.32
-0.0656032 -0.0481622 6.99784e+26 8.33
-0.0653593 -0.0482667 6.99806e+26 8.34
-0.0651149 -0.04837 6.99833e+26 8.35
-0.06487 -0.048472 6.99865e+26 8.36
-0.0646246 -0.0485728 6.99901e+26 8.37
-0.0643786 -0.0486724 6.9994e+26 8.38
-0.0641322 -0.0487707 6.99983e+26 8.39
-0.0638853 -0.0488678 7.0003e+26 8.4
-0.0636378 -0.0489637 7.0008e+26 8.41
-0.0633899 -0.0490583 7.00135e+26 8.42
-0.0631415 -0.0491516 7.00197e+26 8.43
-0.0628926 -0.0492438 7.00268e+26 8.44
-0.0626433 -0.0493347 7.00355e+26 8.45
-0.0623935 -0.0494243 7.00458e+26 8.46
-0.0621432 -0.0495128 7.00581e+26 8.47
-0.0618924 -0.0495999 7.00719e+26 8.48
-0.0616412 -0.0496859 7.00869e+26 8.49
-0.0613896 -0.0497706 7.01025e+26 8.5
-0.0611375 -0.0498541 7.01183e+26 8.51
-0.0608849 -0.0499363 7.0134e+26 8.52
-0.0606319 -0.0500173 7.01493e+26 8.53
-0.0603785 -0.050097 7.01641e+26 8.54
-0.0601247 -0.0501755 7.01783e+26 8.55
-0.0598705 -0.0502527 7.01918e+26 8.56
-0.0596159 -0.0503287 7.02043e+26 8.57
-0.0593609 -0.0504035 7.02159e+26 8.58
-0.0591055 -0.050477 7.02262e+26 8.59
-0.0588497 -0.0505492 7.02352e+26 8.6
-0.0585936 -0.0506202 7.02428e+26 8.61
-0.0583371 -0.05069 7.02486e+26 8.62
-0.0580802 -0.0507585 7.02528e+26 8.63
-0.0578231 -0.0508258 7.0255e+26 8.64
-0.0575656 -0.0508918 7.02553e+26 8.65
-0.0573078 -0.0509566 7.02537e+26 8.66
-0.0570497 -0.0510201 7.02503e+26 8.67
-0.0567913 -0.0510824 7.02454e+26 8.68
-0.0565326 -0.0511434 7.02393e+26 8.69
-0.0562736 -0.0512032 7.02323e+26 8.7
-0.0560144 -0.0512617 7.02245e+26 8.71
-0.0557549 -0.051319 7.02158e+26 8.72
-0.0554951 -0.051375 7.0206e+26 8.73
-0.0552351 -0.0514297 7.01945e+26 8.74
-0.0549749 -0.0514832 7.01811e+26 8.75
-0.0547144 -0.0515353 7.01656e+26 8.76
-0.0544537 -0.0515862 7.01483e+26 8.77
-0.0541928 -0.0516358 7.01292e+26 8.78
-0.0539317 -0.0516841 7.01087e+26 8.79
-0.0536704 -0.0517311 7.0087e+26 8.8
-0.0534089 -0.0517768 7.00643e+26 8.81
-0.0531472 -0.0518212 7.00409e+26 8.82
-0.0528853 -0.0518642 7.0017e+26 8.83
-0.0526233 -0.051906 6.99927e+26 8.84
-0.0523612 -0.0519464 6.99684e+26 8.85
-0.0520988 -0.0519856 6.99441e+26 8.86
-0.0518364 -0.0520234 6.99199e+26 8.87
-0.0515737 -0.0520598 6.98962e+26 8.88
-0.051311 -0.052095 6.9873e+26 8.89
-0.0510481 -0.0521288 6.98505e+26 8.9
-0.0507851 -0.0521613 6.9829e+26 8.91
-0.0505219 -0.0521924 6.98087e+26 8.92
-0.0502587 -0.0522223 6.979e+26 8.93
-0.0499953 -0.0522507 6.9773e+26 8.94
-0.0497318 -0.0522779 6.97579e+26 8.95
-0.0494683 -0.0523037 6.97445e+26 8.96
-0.0492046 -0.0523282 6.97324e+26 8.97
-0.0489408 -0.0523513 6.97212e+26 8.98
-0.0486769 -0.052373 6.97104e+26 8.99
-0.0484129 -0.0523934 6.96998e+26 9
-0.0481488 -0.0524125 6.96893e+26 9.01
-0.0478847 -0.0524302 6.9679e+26 9.02
-0.0476205 -0.0524465 6.96693e+26 9.03
-0.0473562 -0.0524615 6.96602e+26 9.04
-0.0470919 -0.0524751 6.96519e+26 9.05
-0.0468275 -0.0524874 6.96446e+26 9.06
-0.0465631 -0.0524983 6.96383e+26 9.07
-0.0462986 -0.0525079 6.9633e+26 9.08
-0.0460341 -0.0525161 6.96287e+26 9.09
-0.0457696 -0.052523 6.96254e+26 9.1
-0.045505 -0.0525285 6.96231e+26 9.11
-0.0452404 -0.0525327 6.96217e+26 9.12
-0.0449758 -0.0525356 6.96212e+26 9.13
-0.0447112 -0.0525371 6.96215e+26 9.14
-0.0444466 -0.0525372 6.96226e+26 9.15
-0.044182 -0.0525361 6.96245e+26 9.16
-0.0439174 -0.0525336 6.9627e+26 9.17
-0.0436528 -0.0525297 6.96301e+26 9.18
-0.0433882 -0.0525246 6.96336e+26 9.19
-0.0431236 -0.0525181 6.96372e+26 9.2
-0.0428591 -0.0525103 6.96403e+26 9.21
-0.0425946 -0.0525012 6.96423e+26 9.22
-0.0423301 -0.0524907 6.96425e+26 9.23
-0.0420657 -0.0524789 6.96405e+26 9.24
-0.0418014 -0.0524658 6.96362e+26 9.25
-0.0415372 -0.0524514 6.96298e+26 9.26
-0.041273 -0.0524356 6.96214e+26 9.27
-0.041009 -0.0524185 6.96113e+26 9.28
-0.040745 -0.0524001 6.95999e+26 9.29
-0.0404812 -0.0523804 6.95872e+26 9.3
-0.0402175 -0.0523594 6.95734e+26 9.31
-0.039954 -0.0523371 6.95587e+26 9.32
-0.0396906 -0.0523135 6.95431e+26 9.33
-0.0394273 -0.0522885 6.95269e+26 9.34
-0.0391642 -0.0522622 6.95101e+26 9.35
-0.0389013 -0.0522347 6.94929e+26 9.36
-0.0386385 -0.0522058 6.94754e+26 9.37
-0.038376 -0.0521756 6.94578e+26 9.38
-0.0381136 -0.052144 6.94403e+26 9.39
-0.0378514 -0.0521112 6.94229e+26 9.4
-0.0375894 -0.0520771 6.94059e+26 9.41
-0.0373276 -0.0520416 6.93893e+26 9.42
-0.037066 -0.0520048 6.93731e+26 9.43
-0.0368047 -0.0519667 6.93572e+26 9.44
-0.0365436 -0.0519272 6.93414e+26 9.45
-0.0362827 -0.0518865 6.93254e+26 9.46
-0.036022 -0.0518444 6.93087e+26 9.47
-0.0357616 -0.051801 6.92911e+26 9.48
-0.0355015 -0.0517562 6.92727e+26 9.49
-0.0352416 -0.0517102 6.92537e+26 9.5
-0.034982 -0.0516628 6.92346e+26 9.51
-0.0347227 -0.0516141 6.92159e+26 9.52
-0.0344637 -0.051564 6.91977e+26 9.53
-0.034205 -0.0515127 6.91803e+26 9.54
-0.0339465 -0.0514601 6.91638e+26 9.55
-0.0336884 -0.0514061 6.91481e+26 9.56
-0.0334306 -0.0513508 6.91332e+26 9.57
-0.033173 -0.0512943 6.91191e+26 9.58
-0.0329158 -0.0512364 6.91057e+26 9.59
-0.032659 -0.0511772 6.9093e+26 9.6
-0.0324024 -0.0511167 6.90809e+26 9.61
-0.0321462 -0.0510549 6.90694e+26 9.62
-0.0318903 -0.0509918 6.90584e+26 9.63
-0.0316348 -0.0509274 6.90478e+26 9.64
-0.0313796 -0.0508617 6.90376e+26 9.65
-0.0311248 -0.0507948 6.90277e+26 9.66
-0.0308703 -0.0507265 6.90179e+26 9.67
-0.0306162 -0.0506569 6.9008e+26 9.68
-0.0303625 -0.0505861 6.89976e+26 9.69
-0.0301091 -0.0505139 6.89865e+26 9.7
-0.0298562 -0.0504405 6.89743e+26 9.71
-0.0296037 -0.0503658 6.89605e+26 9.72
-0.0293515 -0.0502898 6.89451e+26 9.73
-0.0290998 -0.0502125 6.89283e+26 9.74
-0.0288485 -0.050134 6.89104e+26 9.75
-0.0285977 -0.0500542 6.8892e+26 9.76
-0.0283473 -0.0499732 6.88731e+26 9.77
-0.0280973 -0.0498909 6.88539e+26 9.78
-0.0278478 -0.0498074 6.88344e+26 9.79
-0.0275988 -0.0497226 6.88142e+26 9.8
-0.0273502 -0.0496365 6.87934e+26 9.81
-0.0271021 -0.0495493 6.87716e+26 9.82
-0.0268545 -0.0494608 6.87488e+26 9.83
-0.0266074 -0.0493711 6.87248e+26 9.84
-0.0263608 -0.0492801 6.86996e+26 9.85
-0.0261146 -0.0491879 6.86733e+26 9.86
-0.0258691 -0.0490945 6.86457e+26 9.87
-0.025624 -0.0489998 6.8617e+26 9.88
-0.0253795 -0.0489039 6.85872e+26 9.89
-0.0251355 -0.0488068 6.85563e+26 9.9
-0.0248921 -0.0487085 6.85246e+26 9.91
-0.0246493 -0.0486089 6.84919e+26 9.92
-0.024407 -0.0485081 6.84584e+26 9.93
-0.0241653 -0.0484061 6.8424e+26 9.94
-0.0239242 -0.0483028 6.83888e+26 9.95
-0.0236838 -0.0481984 6.83527e+26 9.96
-0.0234439 -0.0480927 6.83162e+26 9.97
-0.0232046 -0.0479857 6.82794e+26 9.98
-0.022966 -0.0478776 0 9.99
