0 0 6.91778e+30 0
-0.000139278 0.0263773 6.91798e+30 0.01
-0.000417825 0.0527532 6.91781e+30 0.02
-0.0008356 0.0791262 6.91727e+30 0.03
-0.00139253 0.105495 6.91635e+30 0.04
-0.00208852 0.131858 6.91507e+30 0.05
-0.00292343 0.158214 6.91341e+30 0.06
-0.0038971 0.184561 6.91138e+30 0.07
-0.00500934 0.210898 6.90898e+30 0.08
-0.00625994 0.237223 6.90621e+30 0.09
-0.00764864 0.263536 6.90307e+30 0.1
-0.00917518 0.289834 6.89956e+30 0.11
-0.0108393 0.316117 6.89569e+30 0.12
-0.0126405 0.342382 6.89145e+30 0.13
-0.0145787 0.368629 6.88685e+30 0.14
-0.0166533 0.394856 6.88189e+30 0.15
-0.018864 0.421061 6.87658e+30 0.16
-0.0212104 0.447244 6.87092e+30 0.17
-0.0236919 0.473403 6.86492e+30 0.18
-0.0263082 0.499536 6.85858e+30 0.19
-0.0290586 0.525643 6.85191e+30 0.2
-0.0319427 0.551722 6.84493e+30 0.21
-0.0349597 0.577772 6.83763e+30 0.22
-0.038109 0.603792 6.82997e+30 0.23
-0.0413899 0.629779 6.82176e+30 0.24
-0.0448023 0.655733 6.81339e+30 0.25
-0.0483454 0.681653 6.80473e+30 0.26
-0.0520183 0.707537 6.79574e+30 0.27
-0.0558205 0.733385 6.78644e+30 0.28
-0.059751 0.759194 6.77683e+30 0.29
-0.0638093 0.784965 6.76692e+30 0.3
-0.0679945 0.810695 6.75672e+30 0.31
-0.0723059 0.836384 6.74622e+30 0.32
-0.0767425 0.86203 6.73543e+30 0.33
-0.0813037 0.887633 6.72435e+30 0.34
-0.0859886 0.913191 6.713e+30 0.35
-0.0907963 0.938704 6.70138e+30 0.36
-0.0957259 0.964169 6.68949e+30 0.37
-0.100777 0.989587 6.67733e+30 0.38
-0.105947 1.01496 6.66492e+30 0.39
-0.111238 1.04028 6.65226e+30 0.4
-0.116646 1.06554 6.63935e+30 0.41
-0.122172 1.09076 6.62619e+30 0.42
-0.127814 1.11593 6.61281e+30 0.43
-0.133571 1.14104 6.59919e+30 0.44
-0.139443 1.16609 6.58534e+30 0.45
-0.145429 1.1911 6.57128e+30 0.46
-0.151527 1.21604 6.557e+30 0.47
-0.157736 1.24093 6.54252e+30 0.48
-0.164056 1.26576 6.52783e+30 0.49
-0.170485 1.29054 6.51294e+30 0.5
-0.177023 1.31525 6.49786e+30 0.51
-0.183668 1.3399 6.4826e+30 0.52
-0.190419 1.3645 6.46715e+30 0.53
-0.197276 1.38903 6.45153e+30 0.54
-0.204236 1.4135 6.43573e+30 0.55
-0.2113 1.43791 6.41978e+30 0.56
-0.218466 1.46226 6.40366e+30 0.57
-0.225733 1.48654 6.38739e+30 0.58
-0.233099 1.51075 6.37097e+30 0.59
-0.240565 1.53491 6.35441e+30 0.6
-0.248128 1.559 6.33771e+30 0.61
-0.255788 1.58302 6.32088e+30 0.62
-0.263544 1.60697 6.30392e+30 0.63
-0.271394 1.63086 6.28684e+30 0.64
-0.279337 1.65468 6.26964e+30 0.65
-0.287373 1.67844 6.25232e+30 0.66
-0.2955 1.70212 6.2349e+30 0.67
-0.303718 1.72574 6.21738e+30 0.68
-0.312024 1.74929 6.19976e+30 0.69
-0.320419 1.77277 6.18205e+30 0.7
-0.3289 1.79618 6.16425e+30 0.71
-0.337468 1.81952 6.14636e+30 0.72
-0.34612 1.84279 6.12839e+30 0.73
-0.354856 1.86599 6.11036e+30 0.74
-0.363675 1.88912 6.09225e+30 0.75
-0.372576 1.91218 6.07407e+30 0.76
-0.381557 1.93517 6.05583e+30 0.77
-0.390618 1.95808 6.03754e+30 0.78
-0.399757 1.98093 6.01919e+30 0.79
-0.408974 2.0037 6.00079e+30 0.8
-0.418267 2.0264 5.98235e+30 0.81
-0.427636 2.04903 5.96386e+30 0.82
-0.437079 2.07158 5.94534e+30 0.83
-0.446596 2.09407 5.92678e+30 0.84
-0.456185 2.11648 5.90819e+30 0.85
-0.465845 2.13882 5.88958e+30 0.86
-0.475576 2.16108 5.87094e+30 0.87
-0.485376 2.18328 5.85228e+30 0.88
-0.495245 2.2054 5.83359e+30 0.89
-0.505181 2.22745 5.81489e+30 0.9
-0.515184 2.24942 5.79618e+30 0.91
-0.525252 2.27132 5.77745e+30 0.92
-0.535385 2.29315 5.75872e+30 0.93
-0.545582 2.31491 5.73998e+30 0.94
-0.555841 2.33659 5.72124e+30 0.95
-0.566162 2.3582 5.70251e+30 0.96
-0.576544 2.37974 5.68379e+30 0.97
-0.586987 2.4012 5.66507e+30 0.98
-0.597488 2.4226 5.64638e+30 0.99
-0.608048 2.44391 5.62769e+30 1
-0.618665 2.46516 5.60903e+30 1.01
-0.629338 2.48633 5.59039e+30 1.02
-0.640067 2.50744 5.57177e+30 1.03
-0.650851 2.52847 5.55318e+30 1.04
-0.661689 2.54942 5.53461e+30 1.05
-0.672581 2.57031 5.51608e+30 1.06
-0.683524 2.59112 5.49757e+30 1.07
-0.694519 2.61186 5.4791e+30 1.08
-0.705564 2.63253 5.46066e+30 1.09
-0.71666 2.65313 5.44225e+30 1.1
-0.727804 2.67365 5.42389e+30 1.11
-0.738997 2.69411 5.40557e+30 1.12
-0.750238 2.71449 5.38729e+30 1.13
-0.761525 2.7348 5.36905e+30 1.14
-0.772858 2.75504 5.35086e+30 1.15
-0.784236 2.77522 5.33271e+30 1.16
-0.795659 2.79532 5.31461e+30 1.17
-0.807126 2.81535 5.29656e+30 1.18
-0.818636 2.83531 5.27856e+30 1.19
-0.830188 2.8552 5.26062e+30 1.2
-0.841782 2.87502 5.24273e+30 1.21
-0.853417 2.89477 5.22489e+30 1.22
-0.865092 2.91445 5.2071e+30 1.23
-0.876807 2.93407 5.18938e+30 1.24
-0.88856 2.95361 5.17171e+30 1.25
-0.900352 2.97309 5.1541e+30 1.26
-0.912182 2.9925 5.13655e+30 1.27
-0.924048 3.01184 5.11906e+30 1.28
-0.935951 3.03111 5.10163e+30 1.29
-0.94789 3.05031 5.08427e+30 1.3
-0.959863 3.06945 5.06697e+30 1.31
-0.971871 3.08852 5.04973e+30 1.32
-0.983913 3.10752 5.03255e+30 1.33
-0.995989 3.12646 5.01545e+30 1.34
-1.0081 3.14533 4.99841e+30 1.35
-1.02024 3.16414 4.98143e+30 1.36
-1.03241 3.18288 4.96452e+30 1.37
-1.04461 3.20155 4.94768e+30 1.38
-1.05684 3.22016 4.93091e+30 1.39
-1.06911 3.2387 4.91421e+30 1.4
-1.0814 3.25718 4.89758e+30 1.41
-1.09372 3.2756 4.88102e+30 1.42
-1.10607 3.29395 4.86453e+30 1.43
-1.11845 3.31223 4.8481e+30 1.44
-1.13085 3.33046 4.83175e+30 1.45
-1.14328 3.34862 4.81548e+30 1.46
-1.15574 3.36671 4.79927e+30 1.47
-1.16822 3.38475 4.78313e+30 1.48
-1.18073 3.40272 4.76707e+30 1.49
-1.19327 3.42063 4.75108e+30 1.5
-1.20582 3.43848 4.73516e+30 1.51
-1.21841 3.45626 4.71932e+30 1.52
-1.23101 3.47399 4.70355e+30 1.53
-1.24364 3.49165 4.68785e+30 1.54
-1.25629 3.50926 4.67223e+30 1.55
-1.26896 3.5268 4.65668e+30 1.56
-1.28166 3.54428 4.6412e+30 1.57
-1.29437 3.56171 4.6258e+30 1.58
-1.30711 3.57907 4.61047e+30 1.59
-1.31986 3.59637 4.59522e+30 1.6
-1.33264 3.61362 4.58003e+30 1.61
-1.34544 3.63081 4.56493e+30 1.62
-1.35825 3.64793 4.54989e+30 1.63
-1.37109 3.665 4.53493e+30 1.64
-1.38394 3.68202 4.52004e+30 1.65
-1.39681 3.69897 4.50523e+30 1.66
-1.4097 3.71587 4.49048e+30 1.67
-1.4226 3.73271 4.47581e+30 1.68
-1.43553 3.74949 4.46121e+30 1.69
-1.44847 3.76622 4.44668e+30 1.7
-1.46142 3.78289 4.43221e+30 1.71
-1.47439 3.79951 4.41782e+30 1.72
-1.48738 3.81607 4.4035e+30 1.73
-1.50038 3.83257 4.38925e+30 1.74
-1.5134 3.84902 4.37507e+30 1.75
-1.52643 3.86542 4.36097e+30 1.76
-1.53948 3.88176 4.34694e+30 1.77
-1.55253 3.89804 4.33299e+30 1.78
-1.56561 3.91427 4.31911e+30 1.79
-1.57869 3.93045 4.3053e+30 1.8
-1.59179 3.94658 4.29157e+30 1.81
-1.60491 3.96265 4.2779e+30 1.82
-1.61803 3.97867 4.26431e+30 1.83
-1.63117 3.99464 4.2508e+30 1.84
-1.64432 4.01055 4.23735e+30 1.85
-1.65748 4.02642 4.22398e+30 1.86
-1.67065 4.04223 4.21067e+30 1.87
-1.68383 4.05799 4.19744e+30 1.88
-1.69702 4.0737 4.18427e+30 1.89
-1.71023 4.08935 4.17117e+30 1.9
-1.72344 4.10496 4.15815e+30 1.91
-1.73667 4.12052 4.14519e+30 1.92
-1.7499 4.13603 4.1323e+30 1.93
-1.76314 4.15148 4.11948e+30 1.94
-1.7764 4.16689 4.10673e+30 1.95
-1.78966 4.18225 4.09404e+30 1.96
-1.80293 4.19756 4.08143e+30 1.97
-1.81621 4.21282 4.06888e+30 1.98
-1.8295 4.22803 4.05639e+30 1.99
-1.84279 4.2432 4.04398e+30 2
-1.8561 4.25831 4.03162e+30 2.01
-1.86941 4.27338 4.01934e+30 2.02
-1.88272 4.2884 4.00712e+30 2.03
-1.89605 4.30338 3.99496e+30 2.04
-1.90938 4.3183 3.98287e+30 2.05
-1.92272 4.33318 3.97085e+30 2.06
-1.93607 4.34802 3.95888e+30 2.07
-1.94942 4.36281 3.94698e+30 2.08
-1.96278 4.37755 3.93515e+30 2.09
-1.97614 4.39224 3.92338e+30 2.1
-1.98952 4.4069 3.91167e+30 2.11
-2.00289 4.4215 3.90002e+30 2.12
-2.01627 4.43606 3.88844e+30 2.13
-2.02966 4.45058 3.87691e+30 2.14
-2.04305 4.46505 3.86545e+30 2.15
-2.05645 4.47948 3.85405e+30 2.16
-2.06985 4.49386 3.84271e+30 2.17
-2.08326 4.5082 3.83144e+30 2.18
-2.09667 4.5225 3.82022e+30 2.19
-2.11008 4.53675 3.80906e+30 2.2
-2.1235 4.55096 3.79796e+30 2.21
-2.13692 4.56512 3.78692e+30 2.22
-2.15035 4.57925 3.77594e+30 2.23
-2.16378 4.59333 3.76502e+30 2.24
-2.17721 4.60737 3.75416e+30 2.25
-2.19065 4.62137 3.74335e+30 2.26
-2.20409 4.63532 3.7326e+30 2.27
-2.21754 4.64924 3.72191e+30 2.28
-2.23098 4.66311 3.71127e+30 2.29
-2.24443 4.67694 3.7007e+30 2.3
-2.25788 4.69074 3.69018e+30 2.31
-2.27133 4.70449 3.67971e+30 2.32
-2.28479 4.7182 3.6693e+30 2.33
-2.29825 4.73187 3.65894e+30 2.34
-2.31171 4.7455 3.64864e+30 2.35
-2.32517 4.75909 3.6384e+30 2.36
-2.33864 4.77264 3.62821e+30 2.37
-2.3521 4.78615 3.61807e+30 2.38
-2.36557 4.79962 3.60798e+30 2.39
-2.37904 4.81306 3.59795e+30 2.4
-2.39251 4.82645 3.58797e+30 2.41
-2.40598 4.83981 3.57805e+30 2.42
-2.41945 4.85313 3.56817e+30 2.43
-2.43292 4.86641 3.55835e+30 2.44
-2.4464 4.87965 3.54858e+30 2.45
-2.45987 4.89286 3.53885e+30 2.46
-2.47334 4.90602 3.52918e+30 2.47
-2.48682 4.91915 3.51955e+30 2.48
-2.5003 4.93225 3.50997e+30 2.49
-2.51377 4.9453 3.50044e+30 2.5
-2.52725 4.95832 3.49095e+30 2.51
-2.54072 4.9713 3.48152e+30 2.52
-2.5542 4.98425 3.47213e+30 2.53
-2.56768 4.99716 3.46279e+30 2.54
-2.58115 5.01003 3.4535e+30 2.55
-2.59463 5.02287 3.44425e+30 2.56
-2.6081 5.03567 3.43506e+30 2.57
-2.62158 5.04844 3.42592e+30 2.58
-2.63505 5.06117 3.41683e+30 2.59
-2.64852 5.07387 3.40779e+30 2.6
-2.662 5.08653 3.39879e+30 2.61
-2.67547 5.09916 3.38984e+30 2.62
-2.68894 5.11175 3.38094e+30 2.63
-2.70241 5.12431 3.37208e+30 2.64
-2.71588 5.13684 3.36327e+30 2.65
-2.72935 5.14933 3.35451e+30 2.66
-2.74281 5.16178 3.34579e+30 2.67
-2.75628 5.1742 3.33711e+30 2.68
-2.76974 5.18659 3.32848e+30 2.69
-2.7832 5.19895 3.31989e+30 2.7
-2.79666 5.21127 3.31135e+30 2.71
-2.81012 5.22356 3.30285e+30 2.72
-2.82358 5.23582 3.29439e+30 2.73
-2.83704 5.24804 3.28598e+30 2.74
-2.85049 5.26024 3.27761e+30 2.75
-2.86394 5.2724 3.26928e+30 2.76
-2.87739 5.28452 3.26099e+30 2.77
-2.89084 5.29662 3.25274e+30 2.78
-2.90428 5.30868 3.24454e+30 2.79
-2.91773 5.32072 3.23638e+30 2.8
-2.93117 5.33272 3.22825e+30 2.81
-2.94461 5.34469 3.22017e+30 2.82
-2.95805 5.35662 3.21213e+30 2.83
-2.97148 5.36853 3.20413e+30 2.84
-2.98491 5.38041 3.19617e+30 2.85
-2.99834 5.39225 3.18825e+30 2.86
-3.01177 5.40407 3.18036e+30 2.87
-3.02519 5.41585 3.17252e+30 2.88
-3.03861 5.42761 3.16471e+30 2.89
-3.05203 5.43933 3.15695e+30 2.9
-3.06545 5.45103 3.14922e+30 2.91
-3.07886 5.46269 3.14153e+30 2.92
-3.09227 5.47432 3.13388e+30 2.93
-3.10567 5.48593 3.12626e+30 2.94
-3.11908 5.49751 3.11868e+30 2.95
-3.13248 5.50905 3.11114e+30 2.96
-3.14588 5.52057 3.10364e+30 2.97
-3.15927 5.53206 3.09617e+30 2.98
-3.17266 5.54352 3.08874e+30 2.99
-3.18605 5.55495 3.08135e+30 3
-3.19944 5.56635 3.07399e+30 3.01
-3.21282 5.57773 3.06666e+30 3.02
-3.22619 5.58907 3.05937e+30 3.03
-3.23957 5.60039 3.05212e+30 3.04
-3.25294 5.61168 3.0449e+30 3.05
-3.26631 5.62294 3.03772e+30 3.06
-3.27967 5.63418 3.03057e+30 3.07
-3.29303 5.64538 3.02345e+30 3.08
-3.30639 5.65656 3.01637e+30 3.09
-3.31974 5.66772 3.00932e+30 3.1
-3.33309 5.67884 3.00231e+30 3.11
-3.34643 5.68994 2.99533e+30 3.12
-3.35978 5.70101 2.98838e+30 3.13
-3.37311 5.71205 2.98146e+30 3.14
-3.38645 5.72307 2.97458e+30 3.15
-3.39978 5.73406 2.96773e+30 3.16
-3.4131 5.74503 2.96092e+30 3.17
-3.42642 5.75597 2.95413e+30 3.18
-3.43974 5.76688 2.94738e+30 3.19
-3.45305 5.77776 2.94066e+30 3.2
-3.46636 5.78862 2.93396e+30 3.21
-3.47967 5.79946 2.9273e+30 3.22
-3.49297 5.81027 2.92068e+30 3.23
-3.50627 5.82105 2.91408e+30 3.24
-3.51956 5.83181 2.90751e+30 3.25
-3.53285 5.84254 2.90097e+30 3.26
-3.54613 5.85325 2.89445e+30 3.27
-3.55941 5.86393 2.88797e+30 3.28
-3.57269 5.87459 2.88151e+30 3.29
-3.58596 5.88522 2.87508e+30 3.3
-3.59923 5.89583 2.86868e+30 3.31
-3.61249 5.90641 2.86231e+30 3.32
-3.62575 5.91697 2.85596e+30 3.33
-3.639 5.9275 2.84965e+30 3.34
-3.65225 5.93801 2.84336e+30 3.35
-3.66549 5.9485 2.83711e+30 3.36
-3.67873 5.95896 2.83089e+30 3.37
-3.69197 5.96939 2.82469e+30 3.38
-3.7052 5.97981 2.81853e+30 3.39
-3.71842 5.9902 2.81239e+30 3.4
-3.73164 6.00056 2.80629e+30 3.41
-3.74486 6.01091 2.80021e+30 3.42
-3.75807 6.02122 2.79416e+30 3.43
-3.77128 6.03152 2.78814e+30 3.44
-3.78448 6.04179 2.78215e+30 3.45
-3.79768 6.05204 2.77618e+30 3.46
-3.81087 6.06227 2.77024e+30 3.47
-3.82406 6.07247 2.76432e+30 3.48
-3.83724 6.08265 2.75844e+30 3.49
-3.85042 6.09281 2.75257e+30 3.5
-3.86359 6.10294 2.74674e+30 3.51
-3.87676 6.11306 2.74093e+30 3.52
-3.88992 6.12315 2.73515e+30 3.53
-3.90308 6.13321 2.72939e+30 3.54
-3.91623 6.14326 2.72365e+30 3.55
-3.92938 6.15328 2.71795e+30 3.56
-3.94253 6.16329 2.71226e+30 3.57
-3.95567 6.17327 2.70661e+30 3.58
-3.9688 6.18322 2.70097e+30 3.59
-3.98193 6.19316 2.69536e+30 3.6
-3.99505 6.20307 2.68978e+30 3.61
-4.00817 6.21297 2.68422e+30 3.62
-4.02128 6.22284 2.67868e+30 3.63
-4.03439 6.23269 2.67317e+30 3.64
-4.0475 6.24252 2.66768e+30 3.65
-4.06059 6.25232 2.66222e+30 3.66
-4.07369 6.26211 2.65678e+30 3.67
-4.08678 6.27188 2.65136e+30 3.68
-4.09986 6.28162 2.64597e+30 3.69
-4.11294 6.29134 2.6406e+30 3.7
-4.12601 6.30105 2.63525e+30 3.71
-4.13908 6.31073 2.62992e+30 3.72
-4.15214 6.32039 2.62462e+30 3.73
-4.1652 6.33003 2.61934e+30 3.74
-4.17825 6.33966 2.61408e+30 3.75
-4.19129 6.34926 2.60884e+30 3.76
-4.20433 6.35884 2.60363e+30 3.77
-4.21737 6.3684 2.59844e+30 3.78
-4.2304 6.37794 2.59327e+30 3.79
-4.24343 6.38746 2.58812e+30 3.8
-4.25645 6.39696 2.583e+30 3.81
-4.26946 6.40644 2.57789e+30 3.82
-4.28247 6.4159 2.57281e+30 3.83
-4.29547 6.42534 2.56775e+30 3.84
-4.30847 6.43477 2.5627e+30 3.85
-4.32147 6.44417 2.55768e+30 3.86
-4.33445 6.45355 2.55268e+30 3.87
-4.34744 6.46292 2.54771e+30 3.88
-4.36041 6.47226 2.54275e+30 3.89
-4.37339 6.48159 2.53781e+30 3.9
-4.38635 6.49089 2.53289e+30 3.91
-4.39931 6.50018 2.528e+30 3.92
-4.41227 6.50945 2.52312e+30 3.93
-4.42522 6.5187 2.51826e+30 3.94
-4.43817 6.52793 2.51343e+30 3.95
-4.4511 6.53715 2.50861e+30 3.96
-4.46404 6.54634 2.50381e+30 3.97
-4.47697 6.55552 2.49903e+30 3.98
-4.48989 6.56467 2.49428e+30 3.99
-4.50281 6.57381 2.48954e+30 4
-4.51572 6.58293 2.48481e+30 4.01
-4.52863 6.59203 2.48011e+30 4.02
-4.54153 6.60112 2.47543e+30 4.03
-4.55442 6.61019 2.47076e+30 4.04
-4.56731 6.61923 2.46611e+30 4.05
-4.5802 6.62826 2.46148e+30 4.06
-4.59308 6.63728 2.45686e+30 4.07
-4.60595 6.64627 2.45226e+30 4.08
-4.61882 6.65525 2.44768e+30 4.09
-4.63168 6.66421 2.44311e+30 4.1
-4.64454 6.67315 2.43856e+30 4.11
-4.65739 6.68207 2.43403e+30 4.12
-4.67024 6.69098 2.42951e+30 4.13
-4.68308 6.69987 2.42501e+30 4.14
-4.69591 6.70874 2.42054e+30 4.15
-4.70874 6.7176 2.41608e+30 4.16
-4.72157 6.72644 2.41164e+30 4.17
-4.73438 6.73526 2.40723e+30 4.18
-4.7472 6.74406 2.40283e+30 4.19
-4.76 6.75285 2.39845e+30 4.2
-4.7728 6.76162 2.39408e+30 4.21
-4.7856 6.77037 2.38974e+30 4.22
-4.79839 6.77911 2.38541e+30 4.23
-4.81118 6.78782 2.3811e+30 4.24
-4.82396 6.79653 2.37681e+30 4.25
-4.83673 6.80521 2.37253e+30 4.26
-4.8495 6.81388 2.36827e+30 4.27
-4.86226 6.82254 2.36403e+30 4.28
-4.87502 6.83117 2.3598e+30 4.29
-4.88777 6.83979 2.35559e+30 4.3
-4.90051 6.8484 2.35139e+30 4.31
-4.91325 6.85699 2.34721e+30 4.32
-4.92599 6.86556 2.34305e+30 4.33
-4.93872 6.87411 2.3389e+30 4.34
-4.95144 6.88265 2.33477e+30 4.35
-4.96416 6.89118 2.33066e+30 4.36
-4.97687 6.89969 2.32656e+30 4.37
-4.98958 6.90818 2.32247e+30 4.38
-5.00228 6.91666 2.3184e+30 4.39
-5.01498 6.92512 2.31435e+30 4.4
-5.02767 6.93356 2.31031e+30 4.41
-5.04035 6.94199 2.30629e+30 4.42
-5.05303 6.95041 2.30228e+30 4.43
-5.0657 6.9588 2.29829e+30 4.44
-5.07837 6.96719 2.29431e+30 4.45
-5.09103 6.97556 2.29035e+30 4.46
-5.10369 6.98391 2.2864e+30 4.47
-5.11634 6.99225 2.28246e+30 4.48
-5.12899 7.00057 2.27854e+30 4.49
-5.14163 7.00888 2.27464e+30 4.5
-5.15426 7.01717 2.27075e+30 4.51
-5.16689 7.02544 2.26687e+30 4.52
-5.17951 7.03371 2.26301e+30 4.53
-5.19213 7.04195 2.25916e+30 4.54
-5.20474 7.05019 2.25533e+30 4.55
-5.21735 7.0584 2.25151e+30 4.56
-5.22995 7.06661 2.2477e+30 4.57
-5.24254 7.0748 2.24391e+30 4.58
-5.25513 7.08297 2.24013e+30 4.59
-5.26772 7.09113 2.23637e+30 4.6
-5.28029 7.09927 2.23262e+30 4.61
-5.29287 7.1074 2.22888e+30 4.62
-5.30543 7.11552 2.22516e+30 4.63
-5.318 7.12362 2.22145e+30 4.64
-5.33055 7.13171 2.21775e+30 4.65
-5.3431 7.13978 2.21407e+30 4.66
-5.35565 7.14784 2.2104e+30 4.67
-5.36819 7.15588 2.20674e+30 4.68
-5.38072 7.16391 2.20309e+30 4.69
-5.39325 7.17193 2.19946e+30 4.7
-5.40577 7.17993 2.19585e+30 4.71
-5.41829 7.18792 2.19224e+30 4.72
-5.4308 7.19589 2.18865e+30 4.73
-5.44331 7.20385 2.18507e+30 4.74
-5.45581 7.2118 2.1815e+30 4.75
-5.4683 7.21973 2.17795e+30 4.76
-5.48079 7.22765 2.17441e+30 4.77
-5.49327 7.23556 2.17088e+30 4.78
-5.50575 7.24345 2.16736e+30 4.79
-5.51822 7.25133 2.16385e+30 4.8
-5.53069 7.25919 2.16036e+30 4.81
-5.54315 7.26705 2.15688e+30 4.82
-5.55561 7.27488 2.15341e+30 4.83
-5.56806 7.28271 2.14995e+30 4.84
-5.5805 7.29052 2.1465e+30 4.85
-5.59294 7.29832 2.14306e+30 4.86
-5.60537 7.3061 2.13963e+30 4.87
-5.6178 7.31387 2.13622e+30 4.88
-5.63022 7.32163 2.13281e+30 4.89
-5.64264 7.32938 2.12941e+30 4.9
-5.65505 7.33711 2.12603e+30 4.91
-5.66746 7.34483 2.12265e+30 4.92
-5.67986 7.35254 2.11929e+30 4.93
-5.69225 7.36023 2.11594e+30 4.94
-5.70464 7.36791 2.11261e+30 4.95
-5.71702 7.37558 2.10928e+30 4.96
-5.7294 7.38323 2.10598e+30 4.97
-5.74178 7.39087 2.10268e+30 4.98
-5.75414 7.3985 2.0994e+30 4.99
-5.7665 7.40612 2.09613e+30 5
-5.77886 7.41372 2.09287e+30 5.01
-5.79121 7.42132 2.08962e+30 5.02
-5.80356 7.42889 2.08638e+30 5.03
-5.8159 7.43646 2.08315e+30 5.04
-5.82823 7.44402 2.07994e+30 5.05
-5.84056 7.45156 2.07673e+30 5.06
-5.85288 7.45909 2.07354e+30 5.07
-5.8652 7.4666 2.07036e+30 5.08
-5.87751 7.47411 2.06718e+30 5.09
-5.88982 7.4816 2.06402e+30 5.1
-5.90212 7.48908 2.06087e+30 5.11
-5.91441 7.49655 2.05773e+30 5.12
-5.92671 7.504 2.0546e+30 5.13
-5.93899 7.51145 2.05148e+30 5.14
-5.95127 7.51888 2.04837e+30 5.15
-5.96354 7.5263 2.04527e+30 5.16
-5.97581 7.53371 2.04218e+30 5.17
-5.98808 7.5411 2.0391e+30 5.18
-6.00033 7.54849 2.03603e+30 5.19
-6.01259 7.55586 2.03297e+30 5.2
-6.02483 7.56322 2.02993e+30 5.21
-6.03707 7.57057 2.02689e+30 5.22
-6.04931 7.5779 2.02386e+30 5.23
-6.06154 7.58523 2.02084e+30 5.24
-6.07377 7.59254 2.01783e+30 5.25
-6.08599 7.59984 2.01483e+30 5.26
-6.0982 7.60713 2.01184e+30 5.27
-6.11041 7.61441 2.00886e+30 5.28
-6.12261 7.62168 2.00589e+30 5.29
-6.13481 7.62894 2.00293e+30 5.3
-6.147 7.63618 1.99998e+30 5.31
-6.15919 7.64341 1.99704e+30 5.32
-6.17137 7.65063 1.9941e+30 5.33
-6.18355 7.65785 1.99118e+30 5.34
-6.19572 7.66504 1.98827e+30 5.35
-6.20789 7.67223 1.98536e+30 5.36
-6.22005 7.67941 1.98247e+30 5.37
-6.23221 7.68657 1.97958e+30 5.38
-6.24436 7.69373 1.97671e+30 5.39
-6.2565 7.70087 1.97384e+30 5.4
-6.26864 7.708 1.97098e+30 5.41
-6.28077 7.71513 1.96813e+30 5.42
-6.2929 7.72224 1.96529e+30 5.43
-6.30503 7.72933 1.96246e+30 5.44
-6.31714 7.73642 1.95964e+30 5.45
-6.32926 7.7435 1.95682e+30 5.46
-6.34136 7.75057 1.95402e+30 5.47
-6.35347 7.75762 1.95122e+30 5.48
-6.36556 7.76467 1.94844e+30 5.49
-6.37765 7.7717 1.94566e+30 5.5
-6.38974 7.77873 1.94289e+30 5.51
-6.40182 7.78574 1.94013e+30 5.52
-6.4139 7.79274 1.93737e+30 5.53
-6.42597 7.79973 1.93463e+30 5.54
-6.43803 7.80671 1.93189e+30 5.55
-6.45009 7.81368 1.92917e+30 5.56
-6.46215 7.82064 1.92645e+30 5.57
-6.4742 7.82759 1.92374e+30 5.58
-6.48624 7.83453 1.92103e+30 5.59
-6.49828 7.84146 1.91834e+30 5.6
-6.51031 7.84838 1.91565e+30 5.61
-6.52234 7.85529 1.91297e+30 5.62
-6.53436 7.86219 1.9103e+30 5.63
-6.54638 7.86907 1.90763e+30 5.64
-6.55839 7.87595 1.90498e+30 5.65
-6.5704 7.88282 1.90233e+30 5.66
-6.5824 7.88967 1.89968e+30 5.67
-6.5944 7.89652 1.89704e+30 5.68
-6.60639 7.90336 1.89441e+30 5.69
-6.61838 7.91018 1.89179e+30 5.7
-6.63036 7.917 1.88917e+30 5.71
-6.64233 7.92381 1.88656e+30 5.72
-6.6543 7.9306 1.88396e+30 5.73
-6.66627 7.93739 1.88137e+30 5.74
-6.67823 7.94416 1.87879e+30 5.75
-6.69019 7.95093 1.87622e+30 5.76
-6.70214 7.95769 1.87366e+30 5.77
-6.71408 7.96443 1.87111e+30 5.78
-6.72602 7.97117 1.86857e+30 5.79
-6.73795 7.97789 1.86603e+30 5.8
-6.74988 7.98461 1.8635e+30 5.81
-6.76181 7.99132 1.86098e+30 5.82
-6.77373 7.99802 1.85847e+30 5.83
-6.78564 8.0047 1.85597e+30 5.84
-6.79755 8.01138 1.85347e+30 5.85
-6.80945 8.01805 1.85098e+30 5.86
-6.82135 8.02471 1.8485e+30 5.87
-6.83325 8.03136 1.84603e+30 5.88
-6.84513 8.038 1.84356e+30 5.89
-6.85702 8.04463 1.8411e+30 5.9
-6.8689 8.05125 1.83865e+30 5.91
-6.88077 8.05786 1.8362e+30 5.92
-6.89264 8.06446 1.83377e+30 5.93
-6.9045 8.07105 1.83134e+30 5.94
-6.91636 8.07764 1.82891e+30 5.95
-6.92821 8.08421 1.82649e+30 5.96
-6.94006 8.09077 1.82409e+30 5.97
-6.9519 8.09733 1.82168e+30 5.98
-6.96374 8.10387 1.81929e+30 5.99
-6.97557 8.11041 1.8169e+30 6
-6.9874 8.11694 1.81451e+30 6.01
-6.99922 8.12345 1.81214e+30 6.02
-7.01104 8.12996 1.80977e+30 6.03
-7.02285 8.13646 1.80741e+30 6.04
-7.03466 8.14295 1.80505e+30 6.05
-7.04646 8.14943 1.8027e+30 6.06
-7.05826 8.15591 1.80036e+30 6.07
-7.07005 8.16237 1.79802e+30 6.08
-7.08184 8.16882 1.79569e+30 6.09
-7.09362 8.17527 1.79337e+30 6.1
-7.1054 8.18171 1.79105e+30 6.11
-7.11717 8.18813 1.78875e+30 6.12
-7.12894 8.19455 1.78644e+30 6.13
-7.1407 8.20096 1.78415e+30 6.14
-7.15246 8.20736 1.78186e+30 6.15
-7.16421 8.21376 1.77957e+30 6.16
-7.17596 8.22014 1.7773e+30 6.17
-7.1877 8.22651 1.77503e+30 6.18
-7.19944 8.23288 1.77276e+30 6.19
-7.21117 8.23924 1.77051e+30 6.2
-7.2229 8.24558 1.76826e+30 6.21
-7.23462 8.25192 1.76601e+30 6.22
-7.24634 8.25825 1.76377e+30 6.23
-7.25806 8.26458 1.76154e+30 6.24
-7.26976 8.27089 1.75931e+30 6.25
-7.28147 8.27719 1.75709e+30 6.26
-7.29317 8.28349 1.75488e+30 6.27
-7.30486 8.28978 1.75267e+30 6.28
-7.31655 8.29606 1.75047e+30 6.29
-7.32823 8.30233 1.74828e+30 6.3
-7.33991 8.30859 1.74609e+30 6.31
-7.35158 8.31485 1.7439e+30 6.32
-7.36325 8.32109 1.74172e+30 6.33
-7.37492 8.32733 1.73955e+30 6.34
-7.38658 8.33356 1.73739e+30 6.35
-7.39823 8.33978 1.73523e+30 6.36
-7.40988 8.34599 1.73307e+30 6.37
-7.42152 8.3522 1.73092e+30 6.38
-7.43316 8.35839 1.72878e+30 6.39
-7.4448 8.36458 1.72664e+30 6.4
-7.45643 8.37076 1.72451e+30 6.41
-7.46806 8.37693 1.72238e+30 6.42
-7.47968 8.38309 1.72026e+30 6.43
-7.49129 8.38925 1.71815e+30 6.44
-7.5029 8.39539 1.71603e+30 6.45
-7.51451 8.40153 1.71393e+30 6.46
-7.52611 8.40766 1.71182e+30 6.47
-7.53771 8.41378 1.70972e+30 6.48
-7.5493 8.4199 1.70763e+30 6.49
-7.56088 8.426 1.70554e+30 6.5
-7.57247 8.4321 1.70345e+30 6.51
-7.58404 8.43819 1.70137e+30 6.52
-7.59562 8.44427 1.6993e+30 6.53
-7.60718 8.45035 1.69724e+30 6.54
-7.61875 8.45641 1.69518e+30 6.55
-7.6303 8.46247 1.69313e+30 6.56
-7.64186 8.46852 1.69109e+30 6.57
-7.65341 8.47457 1.68906e+30 6.58
-7.66495 8.4806 1.68703e+30 6.59
-7.67649 8.48663 1.685e+30 6.6
-7.68802 8.49264 1.68299e+30 6.61
-7.69955 8.49866 1.68098e+30 6.62
-7.71108 8.50466 1.67897e+30 6.63
-7.7226 8.51065 1.67697e+30 6.64
-7.73411 8.51664 1.67497e+30 6.65
-7.74562 8.52262 1.67298e+30 6.66
-7.75713 8.52859 1.671e+30 6.67
-7.76863 8.53456 1.66902e+30 6.68
-7.78013 8.54052 1.66704e+30 6.69
-7.79162 8.54647 1.66507e+30 6.7
-7.80311 8.55241 1.66311e+30 6.71
-7.81459 8.55834 1.66115e+30 6.72
-7.82607 8.56427 1.65919e+30 6.73
-7.83754 8.57019 1.65725e+30 6.74
-7.84901 8.5761 1.6553e+30 6.75
-7.86048 8.582 1.65336e+30 6.76
-7.87194 8.5879 1.65143e+30 6.77
-7.88339 8.59379 1.6495e+30 6.78
-7.89484 8.59967 1.64757e+30 6.79
-7.90629 8.60554 1.64565e+30 6.8
-7.91773 8.61141 1.64374e+30 6.81
-7.92916 8.61727 1.64183e+30 6.82
-7.9406 8.62312 1.63992e+30 6.83
-7.95202 8.62897 1.63802e+30 6.84
-7.96345 8.63481 1.63613e+30 6.85
-7.97486 8.64064 1.63424e+30 6.86
-7.98628 8.64646 1.63235e+30 6.87
-7.99769 8.65227 1.63047e+30 6.88
-8.00909 8.65808 1.6286e+30 6.89
-8.02049 8.66388 1.62672e+30 6.9
-8.03189 8.66968 1.62486e+30 6.91
-8.04328 8.67546 1.623e+30 6.92
-8.05466 8.68124 1.62114e+30 6.93
-8.06605 8.68702 1.61929e+30 6.94
-8.07742 8.69278 1.61744e+30 6.95
-8.0888 8.69854 1.6156e+30 6.96
-8.10016 8.70429 1.61376e+30 6.97
-8.11153 8.71003 1.61192e+30 6.98
-8.12289 8.71577 1.6101e+30 6.99
-8.13424 8.7215 1.60827e+30 7
-8.14559 8.72722 1.60645e+30 7.01
-8.15694 8.73294 1.60463e+30 7.02
-8.16828 8.73865 1.60282e+30 7.03
-8.17961 8.74435 1.60101e+30 7.04
-8.19094 8.75004 1.59921e+30 7.05
-8.20227 8.75573 1.59741e+30 7.06
-8.21359 8.76141 1.59562e+30 7.07
-8.22491 8.76709 1.59383e+30 7.08
-8.23623 8.77275 1.59204e+30 7.09
-8.24754 8.77841 1.59026e+30 7.1
-8.25884 8.78407 1.58849e+30 7.11
-8.27014 8.78971 1.58672e+30 7.12
-8.28144 8.79535 1.58495e+30 7.13
-8.29273 8.80099 1.58318e+30 7.14
-8.30402 8.80661 1.58143e+30 7.15
-8.3153 8.81223 1.57967e+30 7.16
-8.32658 8.81784 1.57792e+30 7.17
-8.33785 8.82345 1.57617e+30 7.18
-8.34912 8.82905 1.57443e+30 7.19
-8.36039 8.83464 1.57269e+30 7.2
-8.37165 8.84023 1.57096e+30 7.21
-8.3829 8.84581 1.56922e+30 7.22
-8.39415 8.85138 1.5675e+30 7.23
-8.4054 8.85694 1.56577e+30 7.24
-8.41664 8.8625 1.56405e+30 7.25
-8.42788 8.86806 1.56233e+30 7.26
-8.43912 8.8736 1.56062e+30 7.27
-8.45035 8.87914 1.55891e+30 7.28
-8.46157 8.88467 1.5572e+30 7.29
-8.47279 8.8902 1.55549e+30 7.3
-8.48401 8.89572 1.55379e+30 7.31
-8.49522 8.90123 1.55209e+30 7.32
-8.50643 8.90674 1.5504e+30 7.33
-8.51763 8.91224 1.54872e+30 7.34
-8.52883 8.91773 1.54704e+30 7.35
-8.54003 8.92322 1.54536e+30 7.36
-8.55122 8.9287 1.5437e+30 7.37
-8.5624 8.93417 1.54203e+30 7.38
-8.57358 8.93964 1.54038e+30 7.39
-8.58476 8.9451 1.53872e+30 7.4
-8.59593 8.95056 1.53707e+30 7.41
-8.6071 8.95601 1.53543e+30 7.42
-8.61827 8.96145 1.53379e+30 7.43
-8.62943 8.96688 1.53215e+30 7.44
-8.64058 8.97231 1.53052e+30 7.45
-8.65174 8.97774 1.52889e+30 7.46
-8.66288 8.98315 1.52726e+30 7.47
-8.67403 8.98856 1.52564e+30 7.48
-8.68517 8.99397 1.52402e+30 7.49
-8.6963 8.99937 1.52241e+30 7.5
-8.70743 9.00476 1.5208e+30 7.51
-8.71856 9.01014 1.51919e+30 7.52
-8.72968 9.01552 1.51759e+30 7.53
-8.7408 9.0209 1.51599e+30 7.54
-8.75191 9.02626 1.51439e+30 7.55
-8.76302 9.03162 1.5128e+30 7.56
-8.77412 9.03698 1.51121e+30 7.57
-8.78522 9.04233 1.50963e+30 7.58
-8.79632 9.04767 1.50804e+30 7.59
-8.80741 9.05301 1.50647e+30 7.6
-8.8185 9.05834 1.50489e+30 7.61
-8.82958 9.06366 1.50332e+30 7.62
-8.84066 9.06898 1.50175e+30 7.63
-8.85174 9.07429 1.50019e+30 7.64
-8.86281 9.0796 1.49863e+30 7.65
-8.87388 9.0849 1.49707e+30 7.66
-8.88494 9.09019 1.49552e+30 7.67
-8.896 9.09548 1.49397e+30 7.68
-8.90705 9.10076 1.49243e+30 7.69
-8.9181 9.10604 1.49089e+30 7.7
-8.92915 9.11131 1.48935e+30 7.71
-8.94019 9.11657 1.48781e+30 7.72
-8.95123 9.12183 1.48628e+30 7.73
-8.96226 9.12708 1.48475e+30 7.74
-8.97329 9.13233 1.48323e+30 7.75
-8.98432 9.13757 1.48171e+30 7.76
-8.99534 9.1428 1.48019e+30 7.77
-9.00636 9.14803 1.47867e+30 7.78
-9.01737 9.15326 1.47716e+30 7.79
-9.02838 9.15847 1.47566e+30 7.8
-9.03938 9.16368 1.47415e+30 7.81
-9.05038 9.16889 1.47265e+30 7.82
-9.06138 9.17409 1.47115e+30 7.83
-9.07237 9.17928 1.46966e+30 7.84
-9.08336 9.18447 1.46817e+30 7.85
-9.09435 9.18965 1.46668e+30 7.86
-9.10533 9.19483 1.4652e+30 7.87
-9.1163 9.2 1.46372e+30 7.88
-9.12727 9.20517 1.46224e+30 7.89
-9.13824 9.21033 1.46076e+30 7.9
-9.1492 9.21548 1.45929e+30 7.91
-9.16016 9.22063 1.45782e+30 7.92
-9.17112 9.22577 1.45636e+30 7.93
-9.18207 9.23091 1.4549e+30 7.94
-9.19302 9.23604 1.45344e+30 7.95
-9.20396 9.24117 1.45198e+30 7.96
-9.2149 9.24629 1.45053e+30 7.97
-9.22584 9.2514 1.44908e+30 7.98
-9.23677 9.25651 1.44763e+30 7.99
-9.2477 9.26162 1.44618e+30 8
-9.25862 9.26671 1.44474e+30 8.01
-9.26954 9.27181 1.4433e+30 8.02
-9.28045 9.27689 1.44187e+30 8.03
-9.29136 9.28198 1.44043e+30 8.04
-9.30227 9.28705 1.439e+30 8.05
-9.31317 9.29212 1.43757e+30 8.06
-9.32407 9.29719 1.43614e+30 8.07
-9.33497 9.30225 1.43471e+30 8.08
-9.34586 9.3073 1.43329e+30 8.09
-9.35675 9.31235 1.43187e+30 8.1
-9.36763 9.31739 1.43045e+30 8.11
-9.37851 9.32243 1.42904e+30 8.12
-9.38938 9.32746 1.42763e+30 8.13
-9.40025 9.33249 1.42623e+30 8.14
-9.41112 9.33751 1.42483e+30 8.15
-9.42198 9.34252 1.42344e+30 8.16
-9.43284 9.34754 1.42205e+30 8.17
-9.4437 9.35254 1.42066e+30 8.18
-9.45455 9.35754 1.41928e+30 8.19
-9.4654 9.36253 1.4179e+30 8.2
-9.47624 9.36752 1.41653e+30 8.21
-9.48708 9.37251 1.41516e+30 8.22
-9.49791 9.37749 1.41379e+30 8.23
-9.50875 9.38246 1.41242e+30 8.24
-9.51957 9.38743 1.41106e+30 8.25
-9.5304 9.39239 1.4097e+30 8.26
-9.54122 9.39735 1.40834e+30 8.27
-9.55203 9.4023 1.40699e+30 8.28
-9.56285 9.40724 1.40564e+30 8.29
-9.57365 9.41219 1.40429e+30 8.3
-9.58446 9.41712 1.40294e+30 8.31
-9.59526 9.42205 1.4016e+30 8.32
-9.60606 9.42698 1.40026e+30 8.33
-9.61685 9.4319 1.39892e+30 8.34
-9.62764 9.43682 1.39758e+30 8.35
-9.63842 9.44173 1.39625e+30 8.36
-9.6492 9.44663 1.39492e+30 8.37
-9.65998 9.45153 1.39359e+30 8.38
-9.67075 9.45643 1.39227e+30 8.39
-9.68152 9.46132 1.39095e+30 8.4
-9.69229 9.4662 1.38963e+30 8.41
-9.70305 9.47108 1.38831e+30 8.42
-9.71381 9.47596 1.387e+30 8.43
-9.72456 9.48083 1.38569e+30 8.44
-9.73531 9.48569 1.38438e+30 8.45
-9.74606 9.49055 1.38308e+30 8.46
-9.7568 9.49541 1.38177e+30 8.47
-9.76754 9.50026 1.38047e+30 8.48
-9.77828 9.5051 1.37918e+30 8.49
-9.78901 9.50994 1.37788e+30 8.5
-9.79974 9.51477 1.37659e+30 8.51
-9.81046 9.5196 1.3753e+30 8.52
-9.82118 9.52443 1.37402e+30 8.53
-9.8319 9.52925 1.37273e+30 8.54
-9.84261 9.53406 1.37145e+30 8.55
-9.85332 9.53887 1.37017e+30 8.56
-9.86402 9.54368 1.3689e+30 8.57
-9.87472 9.54848 1.36762e+30 8.58
-9.88542 9.55327 1.36635e+30 8.59
-9.89611 9.55806 1.36508e+30 8.6
-9.9068 9.56285 1.36382e+30 8.61
-9.91749 9.56763 1.36255e+30 8.62
-9.92817 9.5724 1.36129e+30 8.63
-9.93885 9.57717 1.36004e+30 8.64
-9.94952 9.58194 1.35878e+30 8.65
-9.96019 9.5867 1.35753e+30 8.66
-9.97086 9.59146 1.35628e+30 8.67
-9.98152 9.59621 1.35503e+30 8.68
-9.99218 9.60096 1.35378e+30 8.69
-10.0028 9.6057 1.35254e+30 8.7
-10.0135 9.61043 1.3513e+30 8.71
-10.0241 9.61517 1.35006e+30 8.72
-10.0348 9.61989 1.34883e+30 8.73
-10.0454 9.62462 1.34759e+30 8.74
-10.0561 9.62933 1.34636e+30 8.75
-10.0667 9.63405 1.34513e+30 8.76
-10.0773 9.63876 1.34391e+30 8.77
-10.088 9.64346 1.34268e+30 8.78
-10.0986 9.64816 1.34146e+30 8.79
-10.1092 9.65285 1.34024e+30 8.8
-10.1198 9.65754 1.33902e+30 8.81
-10.1304 9.66223 1.33781e+30 8.82
-10.141 9.66691 1.33659e+30 8.83
-10.1516 9.67158 1.33538e+30 8.84
-10.1622 9.67625 1.33417e+30 8.85
-10.1728 9.68092 1.33296e+30 8.86
-10.1834 9.68558 1.33175e+30 8.87
-10.194 9.69024 1.33055e+30 8.88
-10.2046 9.69489 1.32934e+30 8.89
-10.2152 9.69954 1.32814e+30 8.9
-10.2258 9.70418 1.32694e+30 8.91
-10.2363 9.70882 1.32574e+30 8.92
-10.2469 9.71346 1.32455e+30 8.93
-10.2575 9.71808 1.32337e+30 8.94
-10.268 9.72271 1.32218e+30 8.95
-10.2786 9.72733 1.321e+30 8.96
-10.2892 9.73194 1.31983e+30 8.97
-10.2997 9.73656 1.31866e+30 8.98
-10.3103 9.74116 1.31749e+30 8.99
-10.3208 9.74576 1.31632e+30 9
-10.3313 9.75036 1.31515e+30 9.01
-10.3419 9.75495 1.31399e+30 9.02
-10.3524 9.75954 1.31283e+30 9.03
-10.3629 9.76413 1.31167e+30 9.04
-10.3735 9.76871 1.31051e+30 9.05
-10.384 9.77328 1.30936e+30 9.06
-10.3945 9.77785 1.30821e+30 9.07
-10.405 9.78242 1.30706e+30 9.08
-10.4155 9.78698 1.30591e+30 9.09
-10.4261 9.79154 1.30476e+30 9.1
-10.4366 9.79609 1.30362e+30 9.11
-10.4471 9.80064 1.30248e+30 9.12
-10.4576 9.80518 1.30134e+30 9.13
-10.4681 9.80972 1.3002e+30 9.14
-10.4786 9.81426 1.29907e+30 9.15
-10.489 9.81879 1.29794e+30 9.16
-10.4995 9.82331 1.29681e+30 9.17
-10.51 9.82783 1.29568e+30 9.18
-10.5205 9.83235 1.29455e+30 9.19
-10.531 9.83687 1.29343e+30 9.2
-10.5414 9.84137 1.2923e+30 9.21
-10.5519 9.84588 1.29118e+30 9.22
-10.5624 9.85038 1.29007e+30 9.23
-10.5728 9.85488 1.28895e+30 9.24
-10.5833 9.85937 1.28784e+30 9.25
-10.5937 9.86385 1.28672e+30 9.26
-10.6042 9.86834 1.28562e+30 9.27
-10.6146 9.87282 1.28451e+30 9.28
-10.6251 9.87729 1.2834e+30 9.29
-10.6355 9.88176 1.2823e+30 9.3
-10.646 9.88623 1.2812e+30 9.31
-10.6564 9.89069 1.2801e+30 9.32
-10.6668 9.89515 1.279e+30 9.33
-10.6772 9.8996 1.27791e+30 9.34
-10.6877 9.90405 1.27681e+30 9.35
-10.6981 9.9085 1.27572e+30 9.36
-10.7085 9.91294 1.27463e+30 9.37
-10.7189 9.91737 1.27355e+30 9.38
-10.7293 9.92181 1.27246e+30 9.39
-10.7397 9.92623 1.27138e+30 9.4
-10.7501 9.93066 1.2703e+30 9.41
-10.7605 9.93508 1.26922e+30 9.42
-10.7709 9.93949 1.26814e+30 9.43
-10.7813 9.9439 1.26707e+30 9.44
-10.7917 9.94831 1.26599e+30 9.45
-10.8021 9.95272 1.26492e+30 9.46
-10.8125 9.95711 1.26385e+30 9.47
-10.8228 9.96151 1.26279e+30 9.48
-10.8332 9.9659 1.26172e+30 9.49
-10.8436 9.97029 1.26066e+30 9.5
-10.8539 9.97467 1.2596e+30 9.51
-10.8643 9.97905 1.25854e+30 9.52
-10.8747 9.98342 1.25748e+30 9.53
-10.885 9.98779 1.25642e+30 9.54
-10.8954 9.99216 1.25537e+30 9.55
-10.9057 9.99652 1.25432e+30 9.56
-10.9161 10.0009 1.25327e+30 9.57
-10.9264 10.0052 1.25222e+30 9.58
-10.9368 10.0096 1.25117e+30 9.59
-10.9471 10.0139 1.25012e+30 9.6
-10.9574 10.0183 1.24908e+30 9.61
-10.9678 10.0226 1.24804e+30 9.62
-10.9781 10.0269 1.247e+30 9.63
-10.9884 10.0313 1.24596e+30 9.64
-10.9987 10.0356 1.24492e+30 9.65
-11.009 10.0399 1.24388e+30 9.66
-11.0194 10.0442 1.24284e+30 9.67
-11.0297 10.0486 1.24181e+30 9.68
-11.04 10.0529 1.24077e+30 9.69
-11.0503 10.0572 1.23974e+30 9.7
-11.0606 10.0615 1.23871e+30 9.71
-11.0709 10.0658 1.23768e+30 9.72
-11.0812 10.0701 1.23666e+30 9.73
-11.0915 10.0744 1.23564e+30 9.74
-11.1017 10.0786 1.23463e+30 9.75
-11.112 10.0829 1.23362e+30 9.76
-11.1223 10.0872 1.23261e+30 9.77
-11.1326 10.0915 1.2316e+30 9.78
-11.1428 10.0958 1.2306e+30 9.79
-11.1531 10.1 1.22959e+30 9.8
-11.1634 10.1043 1.22859e+30 9.81
-11.1736 10.1085 1.22759e+30 9.82
-11.1839 10.1128 1.2266e+30 9.83
-11.1942 10.1171 1.2256e+30 9.84
-11.2044 10.1213 1.22461e+30 9.85
-11.2147 10.1255 1.22362e+30 9.86
-11.2249 10.1298 1.22263e+30 9.87
-11.2352 10.134 1.22164e+30 9.88
-11.2454 10.1383 1.22065e+30 9.89
-11.2556 10.1425 1.21967e+30 9.9
-11.2659 10.1467 1.21868e+30 9.91
-11.2761 10.1509 1.2177e+30 9.92
-11.2863 10.1551 1.21672e+30 9.93
-11.2965 10.1594 1.21574e+30 9.94
-11.3068 10.1636 1.21476e+30 9.95
-11.317 10.1678 1.21379e+30 9.96
-11.3272 10.172 1.21281e+30 9.97
-11.3374 10.1762 1.21184e+30 9.98
-11.3476 10.1804 0 9.99
