0 0 6.91778e+28 0
-1.39304e-05 0.00263775 6.91807e+28 0.01
-4.17897e-05 0.00527543 6.91832e+28 0.02
-8.35748e-05 0.00791297 6.91854e+28 0.03
-0.000139282 0.0105503 6.9187e+28 0.04
-0.000208906 0.0131873 6.91882e+28 0.05
-0.00029244 0.0158239 6.9189e+28 0.06
-0.000389878 0.0184601 6.91894e+28 0.07
-0.000501212 0.0210957 6.91894e+28 0.08
-0.000626437 0.0237306 6.9189e+28 0.09
-0.000765543 0.0263649 6.91882e+28 0.1
-0.000918527 0.0289984 6.91869e+28 0.11
-0.00108538 0.0316309 6.91853e+28 0.12
-0.0012661 0.0342626 6.91831e+28 0.13
-0.00146067 0.0368932 6.91805e+28 0.14
-0.00166909 0.0395226 6.91774e+28 0.15
-0.00189135 0.0421509 6.91737e+28 0.16
-0.00212745 0.0447779 6.91696e+28 0.17
-0.00237738 0.0474035 6.91649e+28 0.18
-0.00264112 0.0500277 6.91597e+28 0.19
-0.00291867 0.0526503 6.9154e+28 0.2
-0.00321003 0.0552713 6.91478e+28 0.21
-0.00351518 0.0578906 6.91411e+28 0.22
-0.0038341 0.0605082 6.9134e+28 0.23
-0.0041668 0.0631238 6.91264e+28 0.24
-0.00451326 0.0657376 6.91184e+28 0.25
-0.00487347 0.0683493 6.91099e+28 0.26
-0.00524741 0.0709589 6.9101e+28 0.27
-0.00563508 0.0735663 6.90916e+28 0.28
-0.00603645 0.0761715 6.90818e+28 0.29
-0.00645151 0.0787743 6.90716e+28 0.3
-0.00688025 0.0813747 6.90609e+28 0.31
-0.00732265 0.0839726 6.90499e+28 0.32
-0.00777868 0.0865679 6.90386e+28 0.33
-0.00824833 0.0891605 6.90269e+28 0.34
-0.00873158 0.0917505 6.90149e+28 0.35
-0.00922842 0.0943376 6.90026e+28 0.36
-0.00973882 0.0969218 6.89901e+28 0.37
-0.0102628 0.0995031 6.89772e+28 0.38
-0.0108002 0.102081 6.89639e+28 0.39
-0.0113512 0.104656 6.89503e+28 0.4
-0.0119157 0.107228 6.89363e+28 0.41
-0.0124936 0.109797 6.89219e+28 0.42
-0.013085 0.112362 6.89072e+28 0.43
-0.0136898 0.114924 6.8892e+28 0.44
-0.014308 0.117482 6.88763e+28 0.45
-0.0149395 0.120037 6.88603e+28 0.46
-0.0155845 0.122588 6.88439e+28 0.47
-0.0162427 0.125136 6.88271e+28 0.48
-0.0169143 0.127679 6.88099e+28 0.49
-0.0175991 0.130219 6.87923e+28 0.5
-0.0182972 0.132755 6.87742e+28 0.51
-0.0190085 0.135286 6.87558e+28 0.52
-0.019733 0.137814 6.8737e+28 0.53
-0.0204706 0.140337 6.87178e+28 0.54
-0.0212214 0.142856 6.86982e+28 0.55
-0.0219853 0.145371 6.86782e+28 0.56
-0.0227623 0.147881 6.86578e+28 0.57
-0.0235523 0.150387 6.8637e+28 0.58
-0.0243554 0.152888 6.8616e+28 0.59
-0.0251714 0.155385 6.85946e+28 0.6
-0.0260003 0.157877 6.8573e+28 0.61
-0.0268422 0.160364 6.85511e+28 0.62
-0.027697 0.162846 6.85289e+28 0.63
-0.0285646 0.165323 6.85064e+28 0.64
-0.029445 0.167796 6.84835e+28 0.65
-0.0303382 0.170263 6.84602e+28 0.66
-0.0312442 0.172725 6.84365e+28 0.67
-0.0321629 0.175182 6.84123e+28 0.68
-0.0330943 0.177634 6.83877e+28 0.69
-0.0340383 0.18008 6.83625e+28 0.7
-0.0349949 0.182521 6.83369e+28 0.71
-0.0359641 0.184957 6.83108e+28 0.72
-0.0369458 0.187386 6.82843e+28 0.73
-0.03794 0.189811 6.82572e+28 0.74
-0.0389466 0.192229 6.82296e+28 0.75
-0.0399657 0.194642 6.82015e+28 0.76
-0.0409972 0.197048 6.8173e+28 0.77
-0.042041 0.199449 6.8144e+28 0.78
-0.0430971 0.201844 6.81146e+28 0.79
-0.0441655 0.204233 6.80848e+28 0.8
-0.0452461 0.206616 6.80546e+28 0.81
-0.0463388 0.208992 6.80241e+28 0.82
-0.0474438 0.211362 6.79932e+28 0.83
-0.0485608 0.213726 6.7962e+28 0.84
-0.0496899 0.216083 6.79307e+28 0.85
-0.0508311 0.218434 6.78991e+28 0.86
-0.0519842 0.220779 6.78674e+28 0.87
-0.0531492 0.223116 6.78356e+28 0.88
-0.0543262 0.225448 6.78036e+28 0.89
-0.0555151 0.227772 6.77715e+28 0.9
-0.0567157 0.23009 6.77393e+28 0.91
-0.0579282 0.2324 6.77068e+28 0.92
-0.0591524 0.234704 6.76741e+28 0.93
-0.0603883 0.237001 6.76412e+28 0.94
-0.0616358 0.239291 6.76081e+28 0.95
-0.062895 0.241574 6.75748e+28 0.96
-0.0641657 0.243849 6.75412e+28 0.97
-0.0654479 0.246118 6.75074e+28 0.98
-0.0667416 0.248379 6.74734e+28 0.99
-0.0680467 0.250632 6.74392e+28 1
-0.0693632 0.252879 6.74047e+28 1.01
-0.070691 0.255118 6.737e+28 1.02
-0.0720301 0.257349 6.73351e+28 1.03
-0.0733804 0.259573 6.73e+28 1.04
-0.0747419 0.261789 6.72646e+28 1.05
-0.0761145 0.263998 6.72289e+28 1.06
-0.0774981 0.266198 6.71931e+28 1.07
-0.0788928 0.268391 6.7157e+28 1.08
-0.0802985 0.270577 6.71206e+28 1.09
-0.081715 0.272754 6.7084e+28 1.1
-0.0831424 0.274923 6.70472e+28 1.11
-0.0845806 0.277084 6.70102e+28 1.12
-0.0860296 0.279238 6.6973e+28 1.13
-0.0874892 0.281383 6.69356e+28 1.14
-0.0889595 0.28352 6.6898e+28 1.15
-0.0904404 0.285648 6.68601e+28 1.16
-0.0919318 0.287769 6.68219e+28 1.17
-0.0934337 0.289881 6.67833e+28 1.18
-0.0949461 0.291985 6.67444e+28 1.19
-0.0964688 0.29408 6.6705e+28 1.2
-0.0980018 0.296167 6.66652e+28 1.21
-0.099545 0.298245 6.66249e+28 1.22
-0.101098 0.300315 6.65842e+28 1.23
-0.102662 0.302376 6.65431e+28 1.24
-0.104236 0.304428 6.65015e+28 1.25
-0.105819 0.306472 6.64595e+28 1.26
-0.107413 0.308506 6.6417e+28 1.27
-0.109017 0.310532 6.6374e+28 1.28
-0.11063 0.312549 6.63306e+28 1.29
-0.112253 0.314557 6.62867e+28 1.3
-0.113886 0.316556 6.62424e+28 1.31
-0.115529 0.318546 6.61976e+28 1.32
-0.117181 0.320527 6.61523e+28 1.33
-0.118842 0.322499 6.61067e+28 1.34
-0.120514 0.324461 6.60606e+28 1.35
-0.122194 0.326414 6.60142e+28 1.36
-0.123884 0.328358 6.59675e+28 1.37
-0.125584 0.330293 6.59205e+28 1.38
-0.127292 0.332218 6.58733e+28 1.39
-0.12901 0.334134 6.58258e+28 1.4
-0.130737 0.33604 6.57782e+28 1.41
-0.132473 0.337936 6.57304e+28 1.42
-0.134218 0.339823 6.56824e+28 1.43
-0.135972 0.341701 6.56342e+28 1.44
-0.137735 0.343569 6.55858e+28 1.45
-0.139507 0.345426 6.55373e+28 1.46
-0.141287 0.347275 6.54886e+28 1.47
-0.143077 0.349113 6.54397e+28 1.48
-0.144875 0.350942 6.53907e+28 1.49
-0.146682 0.35276 6.53417e+28 1.5
-0.148497 0.354569 6.52925e+28 1.51
-0.150321 0.356368 6.52434e+28 1.52
-0.152153 0.358156 6.51941e+28 1.53
-0.153994 0.359935 6.51448e+28 1.54
-0.155843 0.361703 6.50955e+28 1.55
-0.157701 0.363462 6.50462e+28 1.56
-0.159566 0.36521 6.49968e+28 1.57
-0.16144 0.366948 6.49473e+28 1.58
-0.163322 0.368676 6.48978e+28 1.59
-0.165212 0.370394 6.48483e+28 1.6
-0.16711 0.372101 6.47988e+28 1.61
-0.169016 0.373798 6.47492e+28 1.62
-0.170929 0.375485 6.46996e+28 1.63
-0.172851 0.377161 6.465e+28 1.64
-0.17478 0.378827 6.46004e+28 1.65
-0.176717 0.380483 6.45507e+28 1.66
-0.178661 0.382128 6.4501e+28 1.67
-0.180613 0.383762 6.44513e+28 1.68
-0.182573 0.385386 6.44014e+28 1.69
-0.18454 0.387 6.43514e+28 1.7
-0.186514 0.388603 6.43011e+28 1.71
-0.188496 0.390195 6.42507e+28 1.72
-0.190485 0.391776 6.42001e+28 1.73
-0.192481 0.393347 6.41493e+28 1.74
-0.194484 0.394907 6.40983e+28 1.75
-0.196494 0.396457 6.40472e+28 1.76
-0.198512 0.397995 6.39959e+28 1.77
-0.200536 0.399523 6.39445e+28 1.78
-0.202567 0.40104 6.38929e+28 1.79
-0.204604 0.402547 6.38411e+28 1.8
-0.206649 0.404042 6.37892e+28 1.81
-0.2087 0.405526 6.37371e+28 1.82
-0.210757 0.407 6.36848e+28 1.83
-0.212821 0.408462 6.36323e+28 1.84
-0.214892 0.409914 6.35797e+28 1.85
-0.216969 0.411355 6.35268e+28 1.86
-0.219052 0.412784 6.34738e+28 1.87
-0.221142 0.414203 6.34206e+28 1.88
-0.223238 0.415611 6.33671e+28 1.89
-0.225339 0.417007 6.33135e+28 1.9
-0.227447 0.418392 6.32597e+28 1.91
-0.229561 0.419767 6.32056e+28 1.92
-0.231681 0.42113 6.31514e+28 1.93
-0.233806 0.422482 6.30969e+28 1.94
-0.235938 0.423822 6.30422e+28 1.95
-0.238075 0.425152 6.29871e+28 1.96
-0.240218 0.42647 6.29318e+28 1.97
-0.242366 0.427777 6.28762e+28 1.98
-0.24452 0.429073 6.28204e+28 1.99
-0.24668 0.430357 6.27643e+28 2
-0.248844 0.43163 6.27081e+28 2.01
-0.251014 0.432892 6.26518e+28 2.02
-0.25319 0.434142 6.25953e+28 2.03
-0.25537 0.435381 6.25388e+28 2.04
-0.257556 0.436609 6.24823e+28 2.05
-0.259747 0.437825 6.24257e+28 2.06
-0.261943 0.43903 6.23691e+28 2.07
-0.264144 0.440223 6.23125e+28 2.08
-0.266349 0.441405 6.22559e+28 2.09
-0.26856 0.442575 6.21993e+28 2.1
-0.270775 0.443734 6.21427e+28 2.11
-0.272995 0.444881 6.20861e+28 2.12
-0.275219 0.446017 6.20294e+28 2.13
-0.277449 0.447141 6.19728e+28 2.14
-0.279682 0.448254 6.19162e+28 2.15
-0.28192 0.449355 6.18596e+28 2.16
-0.284163 0.450444 6.18029e+28 2.17
-0.28641 0.451522 6.17463e+28 2.18
-0.288661 0.452588 6.16896e+28 2.19
-0.290916 0.453643 6.16329e+28 2.2
-0.293175 0.454686 6.15761e+28 2.21
-0.295439 0.455718 6.15193e+28 2.22
-0.297706 0.456738 6.14623e+28 2.23
-0.299978 0.457746 6.14052e+28 2.24
-0.302253 0.458742 6.1348e+28 2.25
-0.304532 0.459727 6.12907e+28 2.26
-0.306815 0.460701 6.12334e+28 2.27
-0.309102 0.461662 6.1176e+28 2.28
-0.311392 0.462612 6.11187e+28 2.29
-0.313686 0.46355 6.10614e+28 2.3
-0.315983 0.464476 6.10041e+28 2.31
-0.318283 0.465391 6.09468e+28 2.32
-0.320587 0.466294 6.08896e+28 2.33
-0.322895 0.467185 6.08323e+28 2.34
-0.325205 0.468065 6.07751e+28 2.35
-0.327519 0.468933 6.07179e+28 2.36
-0.329836 0.469789 6.06607e+28 2.37
-0.332156 0.470633 6.06035e+28 2.38
-0.334479 0.471466 6.05463e+28 2.39
-0.336805 0.472287 6.04891e+28 2.4
-0.339134 0.473096 6.04319e+28 2.41
-0.341465 0.473894 6.03746e+28 2.42
-0.3438 0.474679 6.03173e+28 2.43
-0.346137 0.475453 6.026e+28 2.44
-0.348476 0.476215 6.02026e+28 2.45
-0.350819 0.476966 6.01451e+28 2.46
-0.353163 0.477704 6.00876e+28 2.47
-0.35551 0.478431 6.00298e+28 2.48
-0.35786 0.479146 5.9972e+28 2.49
-0.360212 0.47985 5.99139e+28 2.5
-0.362566 0.480541 5.98557e+28 2.51
-0.364922 0.481221 5.97974e+28 2.52
-0.367281 0.481889 5.9739e+28 2.53
-0.369641 0.482546 5.96806e+28 2.54
-0.372003 0.48319 5.96222e+28 2.55
-0.374368 0.483823 5.95638e+28 2.56
-0.376734 0.484444 5.95054e+28 2.57
-0.379102 0.485053 5.94471e+28 2.58
-0.381472 0.485651 5.93889e+28 2.59
-0.383843 0.486237 5.93307e+28 2.6
-0.386217 0.486811 5.92727e+28 2.61
-0.388591 0.487373 5.92148e+28 2.62
-0.390968 0.487923 5.9157e+28 2.63
-0.393345 0.488462 5.90994e+28 2.64
-0.395725 0.488989 5.90419e+28 2.65
-0.398105 0.489504 5.89846e+28 2.66
-0.400487 0.490008 5.89275e+28 2.67
-0.40287 0.4905 5.88705e+28 2.68
-0.405254 0.49098 5.88137e+28 2.69
-0.40764 0.491448 5.87571e+28 2.7
-0.410026 0.491905 5.87006e+28 2.71
-0.412414 0.49235 5.86442e+28 2.72
-0.414802 0.492783 5.85879e+28 2.73
-0.417192 0.493204 5.85316e+28 2.74
-0.419582 0.493614 5.84754e+28 2.75
-0.421973 0.494012 5.84192e+28 2.76
-0.424365 0.494399 5.83631e+28 2.77
-0.426757 0.494774 5.83069e+28 2.78
-0.42915 0.495137 5.82509e+28 2.79
-0.431544 0.495489 5.81949e+28 2.8
-0.433938 0.495829 5.8139e+28 2.81
-0.436332 0.496157 5.80832e+28 2.82
-0.438727 0.496474 5.80276e+28 2.83
-0.441123 0.496779 5.79719e+28 2.84
-0.443518 0.497073 5.79164e+28 2.85
-0.445914 0.497355 5.78608e+28 2.86
-0.44831 0.497625 5.78053e+28 2.87
-0.450706 0.497884 5.77498e+28 2.88
-0.453102 0.498132 5.76943e+28 2.89
-0.455498 0.498368 5.76387e+28 2.9
-0.457894 0.498592 5.75832e+28 2.91
-0.46029 0.498805 5.75276e+28 2.92
-0.462686 0.499007 5.74719e+28 2.93
-0.465082 0.499197 5.74162e+28 2.94
-0.467477 0.499376 5.73604e+28 2.95
-0.469872 0.499543 5.73046e+28 2.96
-0.472266 0.499699 5.72486e+28 2.97
-0.47466 0.499843 5.71926e+28 2.98
-0.477054 0.499976 5.71364e+28 2.99
-0.479447 0.500098 5.70802e+28 3
-0.481839 0.500208 5.70238e+28 3.01
-0.48423 0.500307 5.69672e+28 3.02
-0.486621 0.500395 5.69106e+28 3.03
-0.489011 0.500471 5.68539e+28 3.04
-0.491401 0.500536 5.67971e+28 3.05
-0.493789 0.50059 5.67403e+28 3.06
-0.496176 0.500632 5.66835e+28 3.07
-0.498562 0.500663 5.66268e+28 3.08
-0.500948 0.500683 5.65702e+28 3.09
-0.503332 0.500692 5.65136e+28 3.1
-0.505715 0.500689 5.6457e+28 3.11
-0.508096 0.500675 5.64005e+28 3.12
-0.510477 0.50065 5.6344e+28 3.13
-0.512856 0.500614 5.62876e+28 3.14
-0.515233 0.500567 5.62313e+28 3.15
-0.51761 0.500508 5.61751e+28 3.16
-0.519984 0.500439 5.6119e+28 3.17
-0.522357 0.500358 5.60631e+28 3.18
-0.524729 0.500266 5.60073e+28 3.19
-0.527099 0.500163 5.59517e+28 3.2
-0.529467 0.500049 5.58963e+28 3.21
-0.531834 0.499924 5.58411e+28 3.22
-0.534199 0.499788 5.57861e+28 3.23
-0.536562 0.49964 5.57314e+28 3.24
-0.538923 0.499482 5.56769e+28 3.25
-0.541282 0.499313 5.56226e+28 3.26
-0.543639 0.499133 5.55686e+28 3.27
-0.545994 0.498941 5.55148e+28 3.28
-0.548347 0.498739 5.54612e+28 3.29
-0.550698 0.498526 5.54079e+28 3.3
-0.553047 0.498302 5.53549e+28 3.31
-0.555394 0.498067 5.53022e+28 3.32
-0.557738 0.497822 5.52498e+28 3.33
-0.560081 0.497565 5.51977e+28 3.34
-0.56242 0.497298 5.51459e+28 3.35
-0.564758 0.497019 5.50943e+28 3.36
-0.567093 0.49673 5.5043e+28 3.37
-0.569426 0.496431 5.49918e+28 3.38
-0.571756 0.49612 5.49408e+28 3.39
-0.574083 0.495799 5.489e+28 3.4
-0.576408 0.495468 5.48393e+28 3.41
-0.57873 0.495125 5.47887e+28 3.42
-0.58105 0.494772 5.47381e+28 3.43
-0.583367 0.494408 5.46877e+28 3.44
-0.585681 0.494034 5.46374e+28 3.45
-0.587992 0.49365 5.45871e+28 3.46
-0.590301 0.493254 5.45369e+28 3.47
-0.592606 0.492848 5.44868e+28 3.48
-0.594909 0.492432 5.44367e+28 3.49
-0.597208 0.492005 5.43867e+28 3.5
-0.599505 0.491568 5.43366e+28 3.51
-0.601798 0.491121 5.42866e+28 3.52
-0.604089 0.490663 5.42367e+28 3.53
-0.606376 0.490195 5.41867e+28 3.54
-0.608659 0.489716 5.41368e+28 3.55
-0.61094 0.489227 5.40869e+28 3.56
-0.613217 0.488728 5.40371e+28 3.57
-0.615491 0.488219 5.39874e+28 3.58
-0.617761 0.487699 5.39377e+28 3.59
-0.620028 0.487169 5.38882e+28 3.6
-0.622292 0.486629 5.38388e+28 3.61
-0.624552 0.486079 5.37895e+28 3.62
-0.626808 0.485519 5.37402e+28 3.63
-0.629061 0.484949 5.3691e+28 3.64
-0.63131 0.484368 5.36417e+28 3.65
-0.633555 0.483778 5.35924e+28 3.66
-0.635797 0.483178 5.35432e+28 3.67
-0.638035 0.482567 5.34939e+28 3.68
-0.640269 0.481947 5.34446e+28 3.69
-0.642499 0.481317 5.33952e+28 3.7
-0.644725 0.480676 5.33459e+28 3.71
-0.646947 0.480026 5.32966e+28 3.72
-0.649165 0.479366 5.32473e+28 3.73
-0.651379 0.478697 5.3198e+28 3.74
-0.653589 0.478017 5.31488e+28 3.75
-0.655795 0.477328 5.30996e+28 3.76
-0.657996 0.476629 5.30505e+28 3.77
-0.660193 0.47592 5.30015e+28 3.78
-0.662387 0.475201 5.29526e+28 3.79
-0.664575 0.474473 5.29038e+28 3.8
-0.66676 0.473735 5.28552e+28 3.81
-0.66894 0.472988 5.28068e+28 3.82
-0.671115 0.472231 5.27586e+28 3.83
-0.673286 0.471464 5.27107e+28 3.84
-0.675453 0.470688 5.26631e+28 3.85
-0.677615 0.469902 5.26158e+28 3.86
-0.679772 0.469107 5.25689e+28 3.87
-0.681925 0.468302 5.25222e+28 3.88
-0.684073 0.467488 5.24757e+28 3.89
-0.686217 0.466664 5.24295e+28 3.9
-0.688356 0.465831 5.23835e+28 3.91
-0.69049 0.464989 5.23376e+28 3.92
-0.692619 0.464137 5.2292e+28 3.93
-0.694744 0.463276 5.22465e+28 3.94
-0.696863 0.462406 5.22011e+28 3.95
-0.698978 0.461526 5.2156e+28 3.96
-0.701088 0.460638 5.21109e+28 3.97
-0.703193 0.45974 5.20661e+28 3.98
-0.705292 0.458832 5.20214e+28 3.99
-0.707387 0.457916 5.19769e+28 4
-0.709477 0.456991 5.19325e+28 4.01
-0.711562 0.456056 5.18883e+28 4.02
-0.713641 0.455113 5.18443e+28 4.03
-0.715715 0.45416 5.18004e+28 4.04
-0.717784 0.453199 5.17567e+28 4.05
-0.719848 0.452229 5.17132e+28 4.06
-0.721907 0.451249 5.16698e+28 4.07
-0.72396 0.450261 5.16266e+28 4.08
-0.726008 0.449264 5.15836e+28 4.09
-0.728051 0.448258 5.15408e+28 4.1
-0.730088 0.447244 5.14983e+28 4.11
-0.732119 0.44622 5.14559e+28 4.12
-0.734146 0.445188 5.14138e+28 4.13
-0.736166 0.444147 5.13719e+28 4.14
-0.738182 0.443098 5.13301e+28 4.15
-0.740191 0.442039 5.12884e+28 4.16
-0.742195 0.440973 5.12468e+28 4.17
-0.744194 0.439897 5.12052e+28 4.18
-0.746186 0.438813 5.11637e+28 4.19
-0.748173 0.437721 5.11223e+28 4.2
-0.750155 0.43662 5.1081e+28 4.21
-0.75213 0.435511 5.10397e+28 4.22
-0.7541 0.434393 5.09986e+28 4.23
-0.756064 0.433267 5.09575e+28 4.24
-0.758022 0.432132 5.09165e+28 4.25
-0.759974 0.430989 5.08755e+28 4.26
-0.76192 0.429838 5.08347e+28 4.27
-0.76386 0.428679 5.0794e+28 4.28
-0.765795 0.427511 5.07534e+28 4.29
-0.767723 0.426335 5.07129e+28 4.3
-0.769645 0.425151 5.06726e+28 4.31
-0.771561 0.423959 5.06323e+28 4.32
-0.773471 0.422759 5.05923e+28 4.33
-0.775375 0.421551 5.05524e+28 4.34
-0.777272 0.420335 5.05128e+28 4.35
-0.779164 0.41911 5.04733e+28 4.36
-0.781049 0.417878 5.04341e+28 4.37
-0.782928 0.416638 5.03952e+28 4.38
-0.784801 0.41539 5.03566e+28 4.39
-0.786667 0.414134 5.03183e+28 4.4
-0.788527 0.41287 5.02801e+28 4.41
-0.790381 0.411598 5.02423e+28 4.42
-0.792228 0.410319 5.02046e+28 4.43
-0.794069 0.409031 5.01671e+28 4.44
-0.795903 0.407736 5.01299e+28 4.45
-0.797731 0.406434 5.00929e+28 4.46
-0.799552 0.405123 5.00561e+28 4.47
-0.801367 0.403805 5.00195e+28 4.48
-0.803175 0.40248 4.99832e+28 4.49
-0.804977 0.401146 4.9947e+28 4.5
-0.806772 0.399806 4.99111e+28 4.51
-0.80856 0.398457 4.98754e+28 4.52
-0.810342 0.397102 4.98399e+28 4.53
-0.812117 0.395738 4.98045e+28 4.54
-0.813886 0.394368 4.97693e+28 4.55
-0.815647 0.39299 4.97343e+28 4.56
-0.817402 0.391605 4.96994e+28 4.57
-0.81915 0.390212 4.96647e+28 4.58
-0.820892 0.388813 4.963e+28 4.59
-0.822626 0.387406 4.95955e+28 4.6
-0.824354 0.385992 4.95611e+28 4.61
-0.826075 0.38457 4.95269e+28 4.62
-0.827789 0.383142 4.94927e+28 4.63
-0.829496 0.381706 4.94587e+28 4.64
-0.831196 0.380264 4.94248e+28 4.65
-0.832889 0.378814 4.9391e+28 4.66
-0.834575 0.377358 4.93572e+28 4.67
-0.836254 0.375894 4.93234e+28 4.68
-0.837926 0.374424 4.92897e+28 4.69
-0.83959 0.372947 4.92559e+28 4.7
-0.841248 0.371463 4.92221e+28 4.71
-0.842899 0.369972 4.91883e+28 4.72
-0.844542 0.368474 4.91546e+28 4.73
-0.846179 0.36697 4.91209e+28 4.74
-0.847808 0.365459 4.90872e+28 4.75
-0.849429 0.363941 4.90537e+28 4.76
-0.851044 0.362417 4.90203e+28 4.77
-0.852651 0.360886 4.8987e+28 4.78
-0.854251 0.359349 4.89537e+28 4.79
-0.855844 0.357805 4.89207e+28 4.8
-0.857429 0.356254 4.88878e+28 4.81
-0.859007 0.354697 4.8855e+28 4.82
-0.860577 0.353134 4.88224e+28 4.83
-0.86214 0.351564 4.87899e+28 4.84
-0.863696 0.349988 4.87577e+28 4.85
-0.865244 0.348406 4.87257e+28 4.86
-0.866785 0.346817 4.86938e+28 4.87
-0.868318 0.345222 4.86623e+28 4.88
-0.869843 0.343621 4.86309e+28 4.89
-0.871361 0.342014 4.85998e+28 4.9
-0.872872 0.3404 4.8569e+28 4.91
-0.874374 0.33878 4.85383e+28 4.92
-0.87587 0.337154 4.8508e+28 4.93
-0.877357 0.335523 4.84778e+28 4.94
-0.878837 0.333885 4.84478e+28 4.95
-0.880309 0.332241 4.8418e+28 4.96
-0.881774 0.330591 4.83884e+28 4.97
-0.88323 0.328935 4.83591e+28 4.98
-0.884679 0.327273 4.833e+28 4.99
-0.88612 0.325606 4.83013e+28 5
-0.887554 0.323932 4.82729e+28 5.01
-0.888979 0.322253 4.82449e+28 5.02
-0.890397 0.320568 4.82172e+28 5.03
-0.891807 0.318877 4.81899e+28 5.04
-0.893209 0.317181 4.81629e+28 5.05
-0.894603 0.315478 4.81363e+28 5.06
-0.89599 0.313771 4.811e+28 5.07
-0.897368 0.312057 4.8084e+28 5.08
-0.898739 0.310338 4.80584e+28 5.09
-0.900101 0.308613 4.8033e+28 5.1
-0.901456 0.306883 4.80079e+28 5.11
-0.902803 0.305148 4.79831e+28 5.12
-0.904142 0.303407 4.79585e+28 5.13
-0.905472 0.30166 4.79341e+28 5.14
-0.906795 0.299909 4.79099e+28 5.15
-0.90811 0.298152 4.78859e+28 5.16
-0.909417 0.296389 4.78621e+28 5.17
-0.910716 0.294621 4.78383e+28 5.18
-0.912006 0.292849 4.78147e+28 5.19
-0.913289 0.291071 4.77911e+28 5.2
-0.914564 0.289287 4.77675e+28 5.21
-0.91583 0.287499 4.77439e+28 5.22
-0.917088 0.285706 4.77204e+28 5.23
-0.918338 0.283907 4.76969e+28 5.24
-0.91958 0.282104 4.76735e+28 5.25
-0.920814 0.280296 4.76501e+28 5.26
-0.92204 0.278482 4.76268e+28 5.27
-0.923257 0.276664 4.76037e+28 5.28
-0.924467 0.274841 4.75806e+28 5.29
-0.925668 0.273013 4.75577e+28 5.3
-0.92686 0.271181 4.75349e+28 5.31
-0.928045 0.269344 4.75121e+28 5.32
-0.929221 0.267502 4.74895e+28 5.33
-0.930389 0.265655 4.7467e+28 5.34
-0.931549 0.263804 4.74446e+28 5.35
-0.9327 0.261948 4.74223e+28 5.36
-0.933843 0.260088 4.74e+28 5.37
-0.934978 0.258223 4.73779e+28 5.38
-0.936104 0.256354 4.73559e+28 5.39
-0.937222 0.25448 4.7334e+28 5.4
-0.938331 0.252602 4.73121e+28 5.41
-0.939432 0.250719 4.72904e+28 5.42
-0.940525 0.248832 4.72688e+28 5.43
-0.941609 0.246941 4.72472e+28 5.44
-0.942685 0.245046 4.72257e+28 5.45
-0.943752 0.243146 4.72042e+28 5.46
-0.944811 0.241242 4.71828e+28 5.47
-0.945861 0.239334 4.71614e+28 5.48
-0.946903 0.237422 4.71401e+28 5.49
-0.947936 0.235506 4.71189e+28 5.5
-0.94896 0.233586 4.70978e+28 5.51
-0.949976 0.231662 4.70769e+28 5.52
-0.950984 0.229733 4.70562e+28 5.53
-0.951983 0.227801 4.70357e+28 5.54
-0.952973 0.225865 4.70154e+28 5.55
-0.953954 0.223925 4.69954e+28 5.56
-0.954927 0.221982 4.69757e+28 5.57
-0.955892 0.220034 4.69563e+28 5.58
-0.956847 0.218083 4.69371e+28 5.59
-0.957794 0.216128 4.69182e+28 5.6
-0.958732 0.214169 4.68996e+28 5.61
-0.959662 0.212207 4.68813e+28 5.62
-0.960583 0.210241 4.68634e+28 5.63
-0.961495 0.208271 4.68457e+28 5.64
-0.962398 0.206298 4.68284e+28 5.65
-0.963293 0.204321 4.68114e+28 5.66
-0.964179 0.20234 4.67947e+28 5.67
-0.965056 0.200357 4.67783e+28 5.68
-0.965924 0.198369 4.67621e+28 5.69
-0.966783 0.196379 4.67463e+28 5.7
-0.967634 0.194385 4.67306e+28 5.71
-0.968476 0.192387 4.67152e+28 5.72
-0.969309 0.190387 4.66999e+28 5.73
-0.970133 0.188383 4.66848e+28 5.74
-0.970949 0.186375 4.66698e+28 5.75
-0.971756 0.184365 4.66551e+28 5.76
-0.972553 0.182351 4.66405e+28 5.77
-0.973342 0.180335 4.66262e+28 5.78
-0.974122 0.178315 4.6612e+28 5.79
-0.974894 0.176292 4.65982e+28 5.8
-0.975656 0.174266 4.65845e+28 5.81
-0.97641 0.172238 4.65711e+28 5.82
-0.977154 0.170206 4.65578e+28 5.83
-0.97789 0.168171 4.65447e+28 5.84
-0.978617 0.166133 4.65318e+28 5.85
-0.979335 0.164093 4.6519e+28 5.86
-0.980044 0.16205 4.65064e+28 5.87
-0.980744 0.160004 4.6494e+28 5.88
-0.981435 0.157955 4.64816e+28 5.89
-0.982117 0.155904 4.64694e+28 5.9
-0.982791 0.15385 4.64574e+28 5.91
-0.983455 0.151793 4.64454e+28 5.92
-0.98411 0.149734 4.64336e+28 5.93
-0.984757 0.147672 4.64218e+28 5.94
-0.985394 0.145608 4.64102e+28 5.95
-0.986023 0.143541 4.63987e+28 5.96
-0.986642 0.141472 4.63872e+28 5.97
-0.987253 0.1394 4.63758e+28 5.98
-0.987854 0.137326 4.63645e+28 5.99
-0.988447 0.13525 4.63533e+28 6
-0.98903 0.133171 4.63421e+28 6.01
-0.989605 0.13109 4.63311e+28 6.02
-0.99017 0.129007 4.63202e+28 6.03
-0.990726 0.126922 4.63094e+28 6.04
-0.991274 0.124835 4.62989e+28 6.05
-0.991812 0.122745 4.62886e+28 6.06
-0.992341 0.120654 4.62785e+28 6.07
-0.992861 0.11856 4.62686e+28 6.08
-0.993372 0.116465 4.62589e+28 6.09
-0.993874 0.114367 4.62494e+28 6.1
-0.994367 0.112268 4.62401e+28 6.11
-0.994851 0.110166 4.6231e+28 6.12
-0.995326 0.108063 4.6222e+28 6.13
-0.995791 0.105958 4.62133e+28 6.14
-0.996248 0.103851 4.62048e+28 6.15
-0.996695 0.101743 4.61964e+28 6.16
-0.997133 0.0996325 4.61883e+28 6.17
-0.997563 0.0975206 4.61804e+28 6.18
-0.997982 0.0954069 4.61727e+28 6.19
-0.998393 0.0932916 4.61653e+28 6.2
-0.998795 0.0911748 4.61581e+28 6.21
-0.999187 0.0890564 4.61511e+28 6.22
-0.999571 0.0869365 4.61444e+28 6.23
-0.999945 0.0848151 4.61378e+28 6.24
-1.00031 0.0826922 4.61315e+28 6.25
-1.00067 0.080568 4.61254e+28 6.26
-1.00101 0.0784423 4.61195e+28 6.27
-1.00135 0.0763154 4.61138e+28 6.28
-1.00168 0.0741871 4.61083e+28 6.29
-1.002 0.0720575 4.61031e+28 6.3
-1.00231 0.0699268 4.60981e+28 6.31
-1.00261 0.0677948 4.60933e+28 6.32
-1.0029 0.0656616 4.60887e+28 6.33
-1.00318 0.0635274 4.60843e+28 6.34
-1.00346 0.061392 4.608e+28 6.35
-1.00372 0.0592556 4.60758e+28 6.36
-1.00398 0.0571181 4.60717e+28 6.37
-1.00422 0.0549797 4.60676e+28 6.38
-1.00446 0.0528404 4.60636e+28 6.39
-1.00469 0.0507001 4.60597e+28 6.4
-1.0049 0.048559 4.60558e+28 6.41
-1.00511 0.046417 4.60519e+28 6.42
-1.00531 0.0442743 4.60481e+28 6.43
-1.0055 0.0421308 4.60444e+28 6.44
-1.00569 0.0399865 4.60407e+28 6.45
-1.00586 0.0378417 4.60371e+28 6.46
-1.00602 0.0356961 4.60335e+28 6.47
-1.00617 0.03355 4.603e+28 6.48
-1.00632 0.0314033 4.60266e+28 6.49
-1.00645 0.0292561 4.60233e+28 6.5
-1.00658 0.0271085 4.60201e+28 6.51
-1.0067 0.0249603 4.6017e+28 6.52
-1.00681 0.0228118 4.60141e+28 6.53
-1.0069 0.0206628 4.60113e+28 6.54
-1.00699 0.0185136 4.60088e+28 6.55
-1.00707 0.016364 4.60064e+28 6.56
-1.00714 0.0142141 4.60043e+28 6.57
-1.00721 0.012064 4.60026e+28 6.58
-1.00726 0.0099137 4.6001e+28 6.59
-1.0073 0.00776321 4.59998e+28 6.6
-1.00734 0.00561258 4.59988e+28 6.61
-1.00736 0.00346184 4.5998e+28 6.62
-1.00738 0.00131103 4.59974e+28 6.63
-1.00738 -0.000839816 4.59971e+28 6.64
-1.00738 -0.00299067 4.59969e+28 6.65
-1.00737 -0.00514149 4.5997e+28 6.66
-1.00735 -0.00729225 4.59973e+28 6.67
-1.00731 -0.0094429 4.59978e+28 6.68
-1.00727 -0.0115934 4.59986e+28 6.69
-1.00723 -0.0137438 4.59996e+28 6.7
-1.00717 -0.0158939 4.60008e+28 6.71
-1.0071 -0.0180438 4.60022e+28 6.72
-1.00702 -0.0201935 4.6004e+28 6.73
-1.00694 -0.0223428 4.60059e+28 6.74
-1.00684 -0.0244918 4.60081e+28 6.75
-1.00674 -0.0266404 4.60106e+28 6.76
-1.00662 -0.0287886 4.60133e+28 6.77
-1.0065 -0.0309364 4.60163e+28 6.78
-1.00637 -0.0330837 4.60196e+28 6.79
-1.00622 -0.0352305 4.60232e+28 6.8
-1.00607 -0.0373768 4.60271e+28 6.81
-1.00591 -0.0395225 4.60314e+28 6.82
-1.00574 -0.0416675 4.60359e+28 6.83
-1.00556 -0.043812 4.60409e+28 6.84
-1.00538 -0.0459558 4.60461e+28 6.85
-1.00518 -0.0480989 4.60516e+28 6.86
-1.00497 -0.0502412 4.60574e+28 6.87
-1.00476 -0.0523828 4.60633e+28 6.88
-1.00453 -0.0545236 4.60694e+28 6.89
-1.0043 -0.0566636 4.60756e+28 6.9
-1.00406 -0.0588027 4.60819e+28 6.91
-1.0038 -0.0609408 4.60882e+28 6.92
-1.00354 -0.0630781 4.60947e+28 6.93
-1.00327 -0.0652143 4.61012e+28 6.94
-1.00299 -0.0673495 4.61077e+28 6.95
-1.0027 -0.0694836 4.61143e+28 6.96
-1.00241 -0.0716167 4.61209e+28 6.97
-1.0021 -0.0737486 4.61276e+28 6.98
-1.00178 -0.0758793 4.61342e+28 6.99
-1.00146 -0.0780088 4.61409e+28 7
-1.00112 -0.080137 4.61477e+28 7.01
-1.00078 -0.082264 4.61544e+28 7.02
-1.00043 -0.0843896 4.61612e+28 7.03
-1.00006 -0.0865139 4.61681e+28 7.04
-0.999694 -0.0886367 4.6175e+28 7.05
-0.999314 -0.0907581 4.6182e+28 7.06
-0.998924 -0.0928781 4.61891e+28 7.07
-0.998526 -0.0949965 4.61963e+28 7.08
-0.998119 -0.0971133 4.62036e+28 7.09
-0.997703 -0.0992286 4.62112e+28 7.1
-0.997277 -0.101342 4.62188e+28 7.11
-0.996843 -0.103454 4.62266e+28 7.12
-0.996399 -0.105565 4.62345e+28 7.13
-0.995946 -0.107673 4.62424e+28 7.14
-0.995485 -0.10978 4.62504e+28 7.15
-0.995014 -0.111885 4.62585e+28 7.16
-0.994534 -0.113988 4.62666e+28 7.17
-0.994045 -0.116089 4.62748e+28 7.18
-0.993547 -0.118188 4.62831e+28 7.19
-0.99304 -0.120286 4.62916e+28 7.2
-0.992524 -0.122381 4.63001e+28 7.21
-0.991999 -0.124474 4.63088e+28 7.22
-0.991465 -0.126566 4.63176e+28 7.23
-0.990922 -0.128655 4.63266e+28 7.24
-0.99037 -0.130742 4.63358e+28 7.25
-0.989809 -0.132826 4.63451e+28 7.26
-0.989238 -0.134909 4.63546e+28 7.27
-0.988659 -0.136989 4.63643e+28 7.28
-0.988071 -0.139067 4.63743e+28 7.29
-0.987474 -0.141143 4.63845e+28 7.3
-0.986868 -0.143216 4.63949e+28 7.31
-0.986253 -0.145287 4.64056e+28 7.32
-0.985629 -0.147356 4.64166e+28 7.33
-0.984996 -0.149422 4.64279e+28 7.34
-0.984354 -0.151486 4.64395e+28 7.35
-0.983703 -0.153547 4.64515e+28 7.36
-0.983043 -0.155605 4.64638e+28 7.37
-0.982374 -0.157661 4.64765e+28 7.38
-0.981696 -0.159715 4.64894e+28 7.39
-0.981009 -0.161765 4.65026e+28 7.4
-0.980313 -0.163813 4.6516e+28 7.41
-0.979609 -0.165859 4.65297e+28 7.42
-0.978895 -0.167901 4.65437e+28 7.43
-0.978173 -0.169941 4.65579e+28 7.44
-0.977441 -0.171978 4.65724e+28 7.45
-0.976701 -0.174012 4.65872e+28 7.46
-0.975952 -0.176043 4.66023e+28 7.47
-0.975194 -0.178071 4.66176e+28 7.48
-0.974427 -0.180097 4.66332e+28 7.49
-0.973651 -0.182119 4.66489e+28 7.5
-0.972866 -0.184138 4.6665e+28 7.51
-0.972073 -0.186155 4.66812e+28 7.52
-0.971271 -0.188168 4.66976e+28 7.53
-0.97046 -0.190178 4.67141e+28 7.54
-0.96964 -0.192185 4.67308e+28 7.55
-0.968812 -0.194189 4.67477e+28 7.56
-0.967974 -0.19619 4.67646e+28 7.57
-0.967128 -0.198187 4.67817e+28 7.58
-0.966274 -0.200181 4.6799e+28 7.59
-0.96541 -0.202172 4.68163e+28 7.6
-0.964538 -0.204159 4.68338e+28 7.61
-0.963657 -0.206143 4.68514e+28 7.62
-0.962768 -0.208124 4.68691e+28 7.63
-0.96187 -0.210101 4.68869e+28 7.64
-0.960963 -0.212074 4.69048e+28 7.65
-0.960047 -0.214044 4.69226e+28 7.66
-0.959123 -0.216011 4.69405e+28 7.67
-0.95819 -0.217974 4.69584e+28 7.68
-0.957249 -0.219933 4.69764e+28 7.69
-0.956299 -0.221889 4.69943e+28 7.7
-0.955341 -0.22384 4.70123e+28 7.71
-0.954373 -0.225788 4.70305e+28 7.72
-0.953398 -0.227733 4.70487e+28 7.73
-0.952414 -0.229673 4.7067e+28 7.74
-0.951421 -0.23161 4.70855e+28 7.75
-0.95042 -0.233542 4.71041e+28 7.76
-0.94941 -0.235471 4.71228e+28 7.77
-0.948392 -0.237395 4.71417e+28 7.78
-0.947365 -0.239316 4.71608e+28 7.79
-0.94633 -0.241233 4.718e+28 7.8
-0.945286 -0.243145 4.71993e+28 7.81
-0.944234 -0.245054 4.72189e+28 7.82
-0.943173 -0.246958 4.72386e+28 7.83
-0.942104 -0.248858 4.72585e+28 7.84
-0.941027 -0.250754 4.72786e+28 7.85
-0.939941 -0.252646 4.72989e+28 7.86
-0.938847 -0.254533 4.73194e+28 7.87
-0.937744 -0.256416 4.73402e+28 7.88
-0.936633 -0.258295 4.73611e+28 7.89
-0.935514 -0.260169 4.73822e+28 7.9
-0.934386 -0.262039 4.74035e+28 7.91
-0.93325 -0.263904 4.74249e+28 7.92
-0.932106 -0.265765 4.74464e+28 7.93
-0.930954 -0.267621 4.74681e+28 7.94
-0.929793 -0.269473 4.749e+28 7.95
-0.928624 -0.27132 4.7512e+28 7.96
-0.927446 -0.273162 4.75342e+28 7.97
-0.926261 -0.275 4.75566e+28 7.98
-0.925067 -0.276833 4.75793e+28 7.99
-0.923865 -0.278661 4.76023e+28 8
-0.922654 -0.280485 4.76255e+28 8.01
-0.921436 -0.282303 4.7649e+28 8.02
-0.920209 -0.284117 4.76727e+28 8.03
-0.918975 -0.285926 4.76966e+28 8.04
-0.917732 -0.28773 4.77208e+28 8.05
-0.916481 -0.28953 4.77452e+28 8.06
-0.915222 -0.291324 4.77698e+28 8.07
-0.913954 -0.293113 4.77946e+28 8.08
-0.912679 -0.294897 4.78195e+28 8.09
-0.911396 -0.296676 4.78446e+28 8.1
-0.910105 -0.29845 4.78699e+28 8.11
-0.908805 -0.300219 4.78952e+28 8.12
-0.907498 -0.301983 4.79206e+28 8.13
-0.906183 -0.303741 4.79461e+28 8.14
-0.90486 -0.305495 4.79717e+28 8.15
-0.903529 -0.307243 4.79973e+28 8.16
-0.902189 -0.308985 4.80229e+28 8.17
-0.900843 -0.310723 4.80485e+28 8.18
-0.899488 -0.312455 4.80741e+28 8.19
-0.898125 -0.314181 4.80997e+28 8.2
-0.896755 -0.315902 4.81252e+28 8.21
-0.895376 -0.317618 4.81509e+28 8.22
-0.89399 -0.319328 4.81766e+28 8.23
-0.892596 -0.321032 4.82024e+28 8.24
-0.891194 -0.322731 4.82284e+28 8.25
-0.889785 -0.324424 4.82546e+28 8.26
-0.888368 -0.326111 4.8281e+28 8.27
-0.886943 -0.327793 4.83075e+28 8.28
-0.88551 -0.329469 4.83343e+28 8.29
-0.88407 -0.331139 4.83613e+28 8.3
-0.882622 -0.332804 4.83885e+28 8.31
-0.881167 -0.334462 4.84159e+28 8.32
-0.879704 -0.336115 4.84436e+28 8.33
-0.878233 -0.337762 4.84715e+28 8.34
-0.876755 -0.339403 4.84996e+28 8.35
-0.875269 -0.341038 4.8528e+28 8.36
-0.873775 -0.342666 4.85567e+28 8.37
-0.872274 -0.344289 4.85856e+28 8.38
-0.870766 -0.345906 4.86147e+28 8.39
-0.869249 -0.347517 4.8644e+28 8.4
-0.867726 -0.349121 4.86736e+28 8.41
-0.866195 -0.350719 4.87034e+28 8.42
-0.864657 -0.352311 4.87334e+28 8.43
-0.863111 -0.353897 4.87635e+28 8.44
-0.861557 -0.355477 4.87938e+28 8.45
-0.859997 -0.35705 4.88243e+28 8.46
-0.858429 -0.358617 4.88549e+28 8.47
-0.856853 -0.360177 4.88856e+28 8.48
-0.855271 -0.361731 4.89167e+28 8.49
-0.853681 -0.363279 4.89479e+28 8.5
-0.852084 -0.36482 4.89794e+28 8.51
-0.850479 -0.366355 4.90112e+28 8.52
-0.848868 -0.367883 4.90432e+28 8.53
-0.847249 -0.369404 4.90754e+28 8.54
-0.845623 -0.370919 4.91079e+28 8.55
-0.84399 -0.372428 4.91407e+28 8.56
-0.842349 -0.373929 4.91736e+28 8.57
-0.840702 -0.375424 4.92068e+28 8.58
-0.839047 -0.376913 4.92402e+28 8.59
-0.837386 -0.378394 4.92737e+28 8.6
-0.835717 -0.379869 4.93075e+28 8.61
-0.834042 -0.381337 4.93414e+28 8.62
-0.832359 -0.382798 4.93755e+28 8.63
-0.830669 -0.384252 4.94098e+28 8.64
-0.828973 -0.385699 4.94442e+28 8.65
-0.827269 -0.38714 4.94786e+28 8.66
-0.825559 -0.388573 4.95132e+28 8.67
-0.823842 -0.39 4.95478e+28 8.68
-0.822118 -0.391419 4.95825e+28 8.69
-0.820387 -0.392831 4.96171e+28 8.7
-0.81865 -0.394236 4.96517e+28 8.71
-0.816905 -0.395634 4.96863e+28 8.72
-0.815154 -0.397025 4.97208e+28 8.73
-0.813396 -0.398409 4.97553e+28 8.74
-0.811632 -0.399786 4.97899e+28 8.75
-0.809861 -0.401155 4.98244e+28 8.76
-0.808083 -0.402517 4.9859e+28 8.77
-0.806299 -0.403871 4.98936e+28 8.78
-0.804509 -0.405218 4.99283e+28 8.79
-0.802711 -0.406558 4.99631e+28 8.8
-0.800908 -0.40789 4.99979e+28 8.81
-0.799097 -0.409215 5.00327e+28 8.82
-0.797281 -0.410533 5.00676e+28 8.83
-0.795458 -0.411843 5.01026e+28 8.84
-0.793628 -0.413145 5.01376e+28 8.85
-0.791793 -0.414439 5.01727e+28 8.86
-0.78995 -0.415726 5.02079e+28 8.87
-0.788102 -0.417006 5.02432e+28 8.88
-0.786247 -0.418277 5.02785e+28 8.89
-0.784387 -0.419541 5.0314e+28 8.9
-0.782519 -0.420797 5.03496e+28 8.91
-0.780646 -0.422046 5.03853e+28 8.92
-0.778767 -0.423286 5.04211e+28 8.93
-0.776881 -0.424519 5.04571e+28 8.94
-0.774989 -0.425743 5.04931e+28 8.95
-0.773091 -0.42696 5.05293e+28 8.96
-0.771187 -0.428169 5.05656e+28 8.97
-0.769278 -0.429369 5.06021e+28 8.98
-0.767362 -0.430562 5.06387e+28 8.99
-0.76544 -0.431746 5.06755e+28 9
-0.763512 -0.432923 5.07125e+28 9.01
-0.761578 -0.434091 5.07498e+28 9.02
-0.759639 -0.435251 5.07874e+28 9.03
-0.757693 -0.436403 5.08252e+28 9.04
-0.755742 -0.437547 5.08634e+28 9.05
-0.753785 -0.438682 5.09018e+28 9.06
-0.751822 -0.439809 5.09405e+28 9.07
-0.749853 -0.440928 5.09795e+28 9.08
-0.747879 -0.442039 5.10187e+28 9.09
-0.745899 -0.443141 5.10582e+28 9.1
-0.743913 -0.444234 5.10979e+28 9.11
-0.741922 -0.445319 5.11379e+28 9.12
-0.739925 -0.446396 5.11781e+28 9.13
-0.737922 -0.447464 5.12186e+28 9.14
-0.735914 -0.448524 5.12594e+28 9.15
-0.7339 -0.449575 5.13003e+28 9.16
-0.731881 -0.450618 5.13416e+28 9.17
-0.729857 -0.451652 5.1383e+28 9.18
-0.727827 -0.452677 5.14248e+28 9.19
-0.725791 -0.453694 5.14667e+28 9.2
-0.723751 -0.454702 5.15088e+28 9.21
-0.721704 -0.455701 5.15512e+28 9.22
-0.719653 -0.456691 5.15938e+28 9.23
-0.717596 -0.457673 5.16365e+28 9.24
-0.715535 -0.458646 5.16794e+28 9.25
-0.713468 -0.45961 5.17225e+28 9.26
-0.711395 -0.460565 5.17657e+28 9.27
-0.709318 -0.461511 5.18092e+28 9.28
-0.707236 -0.462449 5.18528e+28 9.29
-0.705148 -0.463377 5.18966e+28 9.3
-0.703056 -0.464297 5.19405e+28 9.31
-0.700958 -0.465208 5.19844e+28 9.32
-0.698856 -0.466109 5.20285e+28 9.33
-0.696749 -0.467002 5.20725e+28 9.34
-0.694637 -0.467885 5.21164e+28 9.35
-0.69252 -0.46876 5.21604e+28 9.36
-0.690398 -0.469625 5.22042e+28 9.37
-0.688271 -0.470481 5.2248e+28 9.38
-0.68614 -0.471328 5.22918e+28 9.39
-0.684004 -0.472166 5.23355e+28 9.4
-0.681864 -0.472994 5.23791e+28 9.41
-0.679719 -0.473813 5.24227e+28 9.42
-0.677569 -0.474623 5.24663e+28 9.43
-0.675415 -0.475424 5.25099e+28 9.44
-0.673257 -0.476215 5.25534e+28 9.45
-0.671094 -0.476997 5.2597e+28 9.46
-0.668926 -0.47777 5.26406e+28 9.47
-0.666754 -0.478533 5.26842e+28 9.48
-0.664578 -0.479286 5.27278e+28 9.49
-0.662398 -0.48003 5.27715e+28 9.5
-0.660213 -0.480765 5.28154e+28 9.51
-0.658025 -0.48149 5.28593e+28 9.52
-0.655832 -0.482205 5.29033e+28 9.53
-0.653635 -0.482911 5.29476e+28 9.54
-0.651433 -0.483607 5.2992e+28 9.55
-0.649228 -0.484294 5.30366e+28 9.56
-0.647019 -0.48497 5.30815e+28 9.57
-0.644806 -0.485637 5.31265e+28 9.58
-0.642589 -0.486295 5.31717e+28 9.59
-0.640368 -0.486942 5.3217e+28 9.6
-0.638143 -0.48758 5.32624e+28 9.61
-0.635914 -0.488208 5.33079e+28 9.62
-0.633681 -0.488826 5.33536e+28 9.63
-0.631445 -0.489434 5.33994e+28 9.64
-0.629205 -0.490032 5.34453e+28 9.65
-0.626962 -0.490621 5.34913e+28 9.66
-0.624714 -0.491199 5.35375e+28 9.67
-0.622464 -0.491767 5.35838e+28 9.68
-0.620209 -0.492326 5.36303e+28 9.69
-0.617951 -0.492874 5.36769e+28 9.7
-0.61569 -0.493412 5.37236e+28 9.71
-0.613425 -0.49394 5.37706e+28 9.72
-0.611157 -0.494458 5.38176e+28 9.73
-0.608886 -0.494966 5.38649e+28 9.74
-0.606611 -0.495464 5.39123e+28 9.75
-0.604333 -0.495952 5.39598e+28 9.76
-0.602052 -0.496429 5.40076e+28 9.77
-0.599767 -0.496896 5.40555e+28 9.78
-0.59748 -0.497353 5.41037e+28 9.79
-0.595189 -0.4978 5.4152e+28 9.8
-0.592896 -0.498236 5.42006e+28 9.81
-0.590599 -0.498662 5.42494e+28 9.82
-0.588299 -0.499078 5.42984e+28 9.83
-0.585997 -0.499484 5.43476e+28 9.84
-0.583691 -0.499879 5.43968e+28 9.85
-0.581383 -0.500263 5.44461e+28 9.86
-0.579072 -0.500638 5.44955e+28 9.87
-0.576758 -0.501001 5.45448e+28 9.88
-0.574442 -0.501355 5.45942e+28 9.89
-0.572123 -0.501698 5.46435e+28 9.9
-0.569801 -0.50203 5.46928e+28 9.91
-0.567477 -0.502352 5.47421e+28 9.92
-0.56515 -0.502663 5.47914e+28 9.93
-0.562821 -0.502964 5.48406e+28 9.94
-0.560489 -0.503254 5.48898e+28 9.95
-0.558155 -0.503533 5.4939e+28 9.96
-0.555819 -0.503802 5.49882e+28 9.97
-0.55348 -0.504061 5.50373e+28 9.98
-0.55114 -0.504308 0 9.99
