19.19 0 0
19.19 0 0.01
38.38 0 0.02
76.76 0 0.03
153.52 0 0.04
307.04 0 0.05
614.08 0 0.06
1228.16 0 0.07
2456.32 0 0.08
4912.64 0 0.09
9825.28 0 0.1
19650.6 0 0.11
39301.1 0 0.12
78602.2 0 0.13
157204 0 0.14
314409 0 0.15
628818 0 0.16
1.25764e+06 0 0.17
2.51527e+06 0 0.18
5.03054e+06 0 0.19
1.00611e+07 0 0.2
2.01222e+07 0 0.21
4.02443e+07 0 0.22
8.04887e+07 0 0.23
1.60977e+08 0 0.24
3.21955e+08 0 0.25
6.4391e+08 0 0.26
1.28782e+09 0 0.27
2.57564e+09 0 0.28
5.15128e+09 0 0.29
1.03026e+10 0 0.3
2.06051e+10 0 0.31
4.12102e+10 0 0.32
8.24204e+10 0 0.33
1.64841e+11 0 0.34
3.29682e+11 0 0.35
6.59363e+11 0 0.36
1.31873e+12 0 0.37
2.63745e+12 0 0.38
5.27491e+12 0 0.39
1.05498e+13 0 0.4
2.10996e+13 0 0.41
4.21993e+13 0 0.42
8.43985e+13 0 0.43
1.68797e+14 0 0.44
3.37594e+14 0 0.45
6.75188e+14 0 0.46
1.35038e+15 0 0.47
2.70075e+15 0 0.48
5.4015e+15 0 0.49
1.0803e+16 0 0.5
2.1606e+16 0 0.51
4.3212e+16 0 0.52
8.64241e+16 0 0.53
1.72848e+17 0 0.54
3.45696e+17 0 0.55
6.91393e+17 0 0.56
1.38279e+18 0 0.57
2.76557e+18 0 0.58
5.53114e+18 0 0.59
1.10623e+19 0 0.6
2.21246e+19 0 0.61
4.42491e+19 0 0.62
8.84983e+19 0 0.63
1.76997e+20 0 0.64
3.53993e+20 0 0.65
7.07986e+20 0 0.66
1.41597e+21 0 0.67
2.83194e+21 0 0.68
5.66389e+21 0 0.69
1.13278e+22 0 0.7
2.26556e+22 0 0.71
4.53111e+22 0 0.72
9.06222e+22 0 0.73
1.81244e+23 0 0.74
3.62489e+23 0 0.75
7.24978e+23 0 0.76
1.44996e+24 0 0.77
2.89991e+24 0 0.78
5.79982e+24 0 0.79
1.15996e+25 0 0.8
2.31993e+25 0 0.81
4.63986e+25 0 0.82
9.27971e+25 0 0.83
1.85594e+26 0 0.84
3.71189e+26 0 0.85
7.42377e+26 0 0.86
1.48475e+27 0 0.87
2.96951e+27 0 0.88
5.93902e+27 0 0.89
1.1878e+28 0 0.9
2.37561e+28 0 0.91
4.75121e+28 0 0.92
9.50243e+28 0 0.93
1.90049e+29 0 0.94
3.80097e+29 0 0.95
7.60194e+29 0 0.96
1.52039e+30 0 0.97
3.04078e+30 0 0.98
6.08155e+30 0 0.99
1.21631e+31 0 1
2.43262e+31 0 1.01
4.86524e+31 0 1.02
9.73049e+31 0 1.03
1.9461e+32 0 1.04
3.89219e+32 0 1.05
7.78439e+32 0 1.06
1.55688e+33 0 1.07
3.11376e+33 0 1.08
6.22751e+33 0 1.09
1.2455e+34 0 1.1
2.491e+34 0 1.11
4.98201e+34 0 1.12
9.96402e+34 0 1.13
1.9928e+35 0 1.14
3.98561e+35 0 1.15
7.97121e+35 0 1.16
1.59424e+36 0 1.17
3.18849e+36 0 1.18
6.37697e+36 0 1.19
1.27539e+37 0 1.2
2.55079e+37 0 1.21
5.10158e+37 0 1.22
1.02032e+38 0 1.23
2.04063e+38 0 1.24
4.08126e+38 0 1.25
8.16252e+38 0 1.26
1.6325e+39 0 1.27
3.26501e+39 0 1.28
6.53002e+39 0 1.29
1.306e+40 0 1.3
2.61201e+40 0 1.31
5.22401e+40 0 1.32
1.0448e+41 0 1.33
2.08961e+41 0 1.34
4.17921e+41 0 1.35
8.35842e+41 0 1.36
1.67168e+42 0 1.37
3.34337e+42 0 1.38
6.68674e+42 0 1.39
1.33735e+43 0 1.4
2.6747e+43 0 1.41
5.34939e+43 0 1.42
1.06988e+44 0 1.43
2.13976e+44 0 1.44
4.27951e+44 0 1.45
8.55903e+44 0 1.46
1.71181e+45 0 1.47
3.42361e+45 0 1.48
6.84722e+45 0 1.49
1.36944e+46 0 1.5
2.73889e+46 0 1.51
5.47778e+46 0 1.52
1.09556e+47 0 1.53
2.19111e+47 0 1.54
4.38222e+47 0 1.55
8.76444e+47 0 1.56
1.75289e+48 0 1.57
3.50578e+48 0 1.58
7.01155e+48 0 1.59
1.40231e+49 0 1.6
2.80462e+49 0 1.61
5.60924e+49 0 1.62
1.12185e+50 0 1.63
2.2437e+50 0 1.64
4.48739e+50 0 1.65
8.97479e+50 0 1.66
1.79496e+51 0 1.67
3.58992e+51 0 1.68
7.17983e+51 0 1.69
1.43597e+52 0 1.7
2.87193e+52 0 1.71
5.74387e+52 0 1.72
1.14877e+53 0 1.73
2.29755e+53 0 1.74
4.59509e+53 0 1.75
9.19018e+53 0 1.76
1.83804e+54 0 1.77
3.67607e+54 0 1.78
7.35215e+54 0 1.79
1.47043e+55 0 1.8
2.94086e+55 0 1.81
5.88172e+55 0 1.82
1.17634e+56 0 1.83
2.35269e+56 0 1.84
4.70537e+56 0 1.85
9.41075e+56 0 1.86
1.88215e+57 0 1.87
3.7643e+57 0 1.88
7.5286e+57 0 1.89
1.50572e+58 0 1.9
3.01144e+58 0 1.91
6.02288e+58 0 1.92
1.20458e+59 0 1.93
2.40915e+59 0 1.94
4.8183e+59 0 1.95
9.63661e+59 0 1.96
1.92732e+60 0 1.97
3.85464e+60 0 1.98
7.70929e+60 0 1.99
1.54186e+61 0 2
3.08371e+61 0 2.01
6.16743e+61 0 2.02
1.23349e+62 0 2.03
2.46697e+62 0 2.04
4.93394e+62 0 2.05
9.86789e+62 0 2.06
1.97358e+63 0 2.07
3.94715e+63 0 2.08
7.89431e+63 0 2.09
1.57886e+64 0 2.1
3.15772e+64 0 2.11
6.31545e+64 0 2.12
1.26309e+65 0 2.13
2.52618e+65 0 2.14
5.05236e+65 0 2.15
1.01047e+66 0 2.16
2.02094e+66 0 2.17
4.04189e+66 0 2.18
8.08377e+66 0 2.19
1.61675e+67 0 2.2
3.23351e+67 0 2.21
6.46702e+67 0 2.22
1.2934e+68 0 2.23
2.58681e+68 0 2.24
5.17361e+68 0 2.25
1.03472e+69 0 2.26
2.06945e+69 0 2.27
4.13889e+69 0 2.28
8.27778e+69 0 2.29
1.65556e+70 0 2.3
3.31111e+70 0 2.31
6.62223e+70 0 2.32
1.32445e+71 0 2.33
2.64889e+71 0 2.34
5.29778e+71 0 2.35
1.05956e+72 0 2.36
2.11911e+72 0 2.37
4.23822e+72 0 2.38
8.47645e+72 0 2.39
1.69529e+73 0 2.4
3.39058e+73 0 2.41
6.78116e+73 0 2.42
1.35623e+74 0 2.43
2.71246e+74 0 2.44
5.42493e+74 0 2.45
1.08499e+75 0 2.46
2.16997e+75 0 2.47
4.33994e+75 0 2.48
8.67988e+75 0 2.49
1.73598e+76 0 2.5
3.47195e+76 0 2.51
6.94391e+76 0 2.52
1.38878e+77 0 2.53
2.77756e+77 0 2.54
5.55513e+77 0 2.55
1.11103e+78 0 2.56
2.22205e+78 0 2.57
4.4441e+78 0 2.58
8.8882e+78 0 2.59
1.77764e+79 0 2.6
3.55528e+79 0 2.61
7.11056e+79 0 2.62
1.42211e+80 0 2.63
2.84422e+80 0 2.64
5.68845e+80 0 2.65
1.13769e+81 0 2.66
2.27538e+81 0 2.67
4.55076e+81 0 2.68
9.10152e+81 0 2.69
1.8203e+82 0 2.7
3.64061e+82 0 2.71
7.28121e+82 0 2.72
1.45624e+83 0 2.73
2.91249e+83 0 2.74
5.82497e+83 0 2.75
1.16499e+84 0 2.76
2.32999e+84 0 2.77
4.65998e+84 0 2.78
9.31995e+84 0 2.79
1.86399e+85 0 2.8
3.72798e+85 0 2.81
7.45596e+85 0 2.82
1.49119e+86 0 2.83
2.98239e+86 0 2.84
5.96477e+86 0 2.85
1.19295e+87 0 2.86
2.38591e+87 0 2.87
4.77182e+87 0 2.88
9.54363e+87 0 2.89
1.90873e+88 0 2.9
3.81745e+88 0 2.91
7.63491e+88 0 2.92
1.52698e+89 0 2.93
3.05396e+89 0 2.94
6.10793e+89 0 2.95
1.22159e+90 0 2.96
2.44317e+90 0 2.97
4.88634e+90 0 2.98
9.77268e+90 0 2.99
1.95454e+91 0 3
3.90907e+91 0 3.01
7.81814e+91 0 3.02
1.56363e+92 0 3.03
3.12726e+92 0 3.04
6.25452e+92 0 3.05
1.2509e+93 0 3.06
2.50181e+93 0 3.07
5.00361e+93 0 3.08
1.00072e+94 0 3.09
2.00144e+94 0 3.1
4.00289e+94 0 3.11
8.00578e+94 0 3.12
1.60116e+95 0 3.13
3.20231e+95 0 3.14
6.40462e+95 0 3.15
1.28092e+96 0 3.16
2.56185e+96 0 3.17
5.1237e+96 0 3.18
1.02474e+97 0 3.19
2.04948e+97 0 3.2
4.09896e+97 0 3.21
8.19792e+97 0 3.22
1.63958e+98 0 3.23
3.27917e+98 0 3.24
6.55833e+98 0 3.25
1.31167e+99 0 3.26
2.62333e+99 0 3.27
5.24667e+99 0 3.28
1.04933e+100 0 3.29
2.09867e+100 0 3.3
4.19733e+100 0 3.31
8.39467e+100 0 3.32
1.67893e+101 0 3.33
3.35787e+101 0 3.34
6.71573e+101 0 3.35
1.34315e+102 0 3.36
2.68629e+102 0 3.37
5.37259e+102 0 3.38
1.07452e+103 0 3.39
2.14904e+103 0 3.4
4.29807e+103 0 3.41
8.59614e+103 0 3.42
1.71923e+104 0 3.43
3.43846e+104 0 3.44
6.87691e+104 0 3.45
1.37538e+105 0 3.46
2.75076e+105 0 3.47
5.50153e+105 0 3.48
1.10031e+106 0 3.49
2.20061e+106 0 3.5
4.40122e+106 0 3.51
8.80245e+106 0 3.52
1.76049e+107 0 3.53
3.52098e+107 0 3.54
7.04196e+107 0 3.55
1.40839e+108 0 3.56
2.81678e+108 0 3.57
5.63357e+108 0 3.58
1.12671e+109 0 3.59
2.25343e+109 0 3.6
4.50685e+109 0 3.61
9.01371e+109 0 3.62
1.80274e+110 0 3.63
3.60548e+110 0 3.64
7.21097e+110 0 3.65
1.44219e+111 0 3.66
2.88439e+111 0 3.67
5.76877e+111 0 3.68
1.15375e+112 0 3.69
2.30751e+112 0 3.7
4.61502e+112 0 3.71
9.23004e+112 0 3.72
1.84601e+113 0 3.73
3.69201e+113 0 3.74
7.38403e+113 0 3.75
1.47681e+114 0 3.76
2.95361e+114 0 3.77
5.90722e+114 0 3.78
1.18144e+115 0 3.79
2.36289e+115 0 3.8
4.72578e+115 0 3.81
9.45156e+115 0 3.82
1.89031e+116 0 3.83
3.78062e+116 0 3.84
7.56124e+116 0 3.85
1.51225e+117 0 3.86
3.0245e+117 0 3.87
6.049e+117 0 3.88
1.2098e+118 0 3.89
2.4196e+118 0 3.9
4.8392e+118 0 3.91
9.67839e+118 0 3.92
1.93568e+119 0 3.93
3.87136e+119 0 3.94
7.74271e+119 0 3.95
1.54854e+120 0 3.96
3.09709e+120 0 3.97
6.19417e+120 0 3.98
1.23883e+121 0 3.99
2.47767e+121 0 4
4.95534e+121 0 4.01
9.91068e+121 0 4.02
1.98214e+122 0 4.03
3.96427e+122 0 4.04
7.92854e+122 0 4.05
1.58571e+123 0 4.06
3.17142e+123 0 4.07
6.34283e+123 0 4.08
1.26857e+124 0 4.09
2.53713e+124 0 4.1
5.07427e+124 0 4.11
1.01485e+125 0 4.12
2.02971e+125 0 4.13
4.05941e+125 0 4.14
8.11882e+125 0 4.15
1.62376e+126 0 4.16
3.24753e+126 0 4.17
6.49506e+126 0 4.18
1.29901e+127 0 4.19
2.59802e+127 0 4.2
5.19605e+127 0 4.21
1.03921e+128 0 4.22
2.07842e+128 0 4.23
4.15684e+128 0 4.24
8.31368e+128 0 4.25
1.66274e+129 0 4.26
3.32547e+129 0 4.27
6.65094e+129 0 4.28
1.33019e+130 0 4.29
2.66038e+130 0 4.3
5.32075e+130 0 4.31
1.06415e+131 0 4.32
2.1283e+131 0 4.33
4.2566e+131 0 4.34
8.51321e+131 0 4.35
1.70264e+132 0 4.36
3.40528e+132 0 4.37
6.81056e+132 0 4.38
1.36211e+133 0 4.39
2.72423e+133 0 4.4
5.44845e+133 0 4.41
1.08969e+134 0 4.42
2.17938e+134 0 4.43
4.35876e+134 0 4.44
8.71752e+134 0 4.45
1.7435e+135 0 4.46
3.48701e+135 0 4.47
6.97402e+135 0 4.48
1.3948e+136 0 4.49
2.78961e+136 0 4.5
5.57921e+136 0 4.51
1.11584e+137 0 4.52
2.23169e+137 0 4.53
4.46337e+137 0 4.54
8.92674e+137 0 4.55
1.78535e+138 0 4.56
3.5707e+138 0 4.57
7.14139e+138 0 4.58
1.42828e+139 0 4.59
2.85656e+139 0 4.6
5.71312e+139 0 4.61
1.14262e+140 0 4.62
2.28525e+140 0 4.63
4.57049e+140 0 4.64
9.14098e+140 0 4.65
1.8282e+141 0 4.66
3.65639e+141 0 4.67
7.31279e+141 0 4.68
1.46256e+142 0 4.69
2.92511e+142 0 4.7
5.85023e+142 0 4.71
1.17005e+143 0 4.72
2.34009e+143 0 4.73
4.68018e+143 0 4.74
9.36037e+143 0 4.75
1.87207e+144 0 4.76
3.74415e+144 0 4.77
7.48829e+144 0 4.78
1.49766e+145 0 4.79
2.99532e+145 0 4.8
5.99064e+145 0 4.81
1.19813e+146 0 4.82
2.39625e+146 0 4.83
4.79251e+146 0 4.84
9.58502e+146 0 4.85
1.917e+147 0 4.86
3.83401e+147 0 4.87
7.66801e+147 0 4.88
1.5336e+148 0 4.89
3.06721e+148 0 4.9
6.13441e+148 0 4.91
1.22688e+149 0 4.92
2.45376e+149 0 4.93
4.90753e+149 0 4.94
9.81506e+149 0 4.95
1.96301e+150 0 4.96
3.92602e+150 0 4.97
7.85205e+150 0 4.98
1.57041e+151 0 4.99
3.14082e+151 0 5
6.28164e+151 0 5.01
1.25633e+152 0 5.02
2.51265e+152 0 5.03
5.02531e+152 0 5.04
1.00506e+153 0 5.05
2.01012e+153 0 5.06
4.02025e+153 0 5.07
8.04049e+153 0 5.08
1.6081e+154 0 5.09
3.2162e+154 0 5.1
6.4324e+154 0 5.11
1.28648e+155 0 5.12
2.57296e+155 0 5.13
5.14592e+155 0 5.14
1.02918e+156 0 5.15
2.05837e+156 0 5.16
4.11673e+156 0 5.17
8.23347e+156 0 5.18
1.64669e+157 0 5.19
3.29339e+157 0 5.2
6.58677e+157 0 5.21
1.31735e+158 0 5.22
2.63471e+158 0 5.23
5.26942e+158 0 5.24
1.05388e+159 0 5.25
2.10777e+159 0 5.26
4.21553e+159 0 5.27
8.43107e+159 0 5.28
1.68621e+160 0 5.29
3.37243e+160 0 5.3
6.74486e+160 0 5.31
1.34897e+161 0 5.32
2.69794e+161 0 5.33
5.39588e+161 0 5.34
1.07918e+162 0 5.35
2.15835e+162 0 5.36
4.31671e+162 0 5.37
8.63342e+162 0 5.38
1.72668e+163 0 5.39
3.45337e+163 0 5.4
6.90673e+163 0 5.41
1.38135e+164 0 5.42
2.76269e+164 0 5.43
5.52539e+164 0 5.44
1.10508e+165 0 5.45
2.21015e+165 0 5.46
4.42031e+165 0 5.47
8.84062e+165 0 5.48
1.76812e+166 0 5.49
3.53625e+166 0 5.5
7.07249e+166 0 5.51
1.4145e+167 0 5.52
2.829e+167 0 5.53
5.658e+167 0 5.54
1.1316e+168 0 5.55
2.2632e+168 0 5.56
4.5264e+168 0 5.57
9.05279e+168 0 5.58
1.81056e+169 0 5.59
3.62112e+169 0 5.6
7.24223e+169 0 5.61
1.44845e+170 0 5.62
2.89689e+170 0 5.63
5.79379e+170 0 5.64
1.15876e+171 0 5.65
2.31751e+171 0 5.66
4.63503e+171 0 5.67
9.27006e+171 0 5.68
1.85401e+172 0 5.69
3.70802e+172 0 5.7
7.41605e+172 0 5.71
1.48321e+173 0 5.72
2.96642e+173 0 5.73
5.93284e+173 0 5.74
1.18657e+174 0 5.75
2.37314e+174 0 5.76
4.74627e+174 0 5.77
9.49254e+174 0 5.78
1.89851e+175 0 5.79
3.79702e+175 0 5.8
7.59403e+175 0 5.81
1.51881e+176 0 5.82
3.03761e+176 0 5.83
6.07523e+176 0 5.84
1.21505e+177 0 5.85
2.43009e+177 0 5.86
4.86018e+177 0 5.87
9.72036e+177 0 5.88
1.94407e+178 0 5.89
3.88814e+178 0 5.9
7.77629e+178 0 5.91
1.55526e+179 0 5.92
3.11052e+179 0 5.93
6.22103e+179 0 5.94
1.24421e+180 0 5.95
2.48841e+180 0 5.96
4.97683e+180 0 5.97
9.95365e+180 0 5.98
1.99073e+181 0 5.99
3.98146e+181 0 6
7.96292e+181 0 6.01
1.59258e+182 0 6.02
3.18517e+182 0 6.03
6.37034e+182 0 6.04
1.27407e+183 0 6.05
2.54813e+183 0 6.06
5.09627e+183 0 6.07
1.01925e+184 0 6.08
2.03851e+184 0 6.09
4.07702e+184 0 6.1
8.15403e+184 0 6.11
1.63081e+185 0 6.12
3.26161e+185 0 6.13
6.52322e+185 0 6.14
1.30464e+186 0 6.15
2.60929e+186 0 6.16
5.21858e+186 0 6.17
1.04372e+187 0 6.18
2.08743e+187 0 6.19
4.17486e+187 0 6.2
8.34973e+187 0 6.21
1.66995e+188 0 6.22
3.33989e+188 0 6.23
6.67978e+188 0 6.24
1.33596e+189 0 6.25
2.67191e+189 0 6.26
5.34383e+189 0 6.27
1.06877e+190 0 6.28
2.13753e+190 0 6.29
4.27506e+190 0 6.3
8.55012e+190 0 6.31
1.71002e+191 0 6.32
3.42005e+191 0 6.33
6.8401e+191 0 6.34
1.36802e+192 0 6.35
2.73604e+192 0 6.36
5.47208e+192 0 6.37
1.09442e+193 0 6.38
2.18883e+193 0 6.39
4.37766e+193 0 6.4
8.75532e+193 0 6.41
1.75106e+194 0 6.42
3.50213e+194 0 6.43
7.00426e+194 0 6.44
1.40085e+195 0 6.45
2.8017e+195 0 6.46
5.60341e+195 0 6.47
1.12068e+196 0 6.48
2.24136e+196 0 6.49
4.48273e+196 0 6.5
8.96545e+196 0 6.51
1.79309e+197 0 6.52
3.58618e+197 0 6.53
7.17236e+197 0 6.54
1.43447e+198 0 6.55
2.86894e+198 0 6.56
5.73789e+198 0 6.57
1.14758e+199 0 6.58
2.29516e+199 0 6.59
4.59031e+199 0 6.6
9.18062e+199 0 6.61
1.83612e+200 0 6.62
3.67225e+200 0 6.63
7.3445e+200 0 6.64
1.4689e+201 0 6.65
2.9378e+201 0 6.66
5.8756e+201 0 6.67
1.17512e+202 0 6.68
2.35024e+202 0 6.69
4.70048e+202 0 6.7
9.40096e+202 0 6.71
1.88019e+203 0 6.72
3.76038e+203 0 6.73
7.52077e+203 0 6.74
1.50415e+204 0 6.75
3.00831e+204 0 6.76
6.01661e+204 0 6.77
1.20332e+205 0 6.78
2.40665e+205 0 6.79
4.81329e+205 0 6.8
9.62658e+205 0 6.81
1.92532e+206 0 6.82
3.85063e+206 0 6.83
7.70126e+206 0 6.84
1.54025e+207 0 6.85
3.08051e+207 0 6.86
6.16101e+207 0 6.87
1.2322e+208 0 6.88
2.4644e+208 0 6.89
4.92881e+208 0 6.9
9.85762e+208 0 6.91
1.97152e+209 0 6.92
3.94305e+209 0 6.93
7.88609e+209 0 6.94
1.57722e+210 0 6.95
3.15444e+210 0 6.96
6.30888e+210 0 6.97
1.26178e+211 0 6.98
2.52355e+211 0 6.99
5.0471e+211 0 7
1.00942e+212 0 7.01
2.01884e+212 0 7.02
4.03768e+212 0 7.03
8.07536e+212 0 7.04
1.61507e+213 0 7.05
3.23014e+213 0 7.06
6.46029e+213 0 7.07
1.29206e+214 0 7.08
2.58412e+214 0 7.09
5.16823e+214 0 7.1
1.03365e+215 0 7.11
2.06729e+215 0 7.12
4.13458e+215 0 7.13
8.26917e+215 0 7.14
1.65383e+216 0 7.15
3.30767e+216 0 7.16
6.61534e+216 0 7.17
1.32307e+217 0 7.18
2.64613e+217 0 7.19
5.29227e+217 0 7.2
1.05845e+218 0 7.21
2.11691e+218 0 7.22
4.23381e+218 0 7.23
8.46763e+218 0 7.24
1.69353e+219 0 7.25
3.38705e+219 0 7.26
6.7741e+219 0 7.27
1.35482e+220 0 7.28
2.70964e+220 0 7.29
5.41928e+220 0 7.3
1.08386e+221 0 7.31
2.16771e+221 0 7.32
4.33543e+221 0 7.33
8.67085e+221 0 7.34
1.73417e+222 0 7.35
3.46834e+222 0 7.36
6.93668e+222 0 7.37
1.38734e+223 0 7.38
2.77467e+223 0 7.39
5.54935e+223 0 7.4
1.10987e+224 0 7.41
2.21974e+224 0 7.42
4.43948e+224 0 7.43
8.87895e+224 0 7.44
1.77579e+225 0 7.45
3.55158e+225 0 7.46
7.10316e+225 0 7.47
1.42063e+226 0 7.48
2.84126e+226 0 7.49
5.68253e+226 0 7.5
1.13651e+227 0 7.51
2.27301e+227 0 7.52
4.54602e+227 0 7.53
9.09205e+227 0 7.54
1.81841e+228 0 7.55
3.63682e+228 0 7.56
7.27364e+228 0 7.57
1.45473e+229 0 7.58
2.90946e+229 0 7.59
5.81891e+229 0 7.6
1.16378e+230 0 7.61
2.32756e+230 0 7.62
4.65513e+230 0 7.63
9.31026e+230 0 7.64
1.86205e+231 0 7.65
3.7241e+231 0 7.66
7.44821e+231 0 7.67
1.48964e+232 0 7.68
2.97928e+232 0 7.69
5.95856e+232 0 7.7
1.19171e+233 0 7.71
2.38343e+233 0 7.72
4.76685e+233 0 7.73
9.5337e+233 0 7.74
1.90674e+234 0 7.75
3.81348e+234 0 7.76
7.62696e+234 0 7.77
1.52539e+235 0 7.78
3.05078e+235 0 7.79
6.10157e+235 0 7.8
1.22031e+236 0 7.81
2.44063e+236 0 7.82
4.88126e+236 0 7.83
9.76251e+236 0 7.84
1.9525e+237 0 7.85
3.905e+237 0 7.86
7.81001e+237 0 7.87
1.562e+238 0 7.88
3.124e+238 0 7.89
6.24801e+238 0 7.9
1.2496e+239 0 7.91
2.4992e+239 0 7.92
4.99841e+239 0 7.93
9.99681e+239 0 7.94
1.99936e+240 0 7.95
3.99872e+240 0 7.96
7.99745e+240 0 7.97
1.59949e+241 0 7.98
3.19898e+241 0 7.99
6.39796e+241 0 8
1.27959e+242 0 8.01
2.55918e+242 0 8.02
5.11837e+242 0 8.03
1.02367e+243 0 8.04
2.04735e+243 0 8.05
4.09469e+243 0 8.06
8.18939e+243 0 8.07
1.63788e+244 0 8.08
3.27576e+244 0 8.09
6.55151e+244 0 8.1
1.3103e+245 0 8.11
2.6206e+245 0 8.12
5.24121e+245 0 8.13
1.04824e+246 0 8.14
2.09648e+246 0 8.15
4.19297e+246 0 8.16
8.38593e+246 0 8.17
1.67719e+247 0 8.18
3.35437e+247 0 8.19
6.70875e+247 0 8.2
1.34175e+248 0 8.21
2.6835e+248 0 8.22
5.367e+248 0 8.23
1.0734e+249 0 8.24
2.1468e+249 0 8.25
4.2936e+249 0 8.26
8.5872e+249 0 8.27
1.71744e+250 0 8.28
3.43488e+250 0 8.29
6.86976e+250 0 8.3
1.37395e+251 0 8.31
2.7479e+251 0 8.32
5.49581e+251 0 8.33
1.09916e+252 0 8.34
2.19832e+252 0 8.35
4.39664e+252 0 8.36
8.79329e+252 0 8.37
1.75866e+253 0 8.38
3.51732e+253 0 8.39
7.03463e+253 0 8.4
1.40693e+254 0 8.41
2.81385e+254 0 8.42
5.6277e+254 0 8.43
1.12554e+255 0 8.44
2.25108e+255 0 8.45
4.50216e+255 0 8.46
9.00433e+255 0 8.47
1.80087e+256 0 8.48
3.60173e+256 0 8.49
7.20346e+256 0 8.5
1.44069e+257 0 8.51
2.88138e+257 0 8.52
5.76277e+257 0 8.53
1.15255e+258 0 8.54
2.30511e+258 0 8.55
4.61022e+258 0 8.56
9.22043e+258 0 8.57
1.84409e+259 0 8.58
3.68817e+259 0 8.59
7.37635e+259 0 8.6
1.47527e+260 0 8.61
2.95054e+260 0 8.62
5.90108e+260 0 8.63
1.18022e+261 0 8.64
2.36043e+261 0 8.65
4.72086e+261 0 8.66
9.44172e+261 0 8.67
1.88834e+262 0 8.68
3.77669e+262 0 8.69
7.55338e+262 0 8.7
1.51068e+263 0 8.71
3.02135e+263 0 8.72
6.0427e+263 0 8.73
1.20854e+264 0 8.74
2.41708e+264 0 8.75
4.83416e+264 0 8.76
9.66832e+264 0 8.77
1.93366e+265 0 8.78
3.86733e+265 0 8.79
7.73466e+265 0 8.8
1.54693e+266 0 8.81
3.09386e+266 0 8.82
6.18773e+266 0 8.83
1.23755e+267 0 8.84
2.47509e+267 0 8.85
4.95018e+267 0 8.86
9.90036e+267 0 8.87
1.98007e+268 0 8.88
3.96015e+268 0 8.89
7.92029e+268 0 8.9
1.58406e+269 0 8.91
3.16812e+269 0 8.92
6.33623e+269 0 8.93
1.26725e+270 0 8.94
2.53449e+270 0 8.95
5.06899e+270 0 8.96
1.0138e+271 0 8.97
2.02759e+271 0 8.98
4.05519e+271 0 8.99
8.11038e+271 0 9
1.62208e+272 0 9.01
3.24415e+272 0 9.02
6.4883e+272 0 9.03
1.29766e+273 0 9.04
2.59532e+273 0 9.05
5.19064e+273 0 9.06
1.03813e+274 0 9.07
2.07626e+274 0 9.08
4.15251e+274 0 9.09
8.30503e+274 0 9.1
1.66101e+275 0 9.11
3.32201e+275 0 9.12
6.64402e+275 0 9.13
1.3288e+276 0 9.14
2.65761e+276 0 9.15
5.31522e+276 0 9.16
1.06304e+277 0 9.17
2.12609e+277 0 9.18
4.25217e+277 0 9.19
8.50435e+277 0 9.2
1.70087e+278 0 9.21
3.40174e+278 0 9.22
6.80348e+278 0 9.23
1.3607e+279 0 9.24
2.72139e+279 0 9.25
5.44278e+279 0 9.26
1.08856e+280 0 9.27
2.17711e+280 0 9.28
4.35423e+280 0 9.29
8.70845e+280 0 9.3
1.74169e+281 0 9.31
3.48338e+281 0 9.32
6.96676e+281 0 9.33
1.39335e+282 0 9.34
2.7867e+282 0 9.35
5.57341e+282 0 9.36
1.11468e+283 0 9.37
2.22936e+283 0 9.38
4.45873e+283 0 9.39
8.91745e+283 0 9.4
1.78349e+284 0 9.41
3.56698e+284 0 9.42
7.13396e+284 0 9.43
1.42679e+285 0 9.44
2.85359e+285 0 9.45
5.70717e+285 0 9.46
1.14143e+286 0 9.47
2.28287e+286 0 9.48
4.56574e+286 0 9.49
9.13147e+286 0 9.5
1.82629e+287 0 9.51
3.65259e+287 0 9.52
7.30518e+287 0 9.53
1.46104e+288 0 9.54
2.92207e+288 0 9.55
5.84414e+288 0 9.56
1.16883e+289 0 9.57
2.33766e+289 0 9.58
4.67531e+289 0 9.59
9.35063e+289 0 9.6
1.87013e+290 0 9.61
3.74025e+290 0 9.62
7.4805e+290 0 9.63
1.4961e+291 0 9.64
2.9922e+291 0 9.65
5.9844e+291 0 9.66
1.19688e+292 0 9.67
2.39376e+292 0 9.68
4.78752e+292 0 9.69
9.57504e+292 0 9.7
1.91501e+293 0 9.71
3.83002e+293 0 9.72
7.66004e+293 0 9.73
1.53201e+294 0 9.74
3.06401e+294 0 9.75
6.12803e+294 0 9.76
1.22561e+295 0 9.77
2.45121e+295 0 9.78
4.90242e+295 0 9.79
9.80484e+295 0 9.8
1.96097e+296 0 9.81
3.92194e+296 0 9.82
7.84388e+296 0 9.83
1.56878e+297 0 9.84
3.13755e+297 0 9.85
6.2751e+297 0 9.86
1.25502e+298 0 9.87
2.51004e+298 0 9.88
5.02008e+298 0 9.89
1.00402e+299 0 9.9
2.00803e+299 0 9.91
4.01606e+299 0 9.92
8.03213e+299 0 9.93
1.60643e+300 0 9.94
3.21285e+300 0 9.95
6.4257e+300 0 9.96
1.28514e+301 0 9.97
2.57028e+301 0 9.98
5.14056e+301 0 9.99
