0 0.72 1.32658e+26 0
0.0738306 0.712308 1.34098e+26 0.01
0.146859 0.696879 1.35585e+26 0.02
0.218266 0.673755 1.37104e+26 0.03
0.287221 0.643063 1.3864e+26 0.04
0.352895 0.605026 1.40177e+26 0.05
0.41447 0.55996 1.41696e+26 0.06
0.471151 0.508283 1.43178e+26 0.07
0.52218 0.45051 1.44603e+26 0.08
0.566852 0.387251 1.45952e+26 0.09
0.604525 0.319212 1.47204e+26 0.1
0.63464 0.247181 1.48339e+26 0.11
0.656728 0.172024 1.4934e+26 0.12
0.670428 0.0946706 1.50189e+26 0.13
0.675497 0.0160979 1.50871e+26 0.14
0.671814 -0.0626832 1.51375e+26 0.15
0.65939 -0.140649 1.5169e+26 0.16
0.638366 -0.21678 1.51811e+26 0.17
0.609015 -0.290084 1.51736e+26 0.18
0.571734 -0.35961 1.51467e+26 0.19
0.527037 -0.424473 1.51007e+26 0.2
0.475543 -0.483861 1.50366e+26 0.21
0.417964 -0.537058 1.49555e+26 0.22
0.355086 -0.583447 1.48589e+26 0.23
0.287755 -0.62252 1.47484e+26 0.24
0.21686 -0.653885 1.46258e+26 0.25
0.143316 -0.677263 1.44931e+26 0.26
0.0680464 -0.692489 1.43522e+26 0.27
-0.00803043 -0.699509 1.42052e+26 0.28
-0.0840143 -0.698373 1.4054e+26 0.29
-0.159036 -0.689229 1.39006e+26 0.3
-0.232264 -0.672314 1.37468e+26 0.31
-0.302919 -0.647945 1.35943e+26 0.32
-0.370273 -0.616513 1.34447e+26 0.33
-0.433656 -0.57847 1.32994e+26 0.34
-0.492465 -0.534322 1.31599e+26 0.35
-0.546156 -0.484621 1.30272e+26 0.36
-0.594255 -0.429957 1.29024e+26 0.37
-0.636351 -0.37095 1.27865e+26 0.38
-0.672101 -0.308242 1.26802e+26 0.39
-0.701226 -0.242495 1.25842e+26 0.4
-0.72351 -0.174382 1.24991e+26 0.41
-0.7388 -0.104584 1.24254e+26 0.42
-0.747004 -0.0337818 1.23635e+26 0.43
-0.74809 0.0373421 1.23138e+26 0.44
-0.742084 0.108112 1.22764e+26 0.45
-0.729067 0.17786 1.22516e+26 0.46
-0.709177 0.245931 1.22395e+26 0.47
-0.682607 0.311685 1.22401e+26 0.48
-0.649602 0.374499 1.22535e+26 0.49
-0.610457 0.433773 1.22796e+26 0.5
-0.565522 0.488932 1.23182e+26 0.51
-0.515195 0.539427 1.23693e+26 0.52
-0.459922 0.584742 1.24324e+26 0.53
-0.4002 0.624397 1.25073e+26 0.54
-0.336569 0.657951 1.25936e+26 0.55
-0.269617 0.685009 1.26908e+26 0.56
-0.199973 0.705222 1.27982e+26 0.57
-0.128308 0.718297 1.29152e+26 0.58
-0.0553278 0.724002 1.3041e+26 0.59
0.018226 0.722167 1.31747e+26 0.6
0.0915845 0.712694 1.3315e+26 0.61
0.163956 0.695562 1.3461e+26 0.62
0.234534 0.670829 1.36112e+26 0.63
0.302502 0.638643 1.37641e+26 0.64
0.367049 0.599238 1.39182e+26 0.65
0.427375 0.552946 1.40717e+26 0.66
0.482702 0.500192 1.42227e+26 0.67
0.532294 0.441497 1.43693e+26 0.68
0.575462 0.377477 1.45096e+26 0.69
0.611584 0.308837 1.46415e+26 0.7
0.640114 0.236365 1.4763e+26 0.71
0.660602 0.160924 1.48722e+26 0.72
0.6727 0.0834405 1.49673e+26 0.73
0.676175 0.00488723 1.50466e+26 0.74
0.670918 -0.0737296 1.51088e+26 0.75
0.656949 -0.15139 1.51527e+26 0.76
0.634418 -0.227079 1.51775e+26 0.77
0.603605 -0.299806 1.51827e+26 0.78
0.564917 -0.368625 1.51684e+26 0.79
0.518878 -0.43265 1.51346e+26 0.8
0.466115 -0.491074 1.50821e+26 0.81
0.407352 -0.543183 1.50118e+26 0.82
0.343388 -0.588364 1.4925e+26 0.83
0.275082 -0.626115 1.48232e+26 0.84
0.203336 -0.656051 1.47081e+26 0.85
0.129079 -0.677903 1.45816e+26 0.86
0.0532478 -0.691519 1.44456e+26 0.87
-0.0232263 -0.696858 1.43021e+26 0.88
-0.0994325 -0.693988 1.41532e+26 0.89
-0.174492 -0.683076 1.40009e+26 0.9
-0.247569 -0.664379 1.38469e+26 0.91
-0.317877 -0.638239 1.36931e+26 0.92
-0.384688 -0.605066 1.35413e+26 0.93
-0.447337 -0.565339 1.33928e+26 0.94
-0.505223 -0.519585 1.32492e+26 0.95
-0.557813 -0.46838 1.31117e+26 0.96
-0.604643 -0.412335 1.29815e+26 0.97
-0.645318 -0.352089 1.28595e+26 0.98
-0.679511 -0.288305 1.27467e+26 0.99
-0.706962 -0.221658 1.26437e+26 1
-0.727475 -0.152835 1.25513e+26 1.01
-0.740922 -0.0825272 1.247e+26 1.02
-0.747233 -0.0114252 1.24003e+26 1.03
-0.746401 0.059785 1.23425e+26 1.04
-0.738476 0.130425 1.2297e+26 1.05
-0.723565 0.19983 1.22639e+26 1.06
-0.70183 0.267347 1.22435e+26 1.07
-0.673489 0.332343 1.22358e+26 1.08
-0.638808 0.394206 1.22409e+26 1.09
-0.598105 0.452348 1.22587e+26 1.1
-0.55175 0.506208 1.22892e+26 1.11
-0.500159 0.555255 1.23322e+26 1.12
-0.443794 0.598993 1.23875e+26 1.13
-0.383163 0.636963 1.24548e+26 1.14
-0.31882 0.668746 1.25338e+26 1.15
-0.251359 0.69397 1.2624e+26 1.16
-0.181414 0.712313 1.2725e+26 1.17
-0.109657 0.723505 1.2836e+26 1.18
-0.0367934 0.727338 1.29563e+26 1.19
0.0364406 0.723667 1.30851e+26 1.2
0.109284 0.712417 1.32214e+26 1.21
0.180956 0.693589 1.3364e+26 1.22
0.250661 0.667261 1.35118e+26 1.23
0.317602 0.633596 1.36634e+26 1.24
0.380982 0.592847 1.38172e+26 1.25
0.44002 0.545356 1.39715e+26 1.26
0.49396 0.491557 1.41246e+26 1.27
0.542083 0.431978 1.42746e+26 1.28
0.583721 0.367237 1.44195e+26 1.29
0.618269 0.298041 1.45574e+26 1.3
0.645201 0.225177 1.46861e+26 1.31
0.664081 0.149503 1.48038e+26 1.32
0.674575 0.0719409 1.49086e+26 1.33
0.676463 -0.00654085 1.49985e+26 1.34
0.669646 -0.0849422 1.50722e+26 1.35
0.654153 -0.162249 1.51283e+26 1.36
0.630143 -0.23745 1.51658e+26 1.37
0.597905 -0.30956 1.5184e+26 1.38
0.557852 -0.377635 1.51825e+26 1.39
0.510515 -0.440795 1.51614e+26 1.4
0.456532 -0.498233 1.5121e+26 1.41
0.396637 -0.549239 1.50622e+26 1.42
0.331638 -0.593205 1.4986e+26 1.43
0.262408 -0.629633 1.48937e+26 1.44
0.189861 -0.658146 1.47869e+26 1.45
0.114939 -0.678483 1.46675e+26 1.46
0.0385916 -0.690504 1.45372e+26 1.47
-0.0382378 -0.694183 1.43982e+26 1.48
-0.114628 -0.689602 1.42524e+26 1.49
-0.18969 -0.676948 1.41018e+26 1.5
-0.262582 -0.656498 1.39484e+26 1.51
-0.332515 -0.628615 1.3794e+26 1.52
-0.398758 -0.593734 1.36405e+26 1.53
-0.460649 -0.552354 1.34893e+26 1.54
-0.517593 -0.505028 1.33421e+26 1.55
-0.569064 -0.452352 1.32002e+26 1.56
-0.614611 -0.39496 1.30648e+26 1.57
-0.653852 -0.333511 1.2937e+26 1.58
-0.686477 -0.268684 1.28179e+26 1.59
-0.712245 -0.201173 1.27081e+26 1.6
-0.730984 -0.131676 1.26085e+26 1.61
-0.742584 -0.0608958 1.25197e+26 1.62
-0.747001 0.0104698 1.24422e+26 1.63
-0.744253 0.0817299 1.23765e+26 1.64
-0.734414 0.152205 1.23228e+26 1.65
-0.717616 0.221229 1.22815e+26 1.66
-0.694047 0.288156 1.22528e+26 1.67
-0.663947 0.35236 1.22368e+26 1.68
-0.627606 0.413238 1.22336e+26 1.69
-0.585363 0.470215 1.22432e+26 1.7
-0.537609 0.522746 1.22656e+26 1.71
-0.484775 0.570316 1.23007e+26 1.72
-0.427341 0.61245 1.23482e+26 1.73
-0.365828 0.648709 1.2408e+26 1.74
-0.3008 0.678698 1.24798e+26 1.75
-0.232858 0.702067 1.25631e+26 1.76
-0.162642 0.71852 1.26575e+26 1.77
-0.0908244 0.727811 1.27624e+26 1.78
-0.0181094 0.729757 1.28771e+26 1.79
0.0547718 0.724238 1.30009e+26 1.8
0.127066 0.711201 1.31329e+26 1.81
0.198002 0.690669 1.3272e+26 1.82
0.266799 0.662741 1.3417e+26 1.83
0.332674 0.627597 1.35667e+26 1.84
0.394849 0.585505 1.37196e+26 1.85
0.452561 0.53682 1.38741e+26 1.86
0.505073 0.481985 1.40286e+26 1.87
0.551687 0.421535 1.41811e+26 1.88
0.591756 0.356093 1.43298e+26 1.89
0.624693 0.286364 1.44727e+26 1.9
0.649991 0.213136 1.46078e+26 1.91
0.66723 0.137263 1.4733e+26 1.92
0.676092 0.0596622 1.48464e+26 1.93
0.676369 -0.0187046 1.49462e+26 1.94
0.667976 -0.0968433 1.50306e+26 1.95
0.65095 -0.173746 1.50981e+26 1.96
0.625459 -0.248408 1.51476e+26 1.97
0.591799 -0.319849 1.51781e+26 1.98
0.550393 -0.38713 1.51891e+26 1.99
0.501778 -0.449374 1.51804e+26 2
0.446603 -0.505781 1.51521e+26 2.01
0.385608 -0.555643 1.51047e+26 2.02
0.319614 -0.598356 1.50392e+26 2.03
0.249503 -0.633431 1.49567e+26 2.04
0.176202 -0.660495 1.48587e+26 2.05
0.100665 -0.679299 1.47468e+26 2.06
0.0238525 -0.689712 1.46228e+26 2.07
-0.0532801 -0.691724 1.44888e+26 2.08
-0.129801 -0.685432 1.43466e+26 2.09
-0.204815 -0.671041 1.41985e+26 2.1
-0.277473 -0.64885 1.40462e+26 2.11
-0.346982 -0.61924 1.38919e+26 2.12
-0.412612 -0.58267 1.37372e+26 2.13
-0.473703 -0.539662 1.35839e+26 2.14
-0.529663 -0.490792 1.34337e+26 2.15
-0.579979 -0.436677 1.32879e+26 2.16
-0.624209 -0.377973 1.31479e+26 2.17
-0.661987 -0.315358 1.30149e+26 2.18
-0.693019 -0.249528 1.28899e+26 2.19
-0.717085 -0.181193 1.27738e+26 2.2
-0.734031 -0.111065 1.26676e+26 2.21
-0.743772 -0.0398549 1.25717e+26 2.22
-0.746289 0.0317311 1.24869e+26 2.23
-0.741621 0.102998 1.24135e+26 2.24
-0.729869 0.173265 1.23521e+26 2.25
-0.711191 0.241868 1.2303e+26 2.26
-0.685797 0.308166 1.22663e+26 2.27
-0.653951 0.37154 1.22423e+26 2.28
-0.615967 0.431398 1.2231e+26 2.29
-0.572205 0.487178 1.22327e+26 2.3
-0.523073 0.538349 1.22471e+26 2.31
-0.469023 0.584416 1.22744e+26 2.32
-0.410549 0.624922 1.23142e+26 2.33
-0.348185 0.65945 1.23666e+26 2.34
-0.282504 0.687627 1.24311e+26 2.35
-0.214115 0.709128 1.25074e+26 2.36
-0.143662 0.72368 1.25952e+26 2.37
-0.0718187 0.731063 1.26938e+26 2.38
0.000712004 0.731119 1.28028e+26 2.39
0.0732041 0.723751 1.29213e+26 2.4
0.144912 0.70893 1.30486e+26 2.41
0.215077 0.6867 1.31836e+26 2.42
0.28293 0.65718 1.33254e+26 2.43
0.347704 0.62057 1.34727e+26 2.44
0.408638 0.577151 1.36241e+26 2.45
0.464989 0.527292 1.37781e+26 2.46
0.516042 0.471445 1.39332e+26 2.47
0.561117 0.410152 1.40875e+26 2.48
0.599587 0.344038 1.42391e+26 2.49
0.630888 0.273813 1.43862e+26 2.5
0.65453 0.200259 1.45267e+26 2.51
0.67011 0.12423 1.46586e+26 2.52
0.677328 0.0466344 1.47799e+26 2.53
0.675988 -0.0315703 1.48886e+26 2.54
0.666017 -0.109398 1.49829e+26 2.55
0.647463 -0.185847 1.50613e+26 2.56
0.620504 -0.259921 1.51223e+26 2.57
0.585443 -0.330646 1.51648e+26 2.58
0.542709 -0.397089 1.5188e+26 2.59
0.49285 -0.458377 1.51915e+26 2.6
0.43652 -0.513717 1.51753e+26 2.61
0.374468 -0.562404 1.51395e+26 2.62
0.307524 -0.60384 1.5085e+26 2.63
0.236581 -0.637542 1.50126e+26 2.64
0.162576 -0.663146 1.49237e+26 2.65
0.086474 -0.680409 1.48199e+26 2.66
0.0092477 -0.689215 1.47028e+26 2.67
-0.068138 -0.689565 1.45744e+26 2.68
-0.144742 -0.681573 1.44366e+26 2.69
-0.219661 -0.665461 1.42916e+26 2.7
-0.29204 -0.641546 1.41412e+26 2.71
-0.361084 -0.610233 1.39875e+26 2.72
-0.426062 -0.572002 1.38323e+26 2.73
-0.486315 -0.527396 1.36776e+26 2.74
-0.541261 -0.477013 1.35249e+26 2.75
-0.590392 -0.421494 1.33759e+26 2.76
-0.63328 -0.361514 1.32318e+26 2.77
-0.669573 -0.29777 1.30941e+26 2.78
-0.698994 -0.230978 1.29638e+26 2.79
-0.721343 -0.16186 1.28419e+26 2.8
-0.736486 -0.0911409 1.27293e+26 2.81
-0.744363 -0.0195425 1.26267e+26 2.82
-0.744976 0.0522229 1.25349e+26 2.83
-0.738391 0.123456 1.24544e+26 2.84
-0.724733 0.193475 1.23855e+26 2.85
-0.704183 0.26162 1.23288e+26 2.86
-0.676977 0.327252 1.22844e+26 2.87
-0.643403 0.389761 1.22526e+26 2.88
-0.603795 0.448566 1.22335e+26 2.89
-0.558537 0.503118 1.22274e+26 2.9
-0.508055 0.552903 1.2234e+26 2.91
-0.452817 0.597443 1.22536e+26 2.92
-0.393332 0.636301 1.22859e+26 2.93
-0.330148 0.66908 1.23307e+26 2.94
-0.263847 0.695432 1.2388e+26 2.95
-0.195045 0.715056 1.24573e+26 2.96
-0.12439 0.727701 1.25384e+26 2.97
-0.0525567 0.733174 1.26306e+26 2.98
0.0197546 0.731339 1.27336e+26 2.99
0.0918228 0.722126 1.28466e+26 3
0.162911 0.705528 1.29689e+26 3.01
0.232269 0.681611 1.30996e+26 3.02
0.299145 0.650514 1.32376e+26 3.03
0.362786 0.612454 1.3382e+26 3.04
0.422449 0.567729 1.35313e+26 3.05
0.477411 0.516718 1.36842e+26 3.06
0.526975 0.459886 1.38391e+26 3.07
0.570486 0.39778 1.39943e+26 3.08
0.607336 0.33103 1.41481e+26 3.09
0.636981 0.260345 1.42984e+26 3.1
0.658951 0.186506 1.44434e+26 3.11
0.672862 0.110362 1.45811e+26 3.12
0.678429 0.0328177 1.47092e+26 3.13
0.675471 -0.045178 1.4826e+26 3.14
0.663928 -0.122646 1.49295e+26 3.15
0.643859 -0.198595 1.50179e+26 3.16
0.615449 -0.272034 1.50898e+26 3.17
0.579011 -0.341998 1.51438e+26 3.18
0.534982 -0.40756 1.51789e+26 3.19
0.483914 -0.467856 1.51945e+26 3.2
0.426469 -0.522095 1.51903e+26 3.21
0.363405 -0.569579 1.51663e+26 3.22
0.295559 -0.609718 1.51231e+26 3.23
0.223833 -0.642032 1.50614e+26 3.24
0.149175 -0.666166 1.49822e+26 3.25
0.0725592 -0.681887 1.48871e+26 3.26
-0.00503177 -0.689088 1.47777e+26 3.27
-0.082623 -0.687783 1.46558e+26 3.28
-0.159265 -0.678103 1.45232e+26 3.29
-0.234046 -0.660286 1.43821e+26 3.3
-0.306106 -0.634668 1.42344e+26 3.31
-0.374647 -0.601674 1.40822e+26 3.32
-0.438938 -0.561806 1.39274e+26 3.33
-0.498323 -0.515629 1.3772e+26 3.34
-0.552226 -0.463763 1.36176e+26 3.35
-0.600147 -0.406871 1.34659e+26 3.36
-0.64167 -0.345647 1.33184e+26 3.37
-0.676458 -0.280808 1.31764e+26 3.38
-0.704252 -0.213087 1.30412e+26 3.39
-0.72487 -0.143221 1.29139e+26 3.4
-0.738201 -0.071947 1.27954e+26 3.41
-0.744206 3.54579e-06 1.26865e+26 3.42
-0.742912 0.0719116 1.2588e+26 3.43
-0.734409 0.143075 1.25004e+26 3.44
-0.718846 0.21281 1.24243e+26 3.45
-0.696432 0.280459 1.23601e+26 3.46
-0.667425 0.34539 1.23081e+26 3.47
-0.632135 0.407001 1.22686e+26 3.48
-0.590922 0.464721 1.22418e+26 3.49
-0.544187 0.518016 1.22278e+26 3.5
-0.492377 0.566387 1.22267e+26 3.51
-0.435978 0.609375 1.22385e+26 3.52
-0.375512 0.646561 1.22631e+26 3.53
-0.311539 0.677574 1.23005e+26 3.54
-0.244651 0.702085 1.23503e+26 3.55
-0.175471 0.719817 1.24124e+26 3.56
-0.10465 0.730547 1.24865e+26 3.57
-0.0328634 0.734104 1.25721e+26 3.58
0.0391904 0.730379 1.26687e+26 3.59
0.110796 0.719323 1.27758e+26 3.6
0.181226 0.700955 1.28927e+26 3.61
0.249741 0.675362 1.30185e+26 3.62
0.315602 0.642702 1.31523e+26 3.63
0.378073 0.603211 1.32932e+26 3.64
0.436431 0.557202 1.34397e+26 3.65
0.48997 0.505067 1.35908e+26 3.66
0.538016 0.44728 1.37448e+26 3.67
0.579934 0.384395 1.39001e+26 3.68
0.615138 0.317046 1.40551e+26 3.69
0.643106 0.245941 1.42079e+26 3.7
0.663388 0.171861 1.43565e+26 3.71
0.675618 0.0956503 1.4499e+26 3.72
0.679528 0.0182062 1.46333e+26 3.73
0.674953 -0.05953 1.47573e+26 3.74
0.661844 -0.136588 1.48692e+26 3.75
0.640272 -0.211985 1.49671e+26 3.76
0.610432 -0.284741 1.50493e+26 3.77
0.572644 -0.353898 1.51144e+26 3.78
0.527351 -0.418537 1.51611e+26 3.79
0.475112 -0.477802 1.51887e+26 3.8
0.416597 -0.530907 1.51966e+26 3.81
0.352567 -0.577164 1.51846e+26 3.82
0.283869 -0.615984 1.5153e+26 3.83
0.211413 -0.646897 1.51023e+26 3.84
0.136153 -0.669554 1.50335e+26 3.85
0.0590742 -0.683731 1.49479e+26 3.86
-0.0188312 -0.689332 1.48468e+26 3.87
-0.0965795 -0.686384 1.47321e+26 3.88
-0.173213 -0.67503 1.46057e+26 3.89
-0.247812 -0.655527 1.44693e+26 3.9
-0.319514 -0.628228 1.43253e+26 3.91
-0.387515 -0.593579 1.41754e+26 3.92
-0.451086 -0.552101 1.40218e+26 3.93
-0.509573 -0.504383 1.38665e+26 3.94
-0.562404 -0.451065 1.37111e+26 3.95
-0.609091 -0.392832 1.35574e+26 3.96
-0.649229 -0.330398 1.34071e+26 3.97
-0.682495 -0.2645 1.32615e+26 3.98
-0.708647 -0.195885 1.3122e+26 3.99
-0.727522 -0.125307 1.29897e+26 4
-0.739032 -0.0535151 1.28657e+26 4.01
-0.74316 0.0187506 1.27508e+26 4.02
-0.739957 0.0907645 1.26459e+26 4.03
-0.729538 0.16182 1.25516e+26 4.04
-0.712077 0.231236 1.24685e+26 4.05
-0.687807 0.298354 1.2397e+26 4.06
-0.657011 0.36255 1.23375e+26 4.07
-0.620023 0.42323 1.22904e+26 4.08
-0.577223 0.479836 1.22558e+26 4.09
-0.529036 0.531845 1.2234e+26 4.1
-0.475925 0.578777 1.2225e+26 4.11
-0.418394 0.620189 1.22289e+26 4.12
-0.356979 0.655686 1.22457e+26 4.13
-0.292252 0.684915 1.22753e+26 4.14
-0.224813 0.707573 1.23175e+26 4.15
-0.155294 0.723408 1.23721e+26 4.16
-0.0843458 0.732218 1.24389e+26 4.17
-0.0126465 0.73386 1.25175e+26 4.18
0.0591098 0.728249 1.26075e+26 4.19
0.130214 0.715361 1.27082e+26 4.2
0.199945 0.695236 1.28192e+26 4.21
0.267578 0.667984 1.29396e+26 4.22
0.332388 0.633783 1.30687e+26 4.23
0.393655 0.592887 1.32054e+26 4.24
0.450674 0.545624 1.33486e+26 4.25
0.502761 0.492398 1.34971e+26 4.26
0.549262 0.433694 1.36494e+26 4.27
0.589564 0.37007 1.38042e+26 4.28
0.623104 0.302165 1.39597e+26 4.29
0.649381 0.230687 1.41141e+26 4.3
0.667964 0.156414 1.42656e+26 4.31
0.678509 0.0801858 1.44121e+26 4.32
0.680764 0.00289226 1.45518e+26 4.33
0.674579 -0.0745338 1.46824e+26 4.34
0.659918 -0.151132 1.48021e+26 4.35
0.636864 -0.225929 1.49089e+26 4.36
0.60562 -0.297956 1.5001e+26 4.37
0.566514 -0.366263 1.50768e+26 4.38
0.519995 -0.429942 1.51351e+26 4.39
0.466628 -0.488142 1.51746e+26 4.4
0.407087 -0.540088 1.51947e+26 4.41
0.342141 -0.585095 1.51949e+26 4.42
0.27264 -0.622583 1.51754e+26 4.43
0.199503 -0.652087 1.51364e+26 4.44
0.123692 -0.673266 1.50787e+26 4.45
0.0461985 -0.685904 1.50032e+26 4.46
-0.031975 -0.689915 1.49115e+26 4.47
-0.109837 -0.685336 1.4805e+26 4.48
-0.186421 -0.672328 1.46855e+26 4.49
-0.260802 -0.651159 1.45549e+26 4.5
-0.33211 -0.622203 1.44154e+26 4.51
-0.399541 -0.585924 1.42688e+26 4.52
-0.462363 -0.542864 1.41172e+26 4.53
-0.519927 -0.493632 1.39627e+26 4.54
-0.571666 -0.438892 1.3807e+26 4.55
-0.617099 -0.379348 1.36521e+26 4.56
-0.655833 -0.315735 1.34995e+26 4.57
-0.687561 -0.248808 1.33508e+26 4.58
-0.712058 -0.179332 1.32074e+26 4.59
-0.72918 -0.108075 1.30705e+26 4.6
-0.738861 -0.0357985 1.29413e+26 4.61
-0.741106 0.0367482 1.28207e+26 4.62
-0.735991 0.108833 1.27096e+26 4.63
-0.723655 0.179747 1.26087e+26 4.64
-0.704299 0.248807 1.25187e+26 4.65
-0.678178 0.315361 1.244e+26 4.66
-0.645601 0.378787 1.23732e+26 4.67
-0.606925 0.438503 1.23186e+26 4.68
-0.562553 0.49396 1.22764e+26 4.69
-0.512929 0.544653 1.22468e+26 4.7
-0.458536 0.590115 1.22301e+26 4.71
-0.399894 0.629925 1.22262e+26 4.72
-0.337553 0.663705 1.22352e+26 4.73
-0.272097 0.691128 1.22571e+26 4.74
-0.204136 0.711912 1.22917e+26 4.75
-0.134305 0.725829 1.23388e+26 4.76
-0.0632607 0.732704 1.23983e+26 4.77
0.00831998 0.732418 1.24698e+26 4.78
0.0797458 0.72491 1.25529e+26 4.79
0.150313 0.71018 1.26471e+26 4.8
0.219312 0.688293 1.27519e+26 4.81
0.286027 0.65938 1.28666e+26 4.82
0.349749 0.623639 1.29904e+26 4.83
0.409774 0.581342 1.31225e+26 4.84
0.465416 0.532831 1.32617e+26 4.85
0.516011 0.478526 1.3407e+26 4.86
0.560928 0.418918 1.3557e+26 4.87
0.599576 0.354576 1.37103e+26 4.88
0.631414 0.286138 1.38653e+26 4.89
0.655962 0.214316 1.40204e+26 4.9
0.672813 0.139885 1.41736e+26 4.91
0.681641 0.0636779 1.43232e+26 4.92
0.682213 -0.0134209 1.4467e+26 4.93
0.674395 -0.0904881 1.46031e+26 4.94
0.658166 -0.166574 1.47295e+26 4.95
0.633619 -0.240715 1.48441e+26 4.96
0.600968 -0.311954 1.49452e+26 4.97
0.560549 -0.379352 1.50309e+26 4.98
0.512818 -0.442012 0 4.99
