0.72 0 0
0.72 0 0.01
1.44 0 0.02
2.88 0 0.03
5.76 0 0.04
11.52 0 0.05
23.04 0 0.06
46.08 0 0.07
92.16 0 0.08
184.32 0 0.09
368.64 0 0.1
737.28 0 0.11
1474.56 0 0.12
2949.12 0 0.13
5898.24 0 0.14
11796.5 0 0.15
23593 0 0.16
47185.9 0 0.17
94371.8 0 0.18
188744 0 0.19
377487 0 0.2
754975 0 0.21
1.50995e+06 0 0.22
3.0199e+06 0 0.23
6.0398e+06 0 0.24
1.20796e+07 0 0.25
2.41592e+07 0 0.26
4.83184e+07 0 0.27
9.66368e+07 0 0.28
1.93274e+08 0 0.29
3.86547e+08 0 0.3
7.73094e+08 0 0.31
1.54619e+09 0 0.32
3.09238e+09 0 0.33
6.18475e+09 0 0.34
1.23695e+10 0 0.35
2.4739e+10 0 0.36
4.9478e+10 0 0.37
9.8956e+10 0 0.38
1.97912e+11 0 0.39
3.95824e+11 0 0.4
7.91648e+11 0 0.41
1.5833e+12 0 0.42
3.16659e+12 0 0.43
6.33319e+12 0 0.44
1.26664e+13 0 0.45
2.53327e+13 0 0.46
5.06655e+13 0 0.47
1.01331e+14 0 0.48
2.02662e+14 0 0.49
4.05324e+14 0 0.5
8.10648e+14 0 0.51
1.6213e+15 0 0.52
3.24259e+15 0 0.53
6.48518e+15 0 0.54
1.29704e+16 0 0.55
2.59407e+16 0 0.56
5.18815e+16 0 0.57
1.03763e+17 0 0.58
2.07526e+17 0 0.59
4.15052e+17 0 0.6
8.30103e+17 0 0.61
1.66021e+18 0 0.62
3.32041e+18 0 0.63
6.64083e+18 0 0.64
1.32817e+19 0 0.65
2.65633e+19 0 0.66
5.31266e+19 0 0.67
1.06253e+20 0 0.68
2.12506e+20 0 0.69
4.25013e+20 0 0.7
8.50026e+20 0 0.71
1.70005e+21 0 0.72
3.4001e+21 0 0.73
6.80021e+21 0 0.74
1.36004e+22 0 0.75
2.72008e+22 0 0.76
5.44017e+22 0 0.77
1.08803e+23 0 0.78
2.17607e+23 0 0.79
4.35213e+23 0 0.8
8.70427e+23 0 0.81
1.74085e+24 0 0.82
3.48171e+24 0 0.83
6.96341e+24 0 0.84
1.39268e+25 0 0.85
2.78537e+25 0 0.86
5.57073e+25 0 0.87
1.11415e+26 0 0.88
2.22829e+26 0 0.89
4.45658e+26 0 0.9
8.91317e+26 0 0.91
1.78263e+27 0 0.92
3.56527e+27 0 0.93
7.13053e+27 0 0.94
1.42611e+28 0 0.95
2.85221e+28 0 0.96
5.70443e+28 0 0.97
1.14089e+29 0 0.98
2.28177e+29 0 0.99
4.56354e+29 0 1
9.12708e+29 0 1.01
1.82542e+30 0 1.02
3.65083e+30 0 1.03
7.30167e+30 0 1.04
1.46033e+31 0 1.05
2.92067e+31 0 1.06
5.84133e+31 0 1.07
1.16827e+32 0 1.08
2.33653e+32 0 1.09
4.67307e+32 0 1.1
9.34613e+32 0 1.11
1.86923e+33 0 1.12
3.73845e+33 0 1.13
7.47691e+33 0 1.14
1.49538e+34 0 1.15
2.99076e+34 0 1.16
5.98153e+34 0 1.17
1.19631e+35 0 1.18
2.39261e+35 0 1.19
4.78522e+35 0 1.2
9.57044e+35 0 1.21
1.91409e+36 0 1.22
3.82818e+36 0 1.23
7.65635e+36 0 1.24
1.53127e+37 0 1.25
3.06254e+37 0 1.26
6.12508e+37 0 1.27
1.22502e+38 0 1.28
2.45003e+38 0 1.29
4.90007e+38 0 1.3
9.80013e+38 0 1.31
1.96003e+39 0 1.32
3.92005e+39 0 1.33
7.84011e+39 0 1.34
1.56802e+40 0 1.35
3.13604e+40 0 1.36
6.27208e+40 0 1.37
1.25442e+41 0 1.38
2.50883e+41 0 1.39
5.01767e+41 0 1.4
1.00353e+42 0 1.41
2.00707e+42 0 1.42
4.01413e+42 0 1.43
8.02827e+42 0 1.44
1.60565e+43 0 1.45
3.21131e+43 0 1.46
6.42261e+43 0 1.47
1.28452e+44 0 1.48
2.56905e+44 0 1.49
5.13809e+44 0 1.5
1.02762e+45 0 1.51
2.05524e+45 0 1.52
4.11047e+45 0 1.53
8.22095e+45 0 1.54
1.64419e+46 0 1.55
3.28838e+46 0 1.56
6.57676e+46 0 1.57
1.31535e+47 0 1.58
2.6307e+47 0 1.59
5.26141e+47 0 1.6
1.05228e+48 0 1.61
2.10456e+48 0 1.62
4.20912e+48 0 1.63
8.41825e+48 0 1.64
1.68365e+49 0 1.65
3.3673e+49 0 1.66
6.7346e+49 0 1.67
1.34692e+50 0 1.68
2.69384e+50 0 1.69
5.38768e+50 0 1.7
1.07754e+51 0 1.71
2.15507e+51 0 1.72
4.31014e+51 0 1.73
8.62029e+51 0 1.74
1.72406e+52 0 1.75
3.44811e+52 0 1.76
6.89623e+52 0 1.77
1.37925e+53 0 1.78
2.75849e+53 0 1.79
5.51698e+53 0 1.8
1.1034e+54 0 1.81
2.20679e+54 0 1.82
4.41359e+54 0 1.83
8.82717e+54 0 1.84
1.76543e+55 0 1.85
3.53087e+55 0 1.86
7.06174e+55 0 1.87
1.41235e+56 0 1.88
2.8247e+56 0 1.89
5.64939e+56 0 1.9
1.12988e+57 0 1.91
2.25976e+57 0 1.92
4.51951e+57 0 1.93
9.03903e+57 0 1.94
1.80781e+58 0 1.95
3.61561e+58 0 1.96
7.23122e+58 0 1.97
1.44624e+59 0 1.98
2.89249e+59 0 1.99
5.78498e+59 0 2
1.157e+60 0 2.01
2.31399e+60 0 2.02
4.62798e+60 0 2.03
9.25596e+60 0 2.04
1.85119e+61 0 2.05
3.70239e+61 0 2.06
7.40477e+61 0 2.07
1.48095e+62 0 2.08
2.96191e+62 0 2.09
5.92382e+62 0 2.1
1.18476e+63 0 2.11
2.36953e+63 0 2.12
4.73905e+63 0 2.13
9.47811e+63 0 2.14
1.89562e+64 0 2.15
3.79124e+64 0 2.16
7.58249e+64 0 2.17
1.5165e+65 0 2.18
3.03299e+65 0 2.19
6.06599e+65 0 2.2
1.2132e+66 0 2.21
2.4264e+66 0 2.22
4.85279e+66 0 2.23
9.70558e+66 0 2.24
1.94112e+67 0 2.25
3.88223e+67 0 2.26
7.76446e+67 0 2.27
1.55289e+68 0 2.28
3.10579e+68 0 2.29
6.21157e+68 0 2.3
1.24231e+69 0 2.31
2.48463e+69 0 2.32
4.96926e+69 0 2.33
9.93851e+69 0 2.34
1.9877e+70 0 2.35
3.97541e+70 0 2.36
7.95081e+70 0 2.37
1.59016e+71 0 2.38
3.18032e+71 0 2.39
6.36065e+71 0 2.4
1.27213e+72 0 2.41
2.54426e+72 0 2.42
5.08852e+72 0 2.43
1.0177e+73 0 2.44
2.03541e+73 0 2.45
4.07082e+73 0 2.46
8.14163e+73 0 2.47
1.62833e+74 0 2.48
3.25665e+74 0 2.49
6.51331e+74 0 2.5
1.30266e+75 0 2.51
2.60532e+75 0 2.52
5.21064e+75 0 2.53
1.04213e+76 0 2.54
2.08426e+76 0 2.55
4.16852e+76 0 2.56
8.33703e+76 0 2.57
1.66741e+77 0 2.58
3.33481e+77 0 2.59
6.66962e+77 0 2.6
1.33392e+78 0 2.61
2.66785e+78 0 2.62
5.3357e+78 0 2.63
1.06714e+79 0 2.64
2.13428e+79 0 2.65
4.26856e+79 0 2.66
8.53712e+79 0 2.67
1.70742e+80 0 2.68
3.41485e+80 0 2.69
6.8297e+80 0 2.7
1.36594e+81 0 2.71
2.73188e+81 0 2.72
5.46376e+81 0 2.73
1.09275e+82 0 2.74
2.1855e+82 0 2.75
4.37101e+82 0 2.76
8.74201e+82 0 2.77
1.7484e+83 0 2.78
3.4968e+83 0 2.79
6.99361e+83 0 2.8
1.39872e+84 0 2.81
2.79744e+84 0 2.82
5.59489e+84 0 2.83
1.11898e+85 0 2.84
2.23795e+85 0 2.85
4.47591e+85 0 2.86
8.95182e+85 0 2.87
1.79036e+86 0 2.88
3.58073e+86 0 2.89
7.16145e+86 0 2.9
1.43229e+87 0 2.91
2.86458e+87 0 2.92
5.72916e+87 0 2.93
1.14583e+88 0 2.94
2.29167e+88 0 2.95
4.58333e+88 0 2.96
9.16666e+88 0 2.97
1.83333e+89 0 2.98
3.66666e+89 0 2.99
7.33333e+89 0 3
1.46667e+90 0 3.01
2.93333e+90 0 3.02
5.86666e+90 0 3.03
1.17333e+91 0 3.04
2.34667e+91 0 3.05
4.69333e+91 0 3.06
9.38666e+91 0 3.07
1.87733e+92 0 3.08
3.75466e+92 0 3.09
7.50933e+92 0 3.1
1.50187e+93 0 3.11
3.00373e+93 0 3.12
6.00746e+93 0 3.13
1.20149e+94 0 3.14
2.40299e+94 0 3.15
4.80597e+94 0 3.16
9.61194e+94 0 3.17
1.92239e+95 0 3.18
3.84478e+95 0 3.19
7.68955e+95 0 3.2
1.53791e+96 0 3.21
3.07582e+96 0 3.22
6.15164e+96 0 3.23
1.23033e+97 0 3.24
2.46066e+97 0 3.25
4.92131e+97 0 3.26
9.84263e+97 0 3.27
1.96853e+98 0 3.28
3.93705e+98 0 3.29
7.8741e+98 0 3.3
1.57482e+99 0 3.31
3.14964e+99 0 3.32
6.29928e+99 0 3.33
1.25986e+100 0 3.34
2.51971e+100 0 3.35
5.03943e+100 0 3.36
1.00789e+101 0 3.37
2.01577e+101 0 3.38
4.03154e+101 0 3.39
8.06308e+101 0 3.4
1.61262e+102 0 3.41
3.22523e+102 0 3.42
6.45046e+102 0 3.43
1.29009e+103 0 3.44
2.58019e+103 0 3.45
5.16037e+103 0 3.46
1.03207e+104 0 3.47
2.06415e+104 0 3.48
4.1283e+104 0 3.49
8.2566e+104 0 3.5
1.65132e+105 0 3.51
3.30264e+105 0 3.52
6.60528e+105 0 3.53
1.32106e+106 0 3.54
2.64211e+106 0 3.55
5.28422e+106 0 3.56
1.05684e+107 0 3.57
2.11369e+107 0 3.58
4.22738e+107 0 3.59
8.45475e+107 0 3.6
1.69095e+108 0 3.61
3.3819e+108 0 3.62
6.7638e+108 0 3.63
1.35276e+109 0 3.64
2.70552e+109 0 3.65
5.41104e+109 0 3.66
1.08221e+110 0 3.67
2.16442e+110 0 3.68
4.32883e+110 0 3.69
8.65767e+110 0 3.7
1.73153e+111 0 3.71
3.46307e+111 0 3.72
6.92613e+111 0 3.73
1.38523e+112 0 3.74
2.77045e+112 0 3.75
5.54091e+112 0 3.76
1.10818e+113 0 3.77
2.21636e+113 0 3.78
4.43273e+113 0 3.79
8.86545e+113 0 3.8
1.77309e+114 0 3.81
3.54618e+114 0 3.82
7.09236e+114 0 3.83
1.41847e+115 0 3.84
2.83694e+115 0 3.85
5.67389e+115 0 3.86
1.13478e+116 0 3.87
2.26956e+116 0 3.88
4.53911e+116 0 3.89
9.07822e+116 0 3.9
1.81564e+117 0 3.91
3.63129e+117 0 3.92
7.26258e+117 0 3.93
1.45252e+118 0 3.94
2.90503e+118 0 3.95
5.81006e+118 0 3.96
1.16201e+119 0 3.97
2.32402e+119 0 3.98
4.64805e+119 0 3.99
9.2961e+119 0 4
1.85922e+120 0 4.01
3.71844e+120 0 4.02
7.43688e+120 0 4.03
1.48738e+121 0 4.04
2.97475e+121 0 4.05
5.9495e+121 0 4.06
1.1899e+122 0 4.07
2.3798e+122 0 4.08
4.7596e+122 0 4.09
9.51921e+122 0 4.1
1.90384e+123 0 4.11
3.80768e+123 0 4.12
7.61536e+123 0 4.13
1.52307e+124 0 4.14
3.04615e+124 0 4.15
6.09229e+124 0 4.16
1.21846e+125 0 4.17
2.43692e+125 0 4.18
4.87383e+125 0 4.19
9.74767e+125 0 4.2
1.94953e+126 0 4.21
3.89907e+126 0 4.22
7.79813e+126 0 4.23
1.55963e+127 0 4.24
3.11925e+127 0 4.25
6.23851e+127 0 4.26
1.2477e+128 0 4.27
2.4954e+128 0 4.28
4.99081e+128 0 4.29
9.98161e+128 0 4.3
1.99632e+129 0 4.31
3.99264e+129 0 4.32
7.98529e+129 0 4.33
1.59706e+130 0 4.34
3.19412e+130 0 4.35
6.38823e+130 0 4.36
1.27765e+131 0 4.37
2.55529e+131 0 4.38
5.11058e+131 0 4.39
1.02212e+132 0 4.4
2.04423e+132 0 4.41
4.08847e+132 0 4.42
8.17694e+132 0 4.43
1.63539e+133 0 4.44
3.27077e+133 0 4.45
6.54155e+133 0 4.46
1.30831e+134 0 4.47
2.61662e+134 0 4.48
5.23324e+134 0 4.49
1.04665e+135 0 4.5
2.0933e+135 0 4.51
4.18659e+135 0 4.52
8.37318e+135 0 4.53
1.67464e+136 0 4.54
3.34927e+136 0 4.55
6.69855e+136 0 4.56
1.33971e+137 0 4.57
2.67942e+137 0 4.58
5.35884e+137 0 4.59
1.07177e+138 0 4.6
2.14353e+138 0 4.61
4.28707e+138 0 4.62
8.57414e+138 0 4.63
1.71483e+139 0 4.64
3.42966e+139 0 4.65
6.85931e+139 0 4.66
1.37186e+140 0 4.67
2.74372e+140 0 4.68
5.48745e+140 0 4.69
1.09749e+141 0 4.7
2.19498e+141 0 4.71
4.38996e+141 0 4.72
8.77992e+141 0 4.73
1.75598e+142 0 4.74
3.51197e+142 0 4.75
7.02393e+142 0 4.76
1.40479e+143 0 4.77
2.80957e+143 0 4.78
5.61915e+143 0 4.79
1.12383e+144 0 4.8
2.24766e+144 0 4.81
4.49532e+144 0 4.82
8.99064e+144 0 4.83
1.79813e+145 0 4.84
3.59625e+145 0 4.85
7.19251e+145 0 4.86
1.4385e+146 0 4.87
2.877e+146 0 4.88
5.75401e+146 0 4.89
1.1508e+147 0 4.9
2.3016e+147 0 4.91
4.60321e+147 0 4.92
9.20641e+147 0 4.93
1.84128e+148 0 4.94
3.68256e+148 0 4.95
7.36513e+148 0 4.96
1.47303e+149 0 4.97
2.94605e+149 0 4.98
5.8921e+149 0 4.99
1.17842e+150 0 5
2.35684e+150 0 5.01
4.71368e+150 0 5.02
9.42736e+150 0 5.03
1.88547e+151 0 5.04
3.77095e+151 0 5.05
7.54189e+151 0 5.06
1.50838e+152 0 5.07
3.01676e+152 0 5.08
6.03351e+152 0 5.09
1.2067e+153 0 5.1
2.41341e+153 0 5.11
4.82681e+153 0 5.12
9.65362e+153 0 5.13
1.93072e+154 0 5.14
3.86145e+154 0 5.15
7.7229e+154 0 5.16
1.54458e+155 0 5.17
3.08916e+155 0 5.18
6.17832e+155 0 5.19
1.23566e+156 0 5.2
2.47133e+156 0 5.21
4.94265e+156 0 5.22
9.88531e+156 0 5.23
1.97706e+157 0 5.24
3.95412e+157 0 5.25
7.90825e+157 0 5.26
1.58165e+158 0 5.27
3.1633e+158 0 5.28
6.3266e+158 0 5.29
1.26532e+159 0 5.3
2.53064e+159 0 5.31
5.06128e+159 0 5.32
1.01226e+160 0 5.33
2.02451e+160 0 5.34
4.04902e+160 0 5.35
8.09804e+160 0 5.36
1.61961e+161 0 5.37
3.23922e+161 0 5.38
6.47844e+161 0 5.39
1.29569e+162 0 5.4
2.59137e+162 0 5.41
5.18275e+162 0 5.42
1.03655e+163 0 5.43
2.0731e+163 0 5.44
4.1462e+163 0 5.45
8.2924e+163 0 5.46
1.65848e+164 0 5.47
3.31696e+164 0 5.48
6.63392e+164 0 5.49
1.32678e+165 0 5.5
2.65357e+165 0 5.51
5.30713e+165 0 5.52
1.06143e+166 0 5.53
2.12285e+166 0 5.54
4.24571e+166 0 5.55
8.49142e+166 0 5.56
1.69828e+167 0 5.57
3.39657e+167 0 5.58
6.79313e+167 0 5.59
1.35863e+168 0 5.6
2.71725e+168 0 5.61
5.43451e+168 0 5.62
1.0869e+169 0 5.63
2.1738e+169 0 5.64
4.3476e+169 0 5.65
8.69521e+169 0 5.66
1.73904e+170 0 5.67
3.47808e+170 0 5.68
6.95617e+170 0 5.69
1.39123e+171 0 5.7
2.78247e+171 0 5.71
5.56493e+171 0 5.72
1.11299e+172 0 5.73
2.22597e+172 0 5.74
4.45195e+172 0 5.75
8.90389e+172 0 5.76
1.78078e+173 0 5.77
3.56156e+173 0 5.78
7.12312e+173 0 5.79
1.42462e+174 0 5.8
2.84925e+174 0 5.81
5.69849e+174 0 5.82
1.1397e+175 0 5.83
2.2794e+175 0 5.84
4.55879e+175 0 5.85
9.11759e+175 0 5.86
1.82352e+176 0 5.87
3.64704e+176 0 5.88
7.29407e+176 0 5.89
1.45881e+177 0 5.9
2.91763e+177 0 5.91
5.83526e+177 0 5.92
1.16705e+178 0 5.93
2.3341e+178 0 5.94
4.66821e+178 0 5.95
9.33641e+178 0 5.96
1.86728e+179 0 5.97
3.73456e+179 0 5.98
7.46913e+179 0 5.99
1.49383e+180 0 6
2.98765e+180 0 6.01
5.9753e+180 0 6.02
1.19506e+181 0 6.03
2.39012e+181 0 6.04
4.78024e+181 0 6.05
9.56048e+181 0 6.06
1.9121e+182 0 6.07
3.82419e+182 0 6.08
7.64839e+182 0 6.09
1.52968e+183 0 6.1
3.05935e+183 0 6.11
6.11871e+183 0 6.12
1.22374e+184 0 6.13
2.44748e+184 0 6.14
4.89497e+184 0 6.15
9.78994e+184 0 6.16
1.95799e+185 0 6.17
3.91597e+185 0 6.18
7.83195e+185 0 6.19
1.56639e+186 0 6.2
3.13278e+186 0 6.21
6.26556e+186 0 6.22
1.25311e+187 0 6.23
2.50622e+187 0 6.24
5.01245e+187 0 6.25
1.00249e+188 0 6.26
2.00498e+188 0 6.27
4.00996e+188 0 6.28
8.01992e+188 0 6.29
1.60398e+189 0 6.3
3.20797e+189 0 6.31
6.41593e+189 0 6.32
1.28319e+190 0 6.33
2.56637e+190 0 6.34
5.13275e+190 0 6.35
1.02655e+191 0 6.36
2.0531e+191 0 6.37
4.1062e+191 0 6.38
8.21239e+191 0 6.39
1.64248e+192 0 6.4
3.28496e+192 0 6.41
6.56991e+192 0 6.42
1.31398e+193 0 6.43
2.62797e+193 0 6.44
5.25593e+193 0 6.45
1.05119e+194 0 6.46
2.10237e+194 0 6.47
4.20475e+194 0 6.48
8.40949e+194 0 6.49
1.6819e+195 0 6.5
3.3638e+195 0 6.51
6.72759e+195 0 6.52
1.34552e+196 0 6.53
2.69104e+196 0 6.54
5.38207e+196 0 6.55
1.07641e+197 0 6.56
2.15283e+197 0 6.57
4.30566e+197 0 6.58
8.61132e+197 0 6.59
1.72226e+198 0 6.6
3.44453e+198 0 6.61
6.88905e+198 0 6.62
1.37781e+199 0 6.63
2.75562e+199 0 6.64
5.51124e+199 0 6.65
1.10225e+200 0 6.66
2.2045e+200 0 6.67
4.40899e+200 0 6.68
8.81799e+200 0 6.69
1.7636e+201 0 6.7
3.5272e+201 0 6.71
7.05439e+201 0 6.72
1.41088e+202 0 6.73
2.82176e+202 0 6.74
5.64351e+202 0 6.75
1.1287e+203 0 6.76
2.25741e+203 0 6.77
4.51481e+203 0 6.78
9.02962e+203 0 6.79
1.80592e+204 0 6.8
3.61185e+204 0 6.81
7.2237e+204 0 6.82
1.44474e+205 0 6.83
2.88948e+205 0 6.84
5.77896e+205 0 6.85
1.15579e+206 0 6.86
2.31158e+206 0 6.87
4.62317e+206 0 6.88
9.24633e+206 0 6.89
1.84927e+207 0 6.9
3.69853e+207 0 6.91
7.39707e+207 0 6.92
1.47941e+208 0 6.93
2.95883e+208 0 6.94
5.91765e+208 0 6.95
1.18353e+209 0 6.96
2.36706e+209 0 6.97
4.73412e+209 0 6.98
9.46824e+209 0 6.99
1.89365e+210 0 7
3.7873e+210 0 7.01
7.5746e+210 0 7.02
1.51492e+211 0 7.03
3.02984e+211 0 7.04
6.05968e+211 0 7.05
1.21194e+212 0 7.06
2.42387e+212 0 7.07
4.84774e+212 0 7.08
9.69548e+212 0 7.09
1.9391e+213 0 7.1
3.87819e+213 0 7.11
7.75639e+213 0 7.12
1.55128e+214 0 7.13
3.10255e+214 0 7.14
6.20511e+214 0 7.15
1.24102e+215 0 7.16
2.48204e+215 0 7.17
4.96409e+215 0 7.18
9.92817e+215 0 7.19
1.98563e+216 0 7.2
3.97127e+216 0 7.21
7.94254e+216 0 7.22
1.58851e+217 0 7.23
3.17702e+217 0 7.24
6.35403e+217 0 7.25
1.27081e+218 0 7.26
2.54161e+218 0 7.27
5.08323e+218 0 7.28
1.01665e+219 0 7.29
2.03329e+219 0 7.3
4.06658e+219 0 7.31
8.13316e+219 0 7.32
1.62663e+220 0 7.33
3.25326e+220 0 7.34
6.50653e+220 0 7.35
1.30131e+221 0 7.36
2.60261e+221 0 7.37
5.20522e+221 0 7.38
1.04104e+222 0 7.39
2.08209e+222 0 7.4
4.16418e+222 0 7.41
8.32836e+222 0 7.42
1.66567e+223 0 7.43
3.33134e+223 0 7.44
6.66268e+223 0 7.45
1.33254e+224 0 7.46
2.66507e+224 0 7.47
5.33015e+224 0 7.48
1.06603e+225 0 7.49
2.13206e+225 0 7.5
4.26412e+225 0 7.51
8.52824e+225 0 7.52
1.70565e+226 0 7.53
3.41129e+226 0 7.54
6.82259e+226 0 7.55
1.36452e+227 0 7.56
2.72904e+227 0 7.57
5.45807e+227 0 7.58
1.09161e+228 0 7.59
2.18323e+228 0 7.6
4.36646e+228 0 7.61
8.73291e+228 0 7.62
1.74658e+229 0 7.63
3.49317e+229 0 7.64
6.98633e+229 0 7.65
1.39727e+230 0 7.66
2.79453e+230 0 7.67
5.58907e+230 0 7.68
1.11781e+231 0 7.69
2.23563e+231 0 7.7
4.47125e+231 0 7.71
8.9425e+231 0 7.72
1.7885e+232 0 7.73
3.577e+232 0 7.74
7.154e+232 0 7.75
1.4308e+233 0 7.76
2.8616e+233 0 7.77
5.7232e+233 0 7.78
1.14464e+234 0 7.79
2.28928e+234 0 7.8
4.57856e+234 0 7.81
9.15712e+234 0 7.82
1.83142e+235 0 7.83
3.66285e+235 0 7.84
7.3257e+235 0 7.85
1.46514e+236 0 7.86
2.93028e+236 0 7.87
5.86056e+236 0 7.88
1.17211e+237 0 7.89
2.34422e+237 0 7.9
4.68845e+237 0 7.91
9.3769e+237 0 7.92
1.87538e+238 0 7.93
3.75076e+238 0 7.94
7.50152e+238 0 7.95
1.5003e+239 0 7.96
3.00061e+239 0 7.97
6.00121e+239 0 7.98
1.20024e+240 0 7.99
2.40049e+240 0 8
4.80097e+240 0 8.01
9.60194e+240 0 8.02
1.92039e+241 0 8.03
3.84078e+241 0 8.04
7.68155e+241 0 8.05
1.53631e+242 0 8.06
3.07262e+242 0 8.07
6.14524e+242 0 8.08
1.22905e+243 0 8.09
2.4581e+243 0 8.1
4.91619e+243 0 8.11
9.83239e+243 0 8.12
1.96648e+244 0 8.13
3.93295e+244 0 8.14
7.86591e+244 0 8.15
1.57318e+245 0 8.16
3.14636e+245 0 8.17
6.29273e+245 0 8.18
1.25855e+246 0 8.19
2.51709e+246 0 8.2
5.03418e+246 0 8.21
1.00684e+247 0 8.22
2.01367e+247 0 8.23
4.02735e+247 0 8.24
8.05469e+247 0 8.25
1.61094e+248 0 8.26
3.22188e+248 0 8.27
6.44375e+248 0 8.28
1.28875e+249 0 8.29
2.5775e+249 0 8.3
5.155e+249 0 8.31
1.031e+250 0 8.32
2.062e+250 0 8.33
4.124e+250 0 8.34
8.248e+250 0 8.35
1.6496e+251 0 8.36
3.2992e+251 0 8.37
6.5984e+251 0 8.38
1.31968e+252 0 8.39
2.63936e+252 0 8.4
5.27872e+252 0 8.41
1.05574e+253 0 8.42
2.11149e+253 0 8.43
4.22298e+253 0 8.44
8.44596e+253 0 8.45
1.68919e+254 0 8.46
3.37838e+254 0 8.47
6.75677e+254 0 8.48
1.35135e+255 0 8.49
2.70271e+255 0 8.5
5.40541e+255 0 8.51
1.08108e+256 0 8.52
2.16216e+256 0 8.53
4.32433e+256 0 8.54
8.64866e+256 0 8.55
1.72973e+257 0 8.56
3.45946e+257 0 8.57
6.91893e+257 0 8.58
1.38379e+258 0 8.59
2.76757e+258 0 8.6
5.53514e+258 0 8.61
1.10703e+259 0 8.62
2.21406e+259 0 8.63
4.42811e+259 0 8.64
8.85623e+259 0 8.65
1.77125e+260 0 8.66
3.54249e+260 0 8.67
7.08498e+260 0 8.68
1.417e+261 0 8.69
2.83399e+261 0 8.7
5.66799e+261 0 8.71
1.1336e+262 0 8.72
2.26719e+262 0 8.73
4.53439e+262 0 8.74
9.06878e+262 0 8.75
1.81376e+263 0 8.76
3.62751e+263 0 8.77
7.25502e+263 0 8.78
1.451e+264 0 8.79
2.90201e+264 0 8.8
5.80402e+264 0 8.81
1.1608e+265 0 8.82
2.32161e+265 0 8.83
4.64321e+265 0 8.84
9.28643e+265 0 8.85
1.85729e+266 0 8.86
3.71457e+266 0 8.87
7.42914e+266 0 8.88
1.48583e+267 0 8.89
2.97166e+267 0 8.9
5.94331e+267 0 8.91
1.18866e+268 0 8.92
2.37733e+268 0 8.93
4.75465e+268 0 8.94
9.5093e+268 0 8.95
1.90186e+269 0 8.96
3.80372e+269 0 8.97
7.60744e+269 0 8.98
1.52149e+270 0 8.99
3.04298e+270 0 9
6.08595e+270 0 9.01
1.21719e+271 0 9.02
2.43438e+271 0 9.03
4.86876e+271 0 9.04
9.73752e+271 0 9.05
1.9475e+272 0 9.06
3.89501e+272 0 9.07
7.79002e+272 0 9.08
1.558e+273 0 9.09
3.11601e+273 0 9.1
6.23202e+273 0 9.11
1.2464e+274 0 9.12
2.49281e+274 0 9.13
4.98561e+274 0 9.14
9.97123e+274 0 9.15
1.99425e+275 0 9.16
3.98849e+275 0 9.17
7.97698e+275 0 9.18
1.5954e+276 0 9.19
3.19079e+276 0 9.2
6.38158e+276 0 9.21
1.27632e+277 0 9.22
2.55263e+277 0 9.23
5.10527e+277 0 9.24
1.02105e+278 0 9.25
2.04211e+278 0 9.26
4.08421e+278 0 9.27
8.16843e+278 0 9.28
1.63369e+279 0 9.29
3.26737e+279 0 9.3
6.53474e+279 0 9.31
1.30695e+280 0 9.32
2.6139e+280 0 9.33
5.22779e+280 0 9.34
1.04556e+281 0 9.35
2.09112e+281 0 9.36
4.18224e+281 0 9.37
8.36447e+281 0 9.38
1.67289e+282 0 9.39
3.34579e+282 0 9.4
6.69158e+282 0 9.41
1.33832e+283 0 9.42
2.67663e+283 0 9.43
5.35326e+283 0 9.44
1.07065e+284 0 9.45
2.1413e+284 0 9.46
4.28261e+284 0 9.47
8.56522e+284 0 9.48
1.71304e+285 0 9.49
3.42609e+285 0 9.5
6.85217e+285 0 9.51
1.37043e+286 0 9.52
2.74087e+286 0 9.53
5.48174e+286 0 9.54
1.09635e+287 0 9.55
2.1927e+287 0 9.56
4.38539e+287 0 9.57
8.77078e+287 0 9.58
1.75416e+288 0 9.59
3.50831e+288 0 9.6
7.01663e+288 0 9.61
1.40333e+289 0 9.62
2.80665e+289 0 9.63
5.6133e+289 0 9.64
1.12266e+290 0 9.65
2.24532e+290 0 9.66
4.49064e+290 0 9.67
8.98128e+290 0 9.68
1.79626e+291 0 9.69
3.59251e+291 0 9.7
7.18503e+291 0 9.71
1.43701e+292 0 9.72
2.87401e+292 0 9.73
5.74802e+292 0 9.74
1.1496e+293 0 9.75
2.29921e+293 0 9.76
4.59842e+293 0 9.77
9.19683e+293 0 9.78
1.83937e+294 0 9.79
3.67873e+294 0 9.8
7.35747e+294 0 9.81
1.47149e+295 0 9.82
2.94299e+295 0 9.83
5.88597e+295 0 9.84
1.17719e+296 0 9.85
2.35439e+296 0 9.86
4.70878e+296 0 9.87
9.41756e+296 0 9.88
1.88351e+297 0 9.89
3.76702e+297 0 9.9
7.53404e+297 0 9.91
1.50681e+298 0 9.92
3.01362e+298 0 9.93
6.02724e+298 0 9.94
1.20545e+299 0 9.95
2.41089e+299 0 9.96
4.82179e+299 0 9.97
9.64358e+299 0 9.98
1.92872e+300 0 9.99
